0	28.36968	430.1249
1	29.03326	221.4999
2	29.69669	0.0001
3	30.35998	0.0001
4	31.02312	0.0001
5	31.68612	0.0001
6	32.34897	0.0001
7	33.01168	0.0001
8	33.67424	0.0001
9	34.33666	0.0001
10	34.99894	0.0001
11	35.66106	0.0001
12	36.32305	0.0001
13	36.98489	0.0001
14	37.64658	0.0001
15	38.30814	1049.583
16	38.96954	1229.25
17	39.6308	1233.583
18	40.29192	0.0001
19	40.95289	0.0001
20	41.61372	0.0001
21	42.2744	0.0001
22	42.93494	0.0001
23	43.59533	12.58321
24	44.25558	8.583211
25	44.91568	800.9166
26	45.57564	789.9167
27	46.23545	755.25
28	46.89512	0.0001
29	47.55465	0.0001
30	48.21402	0.0001
31	48.87326	58.91655
32	49.53235	0.0001
33	50.1913	12.91654
34	50.85009	0.0001
35	51.50875	0.0001
36	52.16726	0.0001
37	52.82563	0.0001
38	53.48384	0.0001
39	54.14192	31.58321
40	54.79985	10.58321
41	55.45764	0.0001
42	56.11528	0.0001
43	56.77278	0.0001
44	57.43013	0.0001
45	58.08733	0.0001
46	58.7444	181.2499
47	59.40131	190.9165
48	60.05809	551.5832
49	60.71471	193.2499
50	61.3712	175.5832
51	62.02753	0.0001
52	62.68372	0.0001
53	63.33977	0.0001
54	63.99567	0.5832112
55	64.65143	73.91654
56	65.30704	17.58321
57	65.96251	196.5832
58	66.61784	226.2499
59	67.27301	183.9165
60	67.92805	0.0001
61	68.58293	0.0001
62	69.23768	81.58321
63	69.89227	158.5832
64	70.54672	0.0001
65	71.20103	0.0001
66	71.85519	0.0001
67	72.50922	0.0001
68	73.16309	0.0001
69	73.81681	0.0001
70	74.4704	0.0001
71	75.12383	0.0001
72	75.77712	0.0001
73	76.43027	0.0001
74	77.08327	0.0001
75	77.73613	20.24988
76	78.38884	0.0001
77	79.04141	0.0001
78	79.69383	0.0001
79	80.34611	12.58321
80	80.99824	0.0001
81	81.65022	23.58321
82	82.30207	77.91654
83	82.95377	184.5832
84	83.60532	146.5832
85	84.25672	57.58321
86	84.90798	0.0001
87	85.5591	0.0001
88	86.21007	0.0001
89	86.86089	0.0001
90	87.51157	58.58321
91	88.16211	14.91654
92	88.8125	0.0001
93	89.46274	0.0001
94	90.11284	0.0001
95	90.76279	0.0001
96	91.41261	13.24988
97	92.06227	48.91655
98	92.71178	31.58321
99	93.36116	0.0001
100	94.01038	0.0001
101	94.65947	0.0001
102	95.30841	0.0001
103	95.9572	0.0001
104	96.60584	0.0001
105	97.25435	0.0001
106	97.9027	0.0001
107	98.55092	0.0001
108	99.19898	0.0001
109	99.8469	0.0001
110	100.4947	0.0001
111	101.1423	459.2499
112	101.7898	493.9165
113	102.4371	506.5832
114	103.0843	43.24988
115	103.7314	43.24988
116	104.3783	64.58321
117	105.025	0.0001
118	105.6716	0.0001
119	106.3181	0.0001
120	106.9644	0.0001
121	107.6106	0.0001
122	108.2566	0.0001
123	108.9025	0.0001
124	109.5483	0.0001
125	110.1939	30.24988
126	110.8393	314.9165
127	111.4846	132.5832
128	112.1298	426.9165
129	112.7748	199.2499
130	113.4197	428.2499
131	114.0644	141.9165
132	114.709	108.5832
133	115.3534	0.0001
134	115.9977	0.0001
135	116.6418	0.0001
136	117.2858	0.0001
137	117.9297	0.0001
138	118.5734	0.0001
139	119.2169	0.0001
140	119.8603	0.0001
141	120.5036	0.0001
142	121.1467	0.0001
143	121.7897	0.0001
144	122.4325	0.0001
145	123.0752	0.0001
146	123.7178	0.0001
147	124.3602	0.0001
148	125.0024	0.0001
149	125.6445	0.0001
150	126.2865	0.0001
151	126.9283	0.0001
152	127.5699	0.0001
153	128.2115	0.0001
154	128.8528	0.0001
155	129.4941	0.0001
156	130.1351	73.58321
157	130.7761	148.2499
158	131.4169	483.5832
159	132.0575	365.9165
160	132.698	267.2499
161	133.3384	0.0001
162	133.9786	0.0001
163	134.6187	0.0001
164	135.2586	0.0001
165	135.8984	0.0001
166	136.538	0.0001
167	137.1775	0.0001
168	137.8168	25.24988
169	138.456	0.0001
170	139.095	0.0001
171	139.7339	0.0001
172	140.3727	0.0001
173	141.0113	0.0001
174	141.6498	0.0001
175	142.2881	0.0001
176	142.9263	22.24988
177	143.5643	68.91654
178	144.2022	72.91654
179	144.8399	66.24988
180	145.4775	67.91654
181	146.1149	34.91655
182	146.7522	0.0001
183	147.3894	0.0001
184	148.0264	0.0001
185	148.6632	0.0001
186	149.3	0.0001
187	149.9365	0.0001
188	150.5729	0.0001
189	151.2092	0.0001
190	151.8454	0.0001
191	152.4813	49.58321
192	153.1172	138.5832
193	153.7529	21.91654
194	154.3884	87.24988
195	155.0238	0.0001
196	155.6591	0.0001
197	156.2942	0.0001
198	156.9291	0.0001
199	157.564	62.58321
200	158.1986	71.91654
201	158.8332	0.0001
202	159.4675	0.0001
203	160.1018	0.0001
204	160.7359	0.0001
205	161.3698	0.0001
206	162.0036	0.0001
207	162.6373	4.249878
208	163.2708	0.0001
209	163.9041	39.91655
210	164.5373	0.0001
211	165.1704	0.0001
212	165.8033	0.0001
213	166.4361	0.0001
214	167.0687	0.0001
215	167.7012	0.0001
216	168.3335	0.0001
217	168.9657	0.0001
218	169.5978	0.0001
219	170.2297	0.0001
220	170.8614	0.0001
221	171.493	0.0001
222	172.1245	0.0001
223	172.7558	0.0001
224	173.387	0.0001
225	174.018	47.58321
226	174.6489	0.0001
227	175.2796	0.0001
228	175.9102	0.0001
229	176.5406	0.0001
230	177.1709	35.24988
231	177.8011	0.0001
232	178.4311	0.0001
233	179.0609	0.0001
234	179.6906	0.0001
235	180.3202	41.91655
236	180.9496	23.24988
237	181.5789	0.0001
238	182.208	0.0001
239	182.837	0.0001
240	183.4658	0.0001
241	184.0945	0.0001
242	184.723	0.0001
243	185.3514	0.0001
244	185.9797	0.0001
245	186.6078	0.0001
246	187.2357	0.0001
247	187.8635	0.0001
248	188.4912	0.0001
249	189.1187	0.0001
250	189.7461	0.0001
251	190.3733	0.0001
252	191.0004	0.0001
253	191.6273	0.0001
254	192.2541	15.58321
255	192.8808	18.58321
256	193.5072	46.24988
257	194.1336	0.0001
258	194.7598	0.0001
259	195.3858	33.24988
260	196.0117	53.91655
261	196.6375	58.58321
262	197.2631	209.9165
263	197.8886	173.9165
264	198.5139	203.9165
265	199.1391	0.0001
266	199.7641	0.0001
267	200.389	356.5832
268	201.0137	348.2499
269	201.6383	358.5832
270	202.2628	0.0001
271	202.8871	0.0001
272	203.5112	0.0001
273	204.1352	0.0001
274	204.7591	0.0001
275	205.3828	0.0001
276	206.0064	0.0001
277	206.6298	0.0001
278	207.2531	0.0001
279	207.8762	0.0001
280	208.4992	0.0001
281	209.122	33.91655
282	209.7447	0.0001
283	210.3672	0.0001
284	210.9896	0.0001
285	211.6119	0.9165446
286	212.234	0.0001
287	212.8559	0.0001
288	213.4778	0.0001
289	214.0994	0.0001
290	214.7209	0.0001
291	215.3423	0.0001
292	215.9635	0.0001
293	216.5846	0.0001
294	217.2055	135.9165
295	217.8263	149.5832
296	218.447	344.2499
297	219.0675	137.2499
298	219.6878	217.9165
299	220.308	139.2499
300	220.9281	321.9165
301	221.548	265.9165
302	222.1677	163.2499
303	222.7873	0.0001
304	223.4068	0.0001
305	224.0261	0.0001
306	224.6453	0.0001
307	225.2643	0.0001
308	225.8832	0.0001
309	226.5019	0.0001
310	227.1205	65.24988
311	227.739	55.24988
312	228.3573	17.24988
313	228.9754	0.0001
314	229.5934	0.0001
315	230.2112	0.0001
316	230.8289	0.0001
317	231.4465	0.0001
318	232.0639	0.0001
319	232.6812	0.0001
320	233.2983	0.0001
321	233.9153	63.24988
322	234.5321	68.24988
323	235.1488	265.9165
324	235.7653	139.2499
325	236.3817	41.91655
326	236.998	0.0001
327	237.6141	0.0001
328	238.23	0.0001
329	238.8458	0.0001
330	239.4615	0.0001
331	240.077	0.0001
332	240.6923	0.0001
333	241.3075	0.0001
334	241.9226	0.0001
335	242.5375	0.0001
336	243.1523	0.0001
337	243.7669	0.0001
338	244.3814	0.0001
339	244.9957	0.0001
340	245.6099	0.0001
341	246.224	0.0001
342	246.8379	0.0001
343	247.4516	0.0001
344	248.0652	0.0001
345	248.6786	0.0001
346	249.292	0.0001
347	249.9051	0.0001
348	250.5181	0.0001
349	251.131	0.0001
350	251.7437	0.0001
351	252.3563	0.0001
352	252.9687	0.0001
353	253.581	0.0001
354	254.1931	0.0001
355	254.8051	0.0001
356	255.4169	0.0001
357	256.0286	0.0001
358	256.6402	75.91654
359	257.2516	89.91654
360	257.8628	239.9165
361	258.4739	3.249878
362	259.0849	2.583211
363	259.6957	380.5832
364	260.3063	449.2499
365	260.9169	453.9165
366	261.5272	15.91654
367	262.1375	0.0001
368	262.7475	0.0001
369	263.3575	0.0001
370	263.9672	0.0001
371	264.5769	12.91654
372	265.1864	0.0001
373	265.7957	13.58321
374	266.4049	0.0001
375	267.0139	0.0001
376	267.6228	0.0001
377	268.2316	136.9165
378	268.8402	469.2499
379	269.4486	520.9166
380	270.0569	296.5832
381	270.6651	57.91655
382	271.2731	82.58321
383	271.881	0.0001
384	272.4887	0.0001
385	273.0963	0.0001
386	273.7037	0.0001
387	274.311	5.249878
388	274.9182	43.58321
389	275.5251	108.9165
390	276.132	9.916545
391	276.7387	0.0001
392	277.3452	0.0001
393	277.9516	0.0001
394	278.5579	0.0001
395	279.164	0.0001
396	279.7699	64.91654
397	280.3757	70.24988
398	280.9814	144.5832
399	281.5869	0.0001
400	282.1923	0.9165446
401	282.7975	0.0001
402	283.4026	0.0001
403	284.0075	0.0001
404	284.6123	0.0001
405	285.2169	0.0001
406	285.8214	174.9165
407	286.4258	530.9166
408	287.0299	990.2498
409	287.634	744.5832
410	288.2379	490.5832
411	288.8416	9.583211
412	289.4452	0.0001
413	290.0487	0.0001
414	290.652	0.0001
415	291.2552	0.0001
416	291.8582	0.0001
417	292.461	0.0001
418	293.0638	0.0001
419	293.6663	0.0001
420	294.2687	106.2499
421	294.871	180.5832
422	295.4731	180.2499
423	296.0751	34.58321
424	296.677	0.0001
425	297.2787	0.0001
426	297.8802	0.0001
427	298.4816	0.0001
428	299.0828	158.2499
429	299.6839	124.5832
430	300.2849	10.91654
431	300.8857	0.0001
432	301.4864	0.0001
433	302.0869	0.0001
434	302.6872	0.0001
435	303.2874	37.58321
436	303.8875	51.24988
437	304.4874	0.0001
438	305.0872	0.0001
439	305.6868	158.5832
440	306.2863	693.2498
441	306.8856	739.9165
442	307.4848	535.9166
443	308.0838	7.249878
444	308.6827	0.0001
445	309.2815	0.0001
446	309.8801	0.0001
447	310.4785	0.0001
448	311.0768	0.0001
449	311.675	0.0001
450	312.2729	0.0001
451	312.8708	0.0001
452	313.4685	0.0001
453	314.0661	36.58321
454	314.6635	0.0001
455	315.2608	0.0001
456	315.8579	431.9165
457	316.4549	464.2499
458	317.0517	571.5832
459	317.6483	0.0001
460	318.2449	0.0001
461	318.8412	0.0001
462	319.4375	0.0001
463	320.0336	0.0001
464	320.6295	0.0001
465	321.2253	0.0001
466	321.821	0.0001
467	322.4164	0.0001
468	323.0118	0.0001
469	323.607	0.0001
470	324.2021	0.0001
471	324.797	0.0001
472	325.3917	0.0001
473	325.9863	0.0001
474	326.5808	0.0001
475	327.1751	38.24988
476	327.7693	53.24988
477	328.3633	0.0001
478	328.9572	0.0001
479	329.5509	0.0001
480	330.1444	0.0001
481	330.7379	0.0001
482	331.3312	168.9165
483	331.9243	191.5832
484	332.5173	535.2499
485	333.1101	271.2499
486	333.7028	269.2499
487	334.2953	0.0001
488	334.8878	0.0001
489	335.48	0.0001
490	336.0721	0.0001
491	336.664	0.0001
492	337.2559	0.0001
493	337.8475	0.0001
494	338.439	0.0001
495	339.0304	2.583211
496	339.6216	74.58321
497	340.2126	58.91655
498	340.8036	0.0001
499	341.3943	0.0001
500	341.985	0.0001
501	342.5754	0.0001
502	343.1658	0.0001
503	343.756	64.58321
504	344.346	153.2499
505	344.9359	138.5832
506	345.5256	0.0001
507	346.1152	0.0001
508	346.7046	0.0001
509	347.2939	0.0001
510	347.8831	0.0001
511	348.472	1.916545
512	349.0609	0.0001
513	349.6496	0.0001
514	350.2381	0.0001
515	350.8265	0.0001
516	351.4148	0.0001
517	352.0029	0.0001
518	352.5909	0.0001
519	353.1787	0.0001
520	353.7664	0.0001
521	354.3539	0.0001
522	354.9412	0.0001
523	355.5284	0.0001
524	356.1155	0.0001
525	356.7025	0.0001
526	357.2892	0.0001
527	357.8759	0.0001
528	358.4623	60.24988
529	359.0487	19.58321
530	359.6349	10.24988
531	360.2209	0.0001
532	360.8068	0.0001
533	361.3925	0.0001
534	361.9781	0.0001
535	362.5636	0.0001
536	363.1489	0.0001
537	363.734	0.0001
538	364.319	0.0001
539	364.9039	0.0001
540	365.4886	0.0001
541	366.0731	0.0001
542	366.6575	0.0001
543	367.2418	0.0001
544	367.8259	0.0001
545	368.4099	0.0001
546	368.9937	0.0001
547	369.5774	0.0001
548	370.1609	0.0001
549	370.7443	0.0001
550	371.3275	0.0001
551	371.9106	0.0001
552	372.4935	14.91654
553	373.0763	0.0001
554	373.6589	0.0001
555	374.2414	0.0001
556	374.8237	0.0001
557	375.4059	0.0001
558	375.9879	42.24988
559	376.5698	0.0001
560	377.1516	34.91655
561	377.7332	64.58321
562	378.3146	23.24988
563	378.8959	26.58321
564	379.4771	0.0001
565	380.0581	0.0001
566	380.6389	0.0001
567	381.2196	0.0001
568	381.8002	0.0001
569	382.3806	0.9165446
570	382.9608	69.24988
571	383.541	0.0001
572	384.1209	45.91655
573	384.7007	29.58321
574	385.2804	49.91655
575	385.8599	27.91654
576	386.4393	14.58321
577	387.0185	18.91654
578	387.5976	0.0001
579	388.1765	32.91655
580	388.7553	0.0001
581	389.3339	0.0001
582	389.9124	0.0001
583	390.4908	0.0001
584	391.0689	241.5832
585	391.647	217.9165
586	392.2249	195.2499
587	392.8026	0.0001
588	393.3802	0.0001
589	393.9576	0.0001
590	394.5349	0.0001
591	395.1121	0.0001
592	395.6891	30.91654
593	396.2659	160.5832
594	396.8426	0.0001
595	397.4192	16.24988
596	397.9956	0.0001
597	398.5718	236.9165
598	399.1479	157.9165
599	399.7239	153.9165
600	400.2997	0.0001
601	400.8754	0.0001
602	401.4509	0.0001
603	402.0262	0.0001
604	402.6015	119.2499
605	403.1765	105.9165
606	403.7515	121.2499
607	404.3262	0.0001
608	404.9008	0.0001
609	405.4753	0.0001
610	406.0497	0.0001
611	406.6238	0.0001
612	407.1979	0.0001
613	407.7718	0.0001
614	408.3455	0.0001
615	408.9191	0.0001
616	409.4925	0.0001
617	410.0658	0.0001
618	410.6389	175.2499
619	411.2119	273.9165
620	411.7848	336.5832
621	412.3575	49.91655
622	412.93	0.0001
623	413.5024	0.0001
624	414.0746	0.0001
625	414.6467	0.0001
626	415.2187	0.0001
627	415.7905	0.0001
628	416.3621	0.0001
629	416.9336	0.0001
630	417.505	0.0001
631	418.0762	0.0001
632	418.6472	0.0001
633	419.2182	0.0001
634	419.7889	0.0001
635	420.3595	0.0001
636	420.93	0.0001
637	421.5003	0.0001
638	422.0705	19.58321
639	422.6405	0.0001
640	423.2104	0.0001
641	423.7801	0.0001
642	424.3497	11.91654
643	424.9191	34.58321
644	425.4884	0.0001
645	426.0575	12.91654
646	426.6265	0.0001
647	427.1953	0.0001
648	427.764	0.0001
649	428.3325	0.0001
650	428.9009	0.0001
651	429.4691	0.0001
652	430.0372	0.0001
653	430.6051	0.0001
654	431.1729	8.249878
655	431.7406	0.0001
656	432.308	0.0001
657	432.8754	357.2499
658	433.4426	450.5832
659	434.0096	733.9165
660	434.5765	445.9165
661	435.1432	447.2499
662	435.7099	75.91654
663	436.2763	0.0001
664	436.8426	0.0001
665	437.4088	0.0001
666	437.9748	1.583211
667	438.5406	28.24988
668	439.1063	0.0001
669	439.6719	0.0001
670	440.2373	21.58321
671	440.8025	11.58321
672	441.3676	83.58321
673	441.9326	46.24988
674	442.4974	0.0001
675	443.0621	0.0001
676	443.6266	0.0001
677	444.1909	0.0001
678	444.7552	11.91654
679	445.3192	71.24988
680	445.8831	0.0001
681	446.4469	0.0001
682	447.0105	0.0001
683	447.574	0.0001
684	448.1373	0.0001
685	448.7005	0.0001
686	449.2635	0.0001
687	449.8264	0.0001
688	450.3891	0.0001
689	450.9517	0.0001
690	451.5141	0.0001
691	452.0764	0.0001
692	452.6385	0.0001
693	453.2005	0.0001
694	453.7623	38.24988
695	454.324	60.91655
696	454.8855	6.249878
697	455.4469	0.0001
698	456.0081	7.916544
699	456.5692	82.58321
700	457.1302	9.916545
701	457.691	0.0001
702	458.2516	0.0001
703	458.8121	0.0001
704	459.3724	0.0001
705	459.9326	0.0001
706	460.4927	0.0001
707	461.0526	0.0001
708	461.6123	0.0001
709	462.1719	0.0001
710	462.7314	0.0001
711	463.2906	0.0001
712	463.8498	229.9165
713	464.4088	277.9165
714	464.9676	229.2499
715	465.5263	0.0001
716	466.0849	0.0001
717	466.6433	170.9165
718	467.2015	247.2499
719	467.7596	173.9165
720	468.3176	0.0001
721	468.8754	0.0001
722	469.433	0.0001
723	469.9906	170.9165
724	470.5479	295.5832
725	471.1051	267.5832
726	471.6622	0.0001
727	472.2191	0.0001
728	472.7758	0.0001
729	473.3325	0.0001
730	473.8889	81.91654
731	474.4453	0.0001
732	475.0014	0.0001
733	475.5574	0.0001
734	476.1133	0.0001
735	476.669	0.0001
736	477.2246	0.0001
737	477.78	0.0001
738	478.3353	0.0001
739	478.8904	0.0001
740	479.4453	0.0001
741	480.0002	0.0001
742	480.5548	0.0001
743	481.1093	0.0001
744	481.6637	0.0001
745	482.218	0.0001
746	482.772	0.0001
747	483.3259	0.0001
748	483.8797	0.0001
749	484.4333	0.0001
750	484.9868	0.0001
751	485.5401	0.0001
752	486.0933	240.2499
753	486.6463	248.9165
754	487.1992	312.2499
755	487.752	0.0001
756	488.3045	0.0001
757	488.857	0.0001
758	489.4092	20.58321
759	489.9614	41.24988
760	490.5134	0.0001
761	491.0652	0.0001
762	491.6169	0.0001
763	492.1684	0.0001
764	492.7198	0.0001
765	493.271	0.0001
766	493.8221	0.0001
767	494.373	349.9165
768	494.9238	350.5832
769	495.4745	387.2499
770	496.0249	20.58321
771	496.5753	43.58321
772	497.1255	0.0001
773	497.6755	0.0001
774	498.2254	0.0001
775	498.7751	0.0001
776	499.3247	0.0001
777	499.8742	0.0001
778	500.4235	0.0001
779	500.9726	0.0001
780	501.5216	0.0001
781	502.0704	0.0001
782	502.6191	79.91654
783	503.1677	0.0001
784	503.7161	0.0001
785	504.2643	0.0001
786	504.8124	0.0001
787	505.3604	0.0001
788	505.9081	0.0001
789	506.4558	0.0001
790	507.0033	63.58321
791	507.5506	94.24988
792	508.0978	131.2499
793	508.6449	75.24988
794	509.1917	14.58321
795	509.7385	0.0001
796	510.2851	0.0001
797	510.8315	0.0001
798	511.3778	11.91654
799	511.924	0.0001
800	512.47	0.0001
801	513.0159	127.2499
802	513.5615	103.2499
803	514.1071	91.24988
804	514.6525	0.0001
805	515.1978	0.0001
806	515.7429	0.0001
807	516.2878	0.0001
808	516.8326	0.0001
809	517.3773	39.91655
810	517.9218	43.24988
811	518.4661	77.24988
812	519.0103	36.24988
813	519.5543	51.24988
814	520.0983	0.0001
815	520.642	41.24988
816	521.1856	19.91654
817	521.7291	43.58321
818	522.2723	1.583211
819	522.8155	0.0001
820	523.3585	0.0001
821	523.9014	38.58321
822	524.4441	68.24988
823	524.9866	165.9165
824	525.5291	195.2499
825	526.0713	296.2499
826	526.6134	361.2499
827	527.1553	338.9165
828	527.6971	287.9165
829	528.2388	189.9165
830	528.7803	306.5832
831	529.3217	300.5832
832	529.8629	404.5832
833	530.4039	344.9165
834	530.9448	359.5832
835	531.4856	428.9165
836	532.0262	439.9165
837	532.5667	538.9166
838	533.1069	598.9166
839	533.6471	732.2498
840	534.1871	714.5832
841	534.727	570.2499
842	535.2667	603.2499
843	535.8062	623.2499
844	536.3456	677.9166
845	536.8849	592.9166
846	537.424	627.2499
847	537.963	723.2498
848	538.5018	829.9165
849	539.0404	881.5832
850	539.5789	896.2498
851	540.1172	905.5832
852	540.6555	933.9165
853	541.1935	1001.583
854	541.7314	1116.25
855	542.2692	1159.25
856	542.8068	1207.25
857	543.3442	1167.917
858	543.8815	1205.917
859	544.4187	1159.25
860	544.9557	1150.583
861	545.4926	1259.25
862	546.0293	1378.25
863	546.5659	1439.917
864	547.1022	1407.583
865	547.6385	1394.25
866	548.1746	1433.583
867	548.7106	1466.583
868	549.2463	1490.583
869	549.782	1659.917
870	550.3175	1729.917
871	550.8528	1789.917
872	551.3881	1744.583
873	551.9232	1806.25
874	552.458	1763.25
875	552.9928	1744.25
876	553.5274	1723.25
877	554.0618	1834.583
878	554.5961	1904.583
879	555.1303	1845.917
880	555.6643	1787.25
881	556.1981	1647.25
882	556.7319	1728.583
883	557.2654	1708.583
884	557.7988	1755.25
885	558.332	2306.583
886	558.8652	2344.917
887	559.3981	2290.25
888	559.9309	1688.917
889	560.4636	1631.25
890	560.996	1741.25
891	561.5284	1682.917
892	562.0606	1701.583
893	562.5927	1597.917
894	563.1246	1669.25
895	563.6563	1648.583
896	564.1879	1624.583
897	564.7194	1551.583
898	565.2507	1473.583
899	565.7818	1418.583
900	566.3128	1420.583
901	566.8436	1399.25
902	567.3743	1638.583
903	567.9049	1637.25
904	568.4353	1657.917
905	568.9655	1409.917
906	569.4956	1337.917
907	570.0256	1408.583
908	570.5554	1377.25
909	571.085	1329.583
910	571.6145	1221.917
911	572.1439	1183.917
912	572.673	1157.583
913	573.2021	1070.917
914	573.731	1161.25
915	574.2597	1275.583
916	574.7883	1302.583
917	575.3167	1230.583
918	575.845	1121.917
919	576.3732	1114.917
920	576.9011	1132.25
921	577.429	1078.25
922	577.9567	1115.25
923	578.4842	1028.917
924	579.0116	1002.583
925	579.5388	881.2498
926	580.0659	905.9165
927	580.5928	946.9165
928	581.1196	975.5832
929	581.6463	1004.25
930	582.1727	1039.25
931	582.6991	1141.917
932	583.2253	1251.25
933	583.7513	1292.583
934	584.2772	1334.583
935	584.8029	1307.25
936	585.3285	1238.917
937	585.8539	1158.583
938	586.3792	1065.917
939	586.9044	1104.917
940	587.4293	1409.917
941	587.9542	1385.917
942	588.4788	1320.583
943	589.0034	972.9165
944	589.5277	1030.25
945	590.0519	1048.917
946	590.576	1005.917
947	591.1	1001.917
948	591.6237	1048.583
949	592.1473	1125.917
950	592.6708	1068.583
951	593.1942	1019.917
952	593.7173	1047.25
953	594.2404	1074.583
954	594.7632	1180.583
955	595.2859	1195.917
956	595.8085	1256.583
957	596.3309	1191.917
958	596.8531	1166.25
959	597.3753	1131.583
960	597.8973	1130.583
961	598.4191	1107.583
962	598.9407	1136.583
963	599.4622	1169.917
964	599.9836	1241.583
965	600.5048	1213.917
966	601.0259	1179.25
967	601.5468	1085.917
968	602.0676	1184.25
969	602.5881	1237.917
970	603.1086	1369.917
971	603.6289	1271.25
972	604.149	1382.917
973	604.6691	1232.917
974	605.1889	1227.917
975	605.7086	1426.583
976	606.2282	1424.917
977	606.7476	1377.25
978	607.2668	1029.583
979	607.7859	1013.25
980	608.3049	1019.583
981	608.8237	976.9165
982	609.3423	1010.917
983	609.8608	974.5832
984	610.3792	947.2498
985	610.8974	912.9165
986	611.4154	884.9165
987	611.9333	801.5832
988	612.451	860.5832
989	612.9686	875.5832
990	613.4861	908.9165
991	614.0034	796.9165
992	614.5205	828.9165
993	615.0375	867.5832
994	615.5543	1210.583
995	616.071	1188.25
996	616.5876	1322.25
997	617.1039	926.2498
998	617.6202	862.5832
999	618.1363	675.5832
1000	618.6522	772.2498
1001	619.168	806.2498
1002	619.6836	774.5832
1003	620.1991	669.2499
1004	620.7144	647.2499
1005	621.2296	629.5832
1006	621.7446	620.9166
1007	622.2595	568.9166
1008	622.7742	569.9166
1009	623.2888	577.2499
1010	623.8032	564.5832
1011	624.3175	917.5832
1012	624.8316	923.2498
1013	625.3456	1227.583
1014	625.8594	918.5832
1015	626.373	933.5832
1016	626.8865	661.2499
1017	627.3999	566.2499
1018	627.9131	498.5832
1019	628.4262	570.2499
1020	628.9391	637.2499
1021	629.4519	688.5832
1022	629.9645	638.2499
1023	630.4769	587.5832
1024	630.9893	571.9166
1025	631.5014	517.9166
1026	632.0134	518.5832
1027	632.5253	603.9166
1028	633.037	547.2499
1029	633.5485	661.2499
1030	634.0599	607.2499
1031	634.5712	651.9166
1032	635.0823	618.5832
1033	635.5932	607.2499
1034	636.104	597.2499
1035	636.6146	474.5832
1036	637.1251	398.5832
1037	637.6355	468.9165
1038	638.1457	533.9166
1039	638.6557	604.5832
1040	639.1656	503.2499
1041	639.6754	553.9166
1042	640.1849	584.5832
1043	640.6943	592.9166
1044	641.2036	519.5832
1045	641.7128	392.5832
1046	642.2217	328.2499
1047	642.7306	248.2499
1048	643.2393	329.5832
1049	643.7477	819.9165
1050	644.2562	834.9165
1051	644.7643	742.5832
1052	645.2725	593.2499
1053	645.7803	599.2499
1054	646.2881	697.9165
1055	646.7958	381.9165
1056	647.3032	403.2499
1057	647.8105	331.2499
1058	648.3177	364.2499
1059	648.8247	314.5832
1060	649.3315	327.9165
1061	649.8383	309.5832
1062	650.3448	349.5832
1063	650.8513	365.2499
1064	651.3575	340.9165
1065	651.8636	334.2499
1066	652.3696	305.2499
1067	652.8754	420.5832
1068	653.381	406.2499
1069	653.8865	473.9165
1070	654.3918	368.9165
1071	654.897	392.2499
1072	655.4021	291.5832
1073	655.907	243.9165
1074	656.4117	559.5832
1075	656.9163	529.2499
1076	657.4208	586.9166
1077	657.925	249.9165
1078	658.4292	303.9165
1079	658.9332	262.5832
1080	659.437	207.9165
1081	659.9407	160.5832
1082	660.4442	181.2499
1083	660.9476	151.9165
1084	661.4508	163.2499
1085	661.9539	189.9165
1086	662.4568	324.9165
1087	662.9596	329.2499
1088	663.4622	295.9165
1089	663.9647	203.5832
1090	664.467	187.9165
1091	664.9692	187.5832
1092	665.4712	194.2499
1093	665.9731	170.2499
1094	666.4748	282.5832
1095	666.9763	308.9165
1096	667.4777	310.5832
1097	667.979	118.5832
1098	668.4801	88.58321
1099	668.9811	94.91654
1100	669.4819	160.9165
1101	669.9825	147.9165
1102	670.483	127.2499
1103	670.9833	158.9165
1104	671.4836	123.5832
1105	671.9836	189.5832
1106	672.4835	354.5832
1107	672.9832	443.2499
1108	673.4828	380.2499
1109	673.9822	202.5832
1110	674.4816	94.91654
1111	674.9807	124.9165
1112	675.4797	139.5832
1113	675.9785	230.2499
1114	676.4772	210.9165
1115	676.9757	239.2499
1116	677.4741	178.2499
1117	677.9723	178.2499
1118	678.4704	48.58321
1119	678.9683	0.0001
1120	679.4661	0.0001
1121	679.9637	64.91654
1122	680.4611	180.5832
1123	680.9584	208.9165
1124	681.4556	171.9165
1125	681.9526	104.5832
1126	682.4495	81.24988
1127	682.9462	41.24988
1128	683.4427	71.91654
1129	683.9391	46.24988
1130	684.4354	79.58321
1131	684.9315	101.5832
1132	685.4274	91.58321
1133	685.9232	56.91655
1134	686.4189	426.2499
1135	686.9144	497.2499
1136	687.4097	481.2499
1137	687.9049	204.9165
1138	688.4	193.2499
1139	688.8948	247.9165
1140	689.3896	110.5832
1141	689.8842	130.2499
1142	690.3786	179.9165
1143	690.8729	139.9165
1144	691.367	80.24988
1145	691.861	46.58321
1146	692.3548	120.5832
1147	692.8484	187.2499
1148	693.342	155.2499
1149	693.8353	92.24988
1150	694.3286	70.58321
1151	694.8216	25.24988
1152	695.3145	35.91655
1153	695.8073	96.58321
1154	696.2999	149.5832
1155	696.7924	226.2499
1156	697.2847	94.91654
1157	697.7768	3.916545
1158	698.2688	0.0001
1159	698.7606	1.249878
1160	699.2523	47.91655
1161	699.7439	61.58321
1162	700.2353	70.24988
1163	700.7265	47.91655
1164	701.2176	73.91654
1165	701.7085	0.0001
1166	702.1993	0.0001
1167	702.6899	0.0001
1168	703.1804	34.24988
1169	703.6707	112.5832
1170	704.1609	27.24988
1171	704.6509	125.2499
1172	705.1408	18.91654
1173	705.6305	0.0001
1174	706.1201	0.0001
1175	706.6095	0.0001
1176	707.0988	35.24988
1177	707.5879	12.24988
1178	708.0768	14.91654
1179	708.5656	540.5832
1180	709.0543	541.9166
1181	709.5428	497.9165
1182	710.0311	65.24988
1183	710.5193	77.91654
1184	711.0074	40.58321
1185	711.4953	0.0001
1186	711.983	0.0001
1187	712.4706	18.24988
1188	712.9581	94.91654
1189	713.4453	70.24988
1190	713.9324	38.24988
1191	714.4194	0.0001
1192	714.9063	155.9165
1193	715.3929	520.9166
1194	715.8795	622.2499
1195	716.3658	405.2499
1196	716.8521	21.58321
1197	717.3381	265.5832
1198	717.824	325.9165
1199	718.3098	411.2499
1200	718.7954	110.5832
1201	719.2809	2.583211
1202	719.7662	0.0001
1203	720.2513	0.0001
1204	720.7363	0.0001
1205	721.2212	39.24988
1206	721.7059	0.0001
1207	722.1904	0.0001
1208	722.6748	0.0001
1209	723.1591	0.0001
1210	723.6431	113.9165
1211	724.1271	170.5832
1212	724.6108	86.24988
1213	725.0945	60.91655
1214	725.5779	45.91655
1215	726.0613	77.91654
1216	726.5444	101.9165
1217	727.0275	71.24988
1218	727.5103	0.0001
1219	727.993	0.0001
1220	728.4756	0.0001
1221	728.958	40.24988
1222	729.4403	67.58321
1223	729.9224	46.58321
1224	730.4044	47.24988
1225	730.8862	13.91654
1226	731.3678	0.0001
1227	731.8493	0.0001
1228	732.3306	0.0001
1229	732.8118	0.0001
1230	733.2928	0.0001
1231	733.7737	0.0001
1232	734.2545	53.24988
1233	734.7351	46.91655
1234	735.2155	130.9165
1235	735.6958	53.58321
1236	736.1759	46.58321
1237	736.6559	0.0001
1238	737.1357	0.0001
1239	737.6154	0.0001
1240	738.0949	0.0001
1241	738.5742	0.0001
1242	739.0535	0.0001
1243	739.5325	0.0001
1244	740.0114	0.0001
1245	740.4902	0.0001
1246	740.9688	0.0001
1247	741.4472	0.0001
1248	741.9255	32.58321
1249	742.4036	21.24988
1250	742.8817	3.916545
1251	743.3595	0.0001
1252	743.8372	0.0001
1253	744.3147	0.0001
1254	744.7921	50.91655
1255	745.2693	61.58321
1256	745.7464	91.24988
1257	746.2233	0.0001
1258	746.7001	0.0001
1259	747.1767	320.2499
1260	747.6531	321.2499
1261	748.1295	353.5832
1262	748.6056	0.0001
1263	749.0816	0.0001
1264	749.5575	0.0001
1265	750.0332	0.0001
1266	750.5087	0.0001
1267	750.9841	0.0001
1268	751.4594	0.0001
1269	751.9344	0.0001
1270	752.4094	0.0001
1271	752.8842	0.0001
1272	753.3588	0.0001
1273	753.8333	0.0001
1274	754.3076	0.0001
1275	754.7818	0.0001
1276	755.2558	58.58321
1277	755.7297	243.9165
1278	756.2034	403.2499
1279	756.6769	369.5832
1280	757.1503	186.2499
1281	757.6236	21.58321
1282	758.0967	0.0001
1283	758.5696	0.0001
1284	759.0425	0.0001
1285	759.5151	0.0001
1286	759.9876	235.9165
1287	760.46	298.5832
1288	760.9321	361.9165
1289	761.4042	0.0001
1290	761.876	0.0001
1291	762.3478	0.0001
1292	762.8193	0.0001
1293	763.2908	12.58321
1294	763.762	0.0001
1295	764.2332	0.0001
1296	764.7042	0.0001
1297	765.1749	0.0001
1298	765.6456	0.0001
1299	766.1161	0.0001
1300	766.5865	0.0001
1301	767.0566	0.0001
1302	767.5267	0.0001
1303	767.9966	8.916545
1304	768.4664	0.0001
1305	768.9359	0.0001
1306	769.4054	0.0001
1307	769.8746	0.0001
1308	770.3438	0.0001
1309	770.8127	0.0001
1310	771.2816	0.0001
1311	771.7502	0.0001
1312	772.2188	96.24988
1313	772.6871	0.0001
1314	773.1553	122.2499
1315	773.6234	51.91655
1316	774.0913	87.24988
1317	774.5591	9.916545
1318	775.0267	0.0001
1319	775.4941	0.0001
1320	775.9614	0.0001
1321	776.4286	0.0001
1322	776.8956	0.0001
1323	777.3624	0.0001
1324	777.829	0.0001
1325	778.2956	0.0001
1326	778.762	0.0001
1327	779.2282	0.0001
1328	779.6943	0.0001
1329	780.1602	0.0001
1330	780.626	55.58321
1331	781.0916	75.58321
1332	781.557	38.58321
1333	782.0223	891.5833
1334	782.4875	827.5833
1335	782.9525	916.5833
1336	783.4173	3.583211
1337	783.882	0.0001
1338	784.3466	0.0001
1339	784.8109	0.0001
1340	785.2751	0.0001
1341	785.7393	0.0001
1342	786.2032	0.0001
1343	786.6669	0.0001
1344	787.1306	0.0001
1345	787.5941	0.0001
1346	788.0574	0.0001
1347	788.5205	0.0001
1348	788.9835	164.9165
1349	789.4464	183.5832
1350	789.9091	254.9165
1351	790.3716	0.0001
1352	790.834	0.0001
1353	791.2963	0.0001
1354	791.7584	0.0001
1355	792.2203	0.0001
1356	792.6821	0.0001
1357	793.1437	0.0001
1358	793.6052	0.0001
1359	794.0665	345.9165
1360	794.5276	336.5832
1361	794.9887	276.5832
1362	795.4495	0.0001
1363	795.9103	0.0001
1364	796.3708	0.0001
1365	796.8312	0.0001
1366	797.2914	0.0001
1367	797.7515	0.0001
1368	798.2115	0.0001
1369	798.6713	0.0001
1370	799.1309	0.0001
1371	799.5904	0.0001
1372	800.0497	0.0001
1373	800.5089	0.0001
1374	800.968	0.0001
1375	801.4268	0.0001
1376	801.8855	0.0001
1377	802.3441	0.0001
1378	802.8025	0.0001
1379	803.2607	0.0001
1380	803.7189	0.0001
1381	804.1768	0.0001
1382	804.6346	0.0001
1383	805.0922	0.0001
1384	805.5497	0.0001
1385	806.0071	0.0001
1386	806.4642	0.0001
1387	806.9213	0.0001
1388	807.3782	0.0001
1389	807.8349	0.0001
1390	808.2914	0.0001
1391	808.7479	0.0001
1392	809.2041	0.0001
1393	809.6602	0.0001
1394	810.1161	0.0001
1395	810.572	0.0001
1396	811.0276	0.0001
1397	811.4831	1.916545
1398	811.9385	0.0001
1399	812.3937	0.0001
1400	812.8487	0.0001
1401	813.3036	0.0001
1402	813.7583	29.24988
1403	814.2128	0.0001
1404	814.6673	0.0001
1405	815.1215	0.0001
1406	815.5757	0.0001
1407	816.0296	0.0001
1408	816.4834	0.0001
1409	816.9371	0.0001
1410	817.3906	0.0001
1411	817.8439	47.24988
1412	818.2971	77.91654
1413	818.7501	0.0001
1414	819.203	43.58321
1415	819.6558	0.0001
1416	820.1083	0.0001
1417	820.5607	0.0001
1418	821.013	0.0001
1419	821.4651	0.0001
1420	821.9171	0.0001
1421	822.3689	0.0001
1422	822.8206	15.24988
1423	823.2721	134.5832
1424	823.7234	134.5832
1425	824.1746	70.58321
1426	824.6257	0.0001
1427	825.0765	68.24988
1428	825.5273	0.0001
1429	825.9778	0.0001
1430	826.4283	0.0001
1431	826.8785	0.0001
1432	827.3287	0.0001
1433	827.7786	0.0001
1434	828.2285	0.0001
1435	828.6781	0.0001
1436	829.1276	0.0001
1437	829.577	0.0001
1438	830.0261	0.0001
1439	830.4752	0.0001
1440	830.9241	0.0001
1441	831.3728	0.0001
1442	831.8214	240.9165
1443	832.2698	273.9165
1444	832.7181	188.9165
1445	833.1662	0.0001
1446	833.6141	0.0001
1447	834.062	0.0001
1448	834.5096	0.0001
1449	834.9572	0.0001
1450	835.4045	126.2499
1451	835.8517	228.2499
1452	836.2987	245.5832
1453	836.7456	0.0001
1454	837.1923	0.0001
1455	837.6389	0.0001
1456	838.0853	0.0001
1457	838.5316	0.0001
1458	838.9777	0.0001
1459	839.4237	44.58321
1460	839.8695	93.58321
1461	840.3152	38.24988
1462	840.7607	0.0001
1463	841.206	0.0001
1464	841.6512	165.2499
1465	842.0963	156.5832
1466	842.5411	257.5832
1467	842.9859	42.24988
1468	843.4305	78.24988
1469	843.8749	0.0001
1470	844.3192	0.0001
1471	844.7632	0.0001
1472	845.2072	0.0001
1473	845.6511	0.0001
1474	846.0947	0.0001
1475	846.5382	0.0001
1476	846.9816	0.0001
1477	847.4247	0.0001
1478	847.8678	0.0001
1479	848.3107	0.0001
1480	848.7534	0.0001
1481	849.196	0.0001
1482	849.6384	0.0001
1483	850.0807	0.0001
1484	850.5228	0.0001
1485	850.9647	28.91654
1486	851.4066	13.91654
1487	851.8482	0.0001
1488	852.2897	0.0001
1489	852.7311	0.0001
1490	853.1722	0.0001
1491	853.6133	0.0001
1492	854.0541	0.0001
1493	854.4949	0.0001
1494	854.9355	0.0001
1495	855.3759	0.0001
1496	855.8162	0.0001
1497	856.2563	0.0001
1498	856.6962	51.91655
1499	857.136	0.0001
1500	857.5757	129.9165
1501	858.0152	42.58321
1502	858.4545	67.24988
1503	858.8937	0.0001
1504	859.3328	0.0001
1505	859.7716	0.0001
1506	860.2103	29.91654
1507	860.6489	73.58321
1508	861.0873	97.58321
1509	861.5256	0.0001
1510	861.9637	0.0001
1511	862.4017	0.0001
1512	862.8395	0.0001
1513	863.2771	0.0001
1514	863.7146	0.0001
1515	864.1519	0.0001
1516	864.5891	0.0001
1517	865.0261	0.0001
1518	865.463	0.0001
1519	865.8997	0.0001
1520	866.3363	0.0001
1521	866.7727	0.0001
1522	867.209	0.0001
1523	867.6451	0.0001
1524	868.081	0.0001
1525	868.5168	0.0001
1526	868.9525	0.0001
1527	869.3879	0.0001
1528	869.8232	0.0001
1529	870.2584	0.0001
1530	870.6935	0.0001
1531	871.1284	0.0001
1532	871.563	33.91655
1533	871.9976	0.0001
1534	872.432	13.91654
1535	872.8663	0.0001
1536	873.3004	31.91654
1537	873.7343	29.24988
1538	874.1681	32.91655
1539	874.6017	0.0001
1540	875.0352	0.0001
1541	875.4685	0.0001
1542	875.9017	0.0001
1543	876.3347	0.0001
1544	876.7676	0.0001
1545	877.2003	0.0001
1546	877.6328	0.0001
1547	878.0652	0.0001
1548	878.4974	80.58321
1549	878.9296	20.58321
1550	879.3615	75.24988
1551	879.7933	14.24988
1552	880.2249	153.5832
1553	880.6564	92.91654
1554	881.0877	0.0001
1555	881.5189	0.0001
1556	881.9498	0.0001
1557	882.3807	0.0001
1558	882.8114	0.0001
1559	883.2419	0.0001
1560	883.6723	225.2499
1561	884.1025	238.5832
1562	884.5327	235.5832
1563	884.9626	0.0001
1564	885.3923	62.91655
1565	885.822	107.5832
1566	886.2514	10.91654
1567	886.6807	0.0001
1568	887.1099	0.0001
1569	887.5389	0.0001
1570	887.9677	0.0001
1571	888.3964	31.91654
1572	888.825	0.0001
1573	889.2533	78.58321
1574	889.6815	68.91654
1575	890.1096	24.91654
1576	890.5375	0.0001
1577	890.9653	0.0001
1578	891.3929	0.0001
1579	891.8204	0.0001
1580	892.2477	0.0001
1581	892.6748	0.0001
1582	893.1018	160.9165
1583	893.5286	219.5832
1584	893.9553	251.5832
1585	894.3818	0.0001
1586	894.8082	0.0001
1587	895.2344	0.0001
1588	895.6605	0.0001
1589	896.0864	0.0001
1590	896.5121	0.0001
1591	896.9377	0.0001
1592	897.3632	350.5832
1593	897.7885	802.5832
1594	898.2136	782.5832
1595	898.6385	366.9165
1596	899.0634	0.0001
1597	899.488	0.0001
1598	899.9125	0.0001
1599	900.3369	0.0001
1600	900.7611	0.0001
1601	901.1852	0.0001
1602	901.6091	0.0001
1603	902.0328	0.0001
1604	902.4564	0.0001
1605	902.8798	0.0001
1606	903.303	0.0001
1607	903.7262	0.0001
1608	904.1492	0.0001
1609	904.572	0.0001
1610	904.9946	0.0001
1611	905.4171	0.0001
1612	905.8395	0.0001
1613	906.2617	0.0001
1614	906.6837	0.0001
1615	907.1056	0.0001
1616	907.5273	0.0001
1617	907.9489	0.0001
1618	908.3703	0.0001
1619	908.7915	0.0001
1620	909.2126	0.0001
1621	909.6336	0.0001
1622	910.0544	0.0001
1623	910.475	0.0001
1624	910.8955	0.0001
1625	911.3159	0.0001
1626	911.736	0.0001
1627	912.1561	0.0001
1628	912.5759	0.0001
1629	912.9956	88.58321
1630	913.4152	58.58321
1631	913.8346	34.91655
1632	914.2538	0.0001
1633	914.6729	0.0001
1634	915.0919	0.0001
1635	915.5106	0.0001
1636	915.9293	0.0001
1637	916.3477	0.0001
1638	916.7661	0.0001
1639	917.1842	0.0001
1640	917.6022	0.0001
1641	918.0201	0.0001
1642	918.4377	0.0001
1643	918.8553	0.0001
1644	919.2727	0.0001
1645	919.6899	0.0001
1646	920.107	0.0001
1647	920.5239	0.0001
1648	920.9407	0.0001
1649	921.3573	0.0001
1650	921.7737	0.0001
1651	922.19	0.0001
1652	922.6062	0.0001
1653	923.0222	0.0001
1654	923.438	0.0001
1655	923.8537	0.0001
1656	924.2692	0.0001
1657	924.6846	0.0001
1658	925.0998	0.0001
1659	925.5148	89.58321
1660	925.9297	86.58321
1661	926.3445	87.58321
1662	926.7591	0.0001
1663	927.1735	0.0001
1664	927.5878	0.0001
1665	928.002	0.0001
1666	928.4159	0.0001
1667	928.8297	0.0001
1668	929.2434	91.58321
1669	929.6569	95.91654
1670	930.0703	412.5832
1671	930.4835	273.9165
1672	930.8965	244.9165
1673	931.3094	0.0001
1674	931.7221	0.0001
1675	932.1347	0.0001
1676	932.5471	0.0001
1677	932.9594	0.0001
1678	933.3715	0.0001
1679	933.7834	0.0001
1680	934.1953	0.0001
1681	934.6069	0.0001
1682	935.0184	0.0001
1683	935.4297	0.0001
1684	935.8409	0.0001
1685	936.2519	0.0001
1686	936.6628	0.0001
1687	937.0735	0.0001
1688	937.484	0.0001
1689	937.8944	0.0001
1690	938.3047	0.0001
1691	938.7148	0.0001
1692	939.1247	0.0001
1693	939.5345	266.2499
1694	939.9441	374.9165
1695	940.3536	352.5832
1696	940.7629	32.58321
1697	941.1721	0.0001
1698	941.5811	35.91655
1699	941.9899	0.0001
1700	942.3986	0.0001
1701	942.8071	0.0001
1702	943.2155	116.5832
1703	943.6237	113.9165
1704	944.0318	98.24988
1705	944.4397	0.0001
1706	944.8475	0.0001
1707	945.2551	0.0001
1708	945.6625	0.0001
1709	946.0698	0.0001
1710	946.4769	0.0001
1711	946.8839	0.0001
1712	947.2908	0.0001
1713	947.6974	0.0001
1714	948.1039	0.0001
1715	948.5103	0.0001
1716	948.9165	40.91655
1717	949.3226	94.24988
1718	949.7285	0.0001
1719	950.1342	0.0001
1720	950.5397	0.0001
1721	950.9452	0.0001
1722	951.3505	0.0001
1723	951.7556	40.24988
1724	952.1605	58.24988
1725	952.5653	0.0001
1726	952.97	0.0001
1727	953.3745	0.0001
1728	953.7788	0.0001
1729	954.183	0.0001
1730	954.587	0.0001
1731	954.9909	0.0001
1732	955.3946	0.0001
1733	955.7982	0.0001
1734	956.2015	0.0001
1735	956.6048	0.0001
1736	957.0079	0.0001
1737	957.4108	0.0001
1738	957.8136	60.91655
1739	958.2162	0.0001
1740	958.6187	0.0001
1741	959.0211	0.0001
1742	959.4232	0.0001
1743	959.8252	196.5832
1744	960.2271	302.5832
1745	960.6287	245.2499
1746	961.0303	0.0001
1747	961.4316	0.0001
1748	961.8329	0.0001
1749	962.2339	0.0001
1750	962.6348	0.0001
1751	963.0356	0.0001
1752	963.4362	0.0001
1753	963.8367	0.0001
1754	964.2369	0.0001
1755	964.6371	0.0001
1756	965.037	47.24988
1757	965.4369	143.2499
1758	965.8365	134.2499
1759	966.236	18.24988
1760	966.6354	0.0001
1761	967.0346	0.0001
1762	967.4337	0.0001
1763	967.8325	0.0001
1764	968.2313	0.0001
1765	968.6298	0.0001
1766	969.0283	0.0001
1767	969.4265	0.0001
1768	969.8246	0.0001
1769	970.2226	0.0001
1770	970.6204	0.0001
1771	971.018	0.0001
1772	971.4155	0.0001
1773	971.8128	72.24988
1774	972.21	0.0001
1775	972.607	0.0001
1776	973.0039	0.0001
1777	973.4006	0.0001
1778	973.7971	0.0001
1779	974.1935	483.5832
1780	974.5898	568.2499
1781	974.9858	479.5832
1782	975.3818	42.24988
1783	975.7775	20.58321
1784	976.1732	0.0001
1785	976.5686	0.0001
1786	976.9639	74.24988
1787	977.3591	37.24988
1788	977.754	32.91655
1789	978.1489	0.0001
1790	978.5436	0.9165446
1791	978.938	62.24988
1792	979.3325	150.2499
1793	979.7266	134.2499
1794	980.1207	206.2499
1795	980.5146	62.24988
1796	980.9083	53.24988
1797	981.3019	0.0001
1798	981.6954	0.0001
1799	982.0886	0.0001
1800	982.4818	43.24988
1801	982.8747	0.0001
1802	983.2675	0.0001
1803	983.6602	12.24988
1804	984.0527	1.249878
1805	984.445	0.0001
1806	984.8372	0.0001
1807	985.2292	0.0001
1808	985.621	0.0001
1809	986.0128	0.0001
1810	986.4044	18.91654
1811	986.7957	0.0001
1812	987.187	0.0001
1813	987.5781	0.0001
1814	987.969	2.916545
1815	988.3597	58.24988
1816	988.7504	91.24988
1817	989.1409	0.0001
1818	989.5311	0.0001
1819	989.9213	0.0001
1820	990.3113	0.0001
1821	990.7011	10.24988
1822	991.0908	0.0001
1823	991.4803	0.0001
1824	991.8697	0.0001
1825	992.2589	0.0001
1826	992.648	155.5832
1827	993.0369	186.2499
1828	993.4257	188.9165
1829	993.8142	0.0001
1830	994.2026	75.58321
1831	994.5909	70.24988
1832	994.9791	150.2499
1833	995.367	0.0001
1834	995.7548	0.0001
1835	996.1425	0.0001
1836	996.53	0.0001
1837	996.9173	0.0001
1838	997.3045	0.0001
1839	997.6915	0.0001
1840	998.0784	0.0001
1841	998.4651	0.0001
1842	998.8516	79.24988
1843	999.238	85.91654
1844	999.6243	88.58321
1845	1000.01	47.24988
1846	1000.396	107.9165
1847	1000.782	0.0001
1848	1001.168	0.0001
1849	1001.553	282.9165
1850	1001.938	343.9165
1851	1002.324	349.9165
1852	1002.709	0.0001
1853	1003.093	0.0001
1854	1003.478	0.0001
1855	1003.863	0.0001
1856	1004.247	0.0001
1857	1004.631	0.0001
1858	1005.015	0.0001
1859	1005.399	0.0001
1860	1005.783	0.0001
1861	1006.167	0.0001
1862	1006.55	0.0001
1863	1006.933	0.0001
1864	1007.316	0.0001
1865	1007.699	0.0001
1866	1008.082	0.0001
1867	1008.465	0.0001
1868	1008.847	0.0001
1869	1009.23	0.0001
1870	1009.612	0.0001
1871	1009.994	0.0001
1872	1010.376	0.0001
1873	1010.757	0.0001
1874	1011.139	0.0001
1875	1011.52	0.0001
1876	1011.901	0.0001
1877	1012.283	0.0001
1878	1012.664	0.0001
1879	1013.044	0.0001
1880	1013.425	0.0001
1881	1013.805	0.0001
1882	1014.186	0.0001
1883	1014.566	0.0001
1884	1014.946	0.0001
1885	1015.326	0.0001
1886	1015.705	0.0001
1887	1016.085	0.0001
1888	1016.464	14.58321
1889	1016.843	8.249878
1890	1017.222	0.0001
1891	1017.601	0.0001
1892	1017.98	0.0001
1893	1018.359	0.0001
1894	1018.737	0.0001
1895	1019.115	0.0001
1896	1019.493	0.0001
1897	1019.871	0.0001
1898	1020.249	0.0001
1899	1020.627	0.0001
1900	1021.004	0.0001
1901	1021.382	0.0001
1902	1021.759	0.0001
1903	1022.136	0.0001
1904	1022.513	0.0001
1905	1022.889	0.0001
1906	1023.266	0.0001
1907	1023.642	0.0001
1908	1024.018	0.0001
1909	1024.395	0.0001
1910	1024.77	0.0001
1911	1025.146	0.0001
1912	1025.522	0.0001
1913	1025.897	11.91654
1914	1026.272	4.916544
1915	1026.648	0.0001
1916	1027.023	0.0001
1917	1027.397	0.0001
1918	1027.772	22.91654
1919	1028.146	0.0001
1920	1028.521	0.0001
1921	1028.895	0.0001
1922	1029.269	0.0001
1923	1029.643	0.0001
1924	1030.017	0.0001
1925	1030.39	0.0001
1926	1030.764	0.0001
1927	1031.137	0.0001
1928	1031.51	0.0001
1929	1031.883	26.91654
1930	1032.256	356.5832
1931	1032.628	596.5832
1932	1033.001	480.2499
1933	1033.373	163.2499
1934	1033.745	0.0001
1935	1034.117	0.0001
1936	1034.489	0.0001
1937	1034.861	0.0001
1938	1035.232	0.0001
1939	1035.604	13.24988
1940	1035.975	0.0001
1941	1036.346	0.0001
1942	1036.717	0.0001
1943	1037.088	301.5832
1944	1037.458	341.2499
1945	1037.828	308.5832
1946	1038.199	0.0001
1947	1038.569	0.0001
1948	1038.939	0.0001
1949	1039.309	0.0001
1950	1039.678	0.0001
1951	1040.048	0.0001
1952	1040.417	0.0001
1953	1040.786	0.0001
1954	1041.155	0.0001
1955	1041.524	0.0001
1956	1041.893	0.0001
1957	1042.261	0.0001
1958	1042.63	0.0001
1959	1042.998	0.0001
1960	1043.366	0.0001
1961	1043.734	14.24988
1962	1044.102	3.249878
1963	1044.469	0.0001
1964	1044.837	0.0001
1965	1045.204	0.0001
1966	1045.571	0.0001
1967	1045.938	0.0001
1968	1046.305	0.0001
1969	1046.672	0.0001
1970	1047.038	0.0001
1971	1047.404	0.0001
1972	1047.771	0.0001
1973	1048.136	0.0001
1974	1048.502	0.0001
1975	1048.868	77.91654
1976	1049.234	33.24988
1977	1049.599	0.0001
1978	1049.964	0.0001
1979	1050.329	0.0001
1980	1050.694	19.91654
1981	1051.059	113.9165
1982	1051.424	171.9165
1983	1051.788	0.0001
1984	1052.152	0.0001
1985	1052.516	0.0001
1986	1052.88	39.24988
1987	1053.244	60.58321
1988	1053.608	95.91654
1989	1053.971	140.5832
1990	1054.335	117.9165
1991	1054.698	241.9165
1992	1055.061	25.24988
1993	1055.424	0.0001
1994	1055.787	0.0001
1995	1056.149	0.0001
1996	1056.512	124.5832
1997	1056.874	0.0001
1998	1057.236	0.0001
1999	1057.598	0.0001
2000	1057.96	0.0001
2001	1058.321	0.0001
2002	1058.683	0.0001
2003	1059.044	0.0001
2004	1059.405	0.0001
2005	1059.766	0.0001
2006	1060.127	0.0001
2007	1060.488	0.0001
2008	1060.848	0.0001
2009	1061.209	0.0001
2010	1061.569	0.0001
2011	1061.929	22.58321
2012	1062.289	0.0001
2013	1062.648	0.0001
2014	1063.008	33.91655
2015	1063.367	510.2499
2016	1063.727	630.5832
2017	1064.086	465.9165
2018	1064.445	68.91654
2019	1064.804	0.0001
2020	1065.162	0.0001
2021	1065.521	235.2499
2022	1065.879	285.2499
2023	1066.237	287.9165
2024	1066.595	0.0001
2025	1066.953	0.0001
2026	1067.311	0.0001
2027	1067.668	0.0001
2028	1068.026	0.0001
2029	1068.383	0.0001
2030	1068.74	0.0001
2031	1069.097	0.0001
2032	1069.453	0.0001
2033	1069.81	0.0001
2034	1070.166	47.58321
2035	1070.523	0.0001
2036	1070.879	0.0001
2037	1071.235	0.0001
2038	1071.591	0.0001
2039	1071.946	1.916545
2040	1072.302	31.91654
2041	1072.657	90.58321
2042	1073.012	0.0001
2043	1073.367	23.91654
2044	1073.722	0.0001
2045	1074.077	0.0001
2046	1074.431	0.0001
2047	1074.786	0.0001
