0	28.36968	459.7499
1	29.03326	270.9999
2	29.69669	0.0001
3	30.35998	0.0001
4	31.02312	0.0001
5	31.68612	0.0001
6	32.34897	0.0001
7	33.01168	0.0001
8	33.67424	0.0001
9	34.33666	0.0001
10	34.99894	0.0001
11	35.66106	0.0001
12	36.32305	0.0001
13	36.98489	0.0001
14	37.64658	0.0001
15	38.30814	1050.833
16	38.96954	1194.833
17	39.6308	1214.167
18	40.29192	0.0001
19	40.95289	0.0001
20	41.61372	0.0001
21	42.2744	0.0001
22	42.93494	30.16654
23	43.59533	36.83321
24	44.25558	0.0001
25	44.91568	728.1666
26	45.57564	755.8333
27	46.23545	768.1667
28	46.89512	0.0001
29	47.55465	0.0001
30	48.21402	0.0001
31	48.87326	15.49988
32	49.53235	0.0001
33	50.1913	1.166545
34	50.85009	0.0001
35	51.50875	0.0001
36	52.16726	0.0001
37	52.82563	0.0001
38	53.48384	0.0001
39	54.14192	12.83321
40	54.79985	0.0001
41	55.45764	0.0001
42	56.11528	0.0001
43	56.77278	0.0001
44	57.43013	0.0001
45	58.08733	0.0001
46	58.7444	138.8332
47	59.40131	129.8332
48	60.05809	493.1665
49	60.71471	203.8332
50	61.3712	225.8332
51	62.02753	0.0001
52	62.68372	0.0001
53	63.33977	0.0001
54	63.99567	0.0001
55	64.65143	53.49988
56	65.30704	36.16655
57	65.96251	208.1665
58	66.61784	223.1665
59	67.27301	201.1665
60	67.92805	0.0001
61	68.58293	50.16655
62	69.23768	117.1665
63	69.89227	150.4999
64	70.54672	0.0001
65	71.20103	0.0001
66	71.85519	0.0001
67	72.50922	24.83321
68	73.16309	0.0001
69	73.81681	0.0001
70	74.4704	0.0001
71	75.12383	0.0001
72	75.77712	0.0001
73	76.43027	0.0001
74	77.08327	0.0001
75	77.73613	0.0001
76	78.38884	0.0001
77	79.04141	0.0001
78	79.69383	0.0001
79	80.34611	0.0001
80	80.99824	0.0001
81	81.65022	0.0001
82	82.30207	63.83321
83	82.95377	200.4999
84	83.60532	129.8332
85	84.25672	17.83321
86	84.90798	0.0001
87	85.5591	0.0001
88	86.21007	0.0001
89	86.86089	0.0001
90	87.51157	26.49988
91	88.16211	13.49988
92	88.8125	0.0001
93	89.46274	0.0001
94	90.11284	0.0001
95	90.76279	0.0001
96	91.41261	3.499878
97	92.06227	3.499878
98	92.71178	0.0001
99	93.36116	0.0001
100	94.01038	0.0001
101	94.65947	0.0001
102	95.30841	0.0001
103	95.9572	0.0001
104	96.60584	0.0001
105	97.25435	0.0001
106	97.9027	0.0001
107	98.55092	0.0001
108	99.19898	0.0001
109	99.8469	0.0001
110	100.4947	0.0001
111	101.1423	495.4999
112	101.7898	556.1666
113	102.4371	529.8332
114	103.0843	53.83321
115	103.7314	17.83321
116	104.3783	39.83321
117	105.025	0.0001
118	105.6716	0.0001
119	106.3181	0.0001
120	106.9644	0.0001
121	107.6106	0.0001
122	108.2566	0.0001
123	108.9025	0.0001
124	109.5483	0.0001
125	110.1939	7.499878
126	110.8393	275.4999
127	111.4846	93.49988
128	112.1298	403.1665
129	112.7748	165.1665
130	113.4197	396.4999
131	114.0644	83.49988
132	114.709	22.16654
133	115.3534	0.0001
134	115.9977	0.0001
135	116.6418	0.0001
136	117.2858	0.0001
137	117.9297	0.0001
138	118.5734	0.0001
139	119.2169	0.0001
140	119.8603	0.0001
141	120.5036	0.0001
142	121.1467	0.0001
143	121.7897	0.0001
144	122.4325	0.0001
145	123.0752	0.0001
146	123.7178	0.0001
147	124.3602	0.0001
148	125.0024	0.0001
149	125.6445	0.0001
150	126.2865	0.0001
151	126.9283	0.0001
152	127.5699	0.0001
153	128.2115	0.0001
154	128.8528	0.0001
155	129.4941	0.0001
156	130.1351	87.16654
157	130.7761	143.8332
158	131.4169	485.4999
159	132.0575	353.4999
160	132.698	274.8332
161	133.3384	0.0001
162	133.9786	0.0001
163	134.6187	0.0001
164	135.2586	0.0001
165	135.8984	0.0001
166	136.538	0.0001
167	137.1775	0.0001
168	137.8168	0.0001
169	138.456	0.0001
170	139.095	0.0001
171	139.7339	0.0001
172	140.3727	0.0001
173	141.0113	8.499878
174	141.6498	0.0001
175	142.2881	0.0001
176	142.9263	0.0001
177	143.5643	46.49988
178	144.2022	35.83321
179	144.8399	37.16655
180	145.4775	47.16655
181	146.1149	4.499878
182	146.7522	0.0001
183	147.3894	0.0001
184	148.0264	0.0001
185	148.6632	0.0001
186	149.3	0.0001
187	149.9365	0.0001
188	150.5729	0.0001
189	151.2092	0.0001
190	151.8454	0.0001
191	152.4813	0.0001
192	153.1172	108.4999
193	153.7529	10.83321
194	154.3884	121.4999
195	155.0238	44.49988
196	155.6591	0.0001
197	156.2942	0.0001
198	156.9291	0.0001
199	157.564	39.49988
200	158.1986	83.83321
201	158.8332	0.0001
202	159.4675	0.0001
203	160.1018	0.0001
204	160.7359	0.0001
205	161.3698	0.0001
206	162.0036	0.0001
207	162.6373	0.0001
208	163.2708	0.0001
209	163.9041	0.0001
210	164.5373	0.0001
211	165.1704	0.0001
212	165.8033	0.0001
213	166.4361	0.0001
214	167.0687	0.0001
215	167.7012	0.0001
216	168.3335	0.0001
217	168.9657	0.0001
218	169.5978	0.0001
219	170.2297	0.0001
220	170.8614	0.0001
221	171.493	0.0001
222	172.1245	0.0001
223	172.7558	0.0001
224	173.387	22.83321
225	174.018	50.49988
226	174.6489	0.0001
227	175.2796	0.0001
228	175.9102	0.0001
229	176.5406	0.0001
230	177.1709	4.833211
231	177.8011	0.0001
232	178.4311	0.0001
233	179.0609	0.0001
234	179.6906	0.0001
235	180.3202	0.0001
236	180.9496	0.0001
237	181.5789	0.0001
238	182.208	0.0001
239	182.837	0.0001
240	183.4658	0.0001
241	184.0945	0.0001
242	184.723	0.0001
243	185.3514	0.0001
244	185.9797	0.0001
245	186.6078	0.0001
246	187.2357	0.0001
247	187.8635	0.0001
248	188.4912	0.0001
249	189.1187	0.0001
250	189.7461	0.0001
251	190.3733	0.0001
252	191.0004	0.0001
253	191.6273	0.0001
254	192.2541	1.499878
255	192.8808	0.0001
256	193.5072	31.16654
257	194.1336	0.0001
258	194.7598	0.0001
259	195.3858	0.0001
260	196.0117	0.0001
261	196.6375	22.49988
262	197.2631	182.4999
263	197.8886	165.1665
264	198.5139	222.1665
265	199.1391	0.0001
266	199.7641	0.0001
267	200.389	369.4999
268	201.0137	373.1665
269	201.6383	364.8332
270	202.2628	0.0001
271	202.8871	0.0001
272	203.5112	0.0001
273	204.1352	0.0001
274	204.7591	0.0001
275	205.3828	0.0001
276	206.0064	0.0001
277	206.6298	0.0001
278	207.2531	0.0001
279	207.8762	0.0001
280	208.4992	0.0001
281	209.122	17.83321
282	209.7447	0.0001
283	210.3672	27.83321
284	210.9896	0.0001
285	211.6119	0.0001
286	212.234	0.0001
287	212.8559	0.0001
288	213.4778	0.0001
289	214.0994	0.0001
290	214.7209	0.0001
291	215.3423	0.0001
292	215.9635	0.0001
293	216.5846	0.0001
294	217.2055	159.1665
295	217.8263	166.8332
296	218.447	359.4999
297	219.0675	89.16654
298	219.6878	179.8332
299	220.308	127.4999
300	220.9281	349.8332
301	221.548	258.4999
302	222.1677	103.8332
303	222.7873	0.0001
304	223.4068	0.0001
305	224.0261	0.0001
306	224.6453	0.0001
307	225.2643	0.0001
308	225.8832	2.166545
309	226.5019	30.83321
310	227.1205	104.4999
311	227.739	99.49988
312	228.3573	98.83321
313	228.9754	49.16655
314	229.5934	0.0001
315	230.2112	0.0001
316	230.8289	0.0001
317	231.4465	0.0001
318	232.0639	0.0001
319	232.6812	0.0001
320	233.2983	0.0001
321	233.9153	9.166545
322	234.5321	16.83321
323	235.1488	216.8332
324	235.7653	143.4999
325	236.3817	64.83321
326	236.998	0.0001
327	237.6141	0.0001
328	238.23	0.0001
329	238.8458	0.0001
330	239.4615	0.0001
331	240.077	0.0001
332	240.6923	0.0001
333	241.3075	0.0001
334	241.9226	0.0001
335	242.5375	0.0001
336	243.1523	0.0001
337	243.7669	0.0001
338	244.3814	0.0001
339	244.9957	0.0001
340	245.6099	0.0001
341	246.224	0.0001
342	246.8379	0.0001
343	247.4516	0.0001
344	248.0652	0.0001
345	248.6786	0.0001
346	249.292	0.0001
347	249.9051	0.0001
348	250.5181	0.0001
349	251.131	0.0001
350	251.7437	0.0001
351	252.3563	0.0001
352	252.9687	0.0001
353	253.581	0.0001
354	254.1931	0.0001
355	254.8051	0.0001
356	255.4169	0.0001
357	256.0286	0.0001
358	256.6402	113.1665
359	257.2516	153.1665
360	257.8628	267.1665
361	258.4739	34.49988
362	259.0849	0.0001
363	259.6957	337.4999
364	260.3063	375.4999
365	260.9169	397.1665
366	261.5272	0.0001
367	262.1375	0.0001
368	262.7475	0.0001
369	263.3575	0.0001
370	263.9672	0.0001
371	264.5769	105.1665
372	265.1864	78.49988
373	265.7957	37.16655
374	266.4049	0.0001
375	267.0139	0.0001
376	267.6228	0.0001
377	268.2316	135.8332
378	268.8402	483.1665
379	269.4486	521.1666
380	270.0569	247.1665
381	270.6651	0.0001
382	271.2731	0.0001
383	271.881	0.0001
384	272.4887	0.0001
385	273.0963	0.0001
386	273.7037	0.0001
387	274.311	0.0001
388	274.9182	24.83321
389	275.5251	84.49988
390	276.132	0.0001
391	276.7387	0.0001
392	277.3452	0.0001
393	277.9516	0.0001
394	278.5579	0.0001
395	279.164	0.0001
396	279.7699	0.0001
397	280.3757	32.83321
398	280.9814	93.16654
399	281.5869	0.0001
400	282.1923	0.1665446
401	282.7975	0.0001
402	283.4026	0.0001
403	284.0075	0.0001
404	284.6123	0.0001
405	285.2169	0.0001
406	285.8214	131.8332
407	286.4258	517.1666
408	287.0299	965.8332
409	287.634	748.1665
410	288.2379	515.8332
411	288.8416	29.49988
412	289.4452	0.0001
413	290.0487	0.0001
414	290.652	0.0001
415	291.2552	0.0001
416	291.8582	0.0001
417	292.461	0.0001
418	293.0638	0.0001
419	293.6663	0.0001
420	294.2687	118.8332
421	294.871	176.1665
422	295.4731	134.8332
423	296.0751	0.0001
424	296.677	0.0001
425	297.2787	1.499878
426	297.8802	0.0001
427	298.4816	20.16654
428	299.0828	116.4999
429	299.6839	66.49988
430	300.2849	0.0001
431	300.8857	0.0001
432	301.4864	0.0001
433	302.0869	0.0001
434	302.6872	0.0001
435	303.2874	23.16654
436	303.8875	0.0001
437	304.4874	0.0001
438	305.0872	0.0001
439	305.6868	126.8332
440	306.2863	609.8332
441	306.8856	679.1666
442	307.4848	456.4999
443	308.0838	0.0001
444	308.6827	0.0001
445	309.2815	0.0001
446	309.8801	0.0001
447	310.4785	0.0001
448	311.0768	0.0001
449	311.675	0.0001
450	312.2729	0.0001
451	312.8708	0.0001
452	313.4685	0.0001
453	314.0661	19.83321
454	314.6635	13.49988
455	315.2608	0.0001
456	315.8579	415.1665
457	316.4549	436.1665
458	317.0517	520.1666
459	317.6483	0.0001
460	318.2449	0.0001
461	318.8412	0.0001
462	319.4375	0.0001
463	320.0336	0.0001
464	320.6295	0.0001
465	321.2253	0.0001
466	321.821	0.0001
467	322.4164	0.0001
468	323.0118	0.0001
469	323.607	0.0001
470	324.2021	0.0001
471	324.797	0.0001
472	325.3917	0.0001
473	325.9863	0.0001
474	326.5808	0.0001
475	327.1751	8.166545
476	327.7693	21.16654
477	328.3633	0.0001
478	328.9572	0.0001
479	329.5509	0.0001
480	330.1444	0.0001
481	330.7379	0.0001
482	331.3312	193.4999
483	331.9243	217.4999
484	332.5173	528.1666
485	333.1101	256.1665
486	333.7028	254.4999
487	334.2953	0.0001
488	334.8878	0.0001
489	335.48	0.0001
490	336.0721	0.0001
491	336.664	0.0001
492	337.2559	0.0001
493	337.8475	0.0001
494	338.439	0.0001
495	339.0304	14.83321
496	339.6216	118.4999
497	340.2126	80.49988
498	340.8036	0.0001
499	341.3943	0.0001
500	341.985	0.0001
501	342.5754	0.0001
502	343.1658	0.0001
503	343.756	33.83321
504	344.346	95.16654
505	344.9359	88.16654
506	345.5256	0.0001
507	346.1152	0.0001
508	346.7046	0.0001
509	347.2939	0.0001
510	347.8831	0.0001
511	348.472	2.166545
512	349.0609	0.0001
513	349.6496	19.49988
514	350.2381	0.0001
515	350.8265	0.0001
516	351.4148	0.0001
517	352.0029	0.0001
518	352.5909	0.0001
519	353.1787	0.0001
520	353.7664	0.0001
521	354.3539	0.0001
522	354.9412	0.0001
523	355.5284	0.0001
524	356.1155	0.0001
525	356.7025	0.0001
526	357.2892	0.0001
527	357.8759	0.0001
528	358.4623	82.16654
529	359.0487	36.83321
530	359.6349	55.49988
531	360.2209	0.0001
532	360.8068	0.0001
533	361.3925	0.0001
534	361.9781	0.0001
535	362.5636	0.0001
536	363.1489	0.0001
537	363.734	0.0001
538	364.319	0.0001
539	364.9039	0.0001
540	365.4886	0.0001
541	366.0731	0.0001
542	366.6575	0.0001
543	367.2418	0.0001
544	367.8259	0.0001
545	368.4099	0.0001
546	368.9937	0.0001
547	369.5774	0.0001
548	370.1609	0.0001
549	370.7443	0.0001
550	371.3275	2.499878
551	371.9106	22.49988
552	372.4935	69.16654
553	373.0763	30.83321
554	373.6589	0.0001
555	374.2414	0.0001
556	374.8237	10.49988
557	375.4059	26.49988
558	375.9879	70.16654
559	376.5698	0.0001
560	377.1516	0.0001
561	377.7332	67.49988
562	378.3146	44.49988
563	378.8959	17.83321
564	379.4771	0.0001
565	380.0581	0.0001
566	380.6389	0.0001
567	381.2196	0.0001
568	381.8002	0.0001
569	382.3806	0.0001
570	382.9608	74.83321
571	383.541	0.0001
572	384.1209	113.4999
573	384.7007	80.49988
574	385.2804	53.83321
575	385.8599	0.0001
576	386.4393	0.0001
577	387.0185	11.83321
578	387.5976	0.0001
579	388.1765	0.0001
580	388.7553	0.0001
581	389.3339	0.0001
582	389.9124	0.0001
583	390.4908	0.0001
584	391.0689	258.1665
585	391.647	236.1665
586	392.2249	204.1665
587	392.8026	0.0001
588	393.3802	0.0001
589	393.9576	0.0001
590	394.5349	0.0001
591	395.1121	57.83321
592	395.6891	86.83321
593	396.2659	175.8332
594	396.8426	0.0001
595	397.4192	30.83321
596	397.9956	0.0001
597	398.5718	154.4999
598	399.1479	92.16654
599	399.7239	130.8332
600	400.2997	0.0001
601	400.8754	0.0001
602	401.4509	0.0001
603	402.0262	0.0001
604	402.6015	151.8332
605	403.1765	119.4999
606	403.7515	117.1665
607	404.3262	0.0001
608	404.9008	0.0001
609	405.4753	0.0001
610	406.0497	0.0001
611	406.6238	0.0001
612	407.1979	0.0001
613	407.7718	0.0001
614	408.3455	0.0001
615	408.9191	0.0001
616	409.4925	0.0001
617	410.0658	0.0001
618	410.6389	135.4999
619	411.2119	269.8332
620	411.7848	351.4999
621	412.3575	93.16654
622	412.93	0.0001
623	413.5024	0.0001
624	414.0746	0.0001
625	414.6467	0.0001
626	415.2187	0.0001
627	415.7905	0.0001
628	416.3621	0.0001
629	416.9336	0.0001
630	417.505	8.499878
631	418.0762	0.0001
632	418.6472	0.0001
633	419.2182	0.0001
634	419.7889	0.0001
635	420.3595	0.0001
636	420.93	0.0001
637	421.5003	0.0001
638	422.0705	37.49988
639	422.6405	0.0001
640	423.2104	0.0001
641	423.7801	15.16654
642	424.3497	43.83321
643	424.9191	84.83321
644	425.4884	0.0001
645	426.0575	0.0001
646	426.6265	0.0001
647	427.1953	0.0001
648	427.764	0.0001
649	428.3325	0.0001
650	428.9009	0.0001
651	429.4691	0.0001
652	430.0372	0.0001
653	430.6051	0.0001
654	431.1729	46.16655
655	431.7406	54.49988
656	432.308	16.49988
657	432.8754	376.1665
658	433.4426	421.8332
659	434.0096	733.8332
660	434.5765	409.8332
661	435.1432	451.1665
662	435.7099	91.16654
663	436.2763	0.0001
664	436.8426	0.0001
665	437.4088	0.0001
666	437.9748	0.0001
667	438.5406	0.0001
668	439.1063	0.0001
669	439.6719	0.0001
670	440.2373	27.16654
671	440.8025	13.83321
672	441.3676	113.4999
673	441.9326	57.16655
674	442.4974	32.16655
675	443.0621	0.0001
676	443.6266	0.0001
677	444.1909	0.0001
678	444.7552	1.833211
679	445.3192	55.16655
680	445.8831	0.0001
681	446.4469	0.0001
682	447.0105	0.0001
683	447.574	0.0001
684	448.1373	0.0001
685	448.7005	0.0001
686	449.2635	0.0001
687	449.8264	0.0001
688	450.3891	0.0001
689	450.9517	0.0001
690	451.5141	0.0001
691	452.0764	0.0001
692	452.6385	0.0001
693	453.2005	0.0001
694	453.7623	0.4998779
695	454.324	0.0001
696	454.8855	0.0001
697	455.4469	0.0001
698	456.0081	34.16655
699	456.5692	107.1665
700	457.1302	17.49988
701	457.691	0.0001
702	458.2516	0.0001
703	458.8121	0.0001
704	459.3724	0.0001
705	459.9326	0.0001
706	460.4927	0.0001
707	461.0526	0.0001
708	461.6123	0.0001
709	462.1719	0.0001
710	462.7314	0.0001
711	463.2906	0.0001
712	463.8498	257.1665
713	464.4088	314.1665
714	464.9676	231.1665
715	465.5263	0.0001
716	466.0849	0.0001
717	466.6433	185.1665
718	467.2015	277.1665
719	467.7596	219.1665
720	468.3176	0.0001
721	468.8754	0.0001
722	469.433	0.0001
723	469.9906	245.4999
724	470.5479	354.1665
725	471.1051	339.8332
726	471.6622	0.0001
727	472.2191	0.0001
728	472.7758	0.0001
729	473.3325	0.0001
730	473.8889	105.8332
731	474.4453	49.16655
732	475.0014	0.0001
733	475.5574	0.0001
734	476.1133	0.0001
735	476.669	0.0001
736	477.2246	0.0001
737	477.78	0.0001
738	478.3353	0.0001
739	478.8904	0.0001
740	479.4453	0.0001
741	480.0002	0.0001
742	480.5548	0.0001
743	481.1093	0.0001
744	481.6637	0.0001
745	482.218	0.0001
746	482.772	0.0001
747	483.3259	29.49988
748	483.8797	0.0001
749	484.4333	0.0001
750	484.9868	0.0001
751	485.5401	0.0001
752	486.0933	233.8332
753	486.6463	232.4999
754	487.1992	271.4999
755	487.752	0.0001
756	488.3045	0.0001
757	488.857	0.0001
758	489.4092	0.0001
759	489.9614	25.49988
760	490.5134	0.0001
761	491.0652	0.0001
762	491.6169	0.0001
763	492.1684	0.0001
764	492.7198	0.0001
765	493.271	0.0001
766	493.8221	0.0001
767	494.373	376.4999
768	494.9238	424.1665
769	495.4745	449.1665
770	496.0249	39.83321
771	496.5753	16.49988
772	497.1255	0.0001
773	497.6755	0.0001
774	498.2254	0.0001
775	498.7751	0.0001
776	499.3247	0.0001
777	499.8742	0.0001
778	500.4235	28.49988
779	500.9726	0.0001
780	501.5216	104.8332
781	502.0704	58.49988
782	502.6191	171.4999
783	503.1677	86.49988
784	503.7161	73.49988
785	504.2643	0.0001
786	504.8124	0.0001
787	505.3604	51.83321
788	505.9081	39.49988
789	506.4558	56.49988
790	507.0033	40.16655
791	507.5506	155.8332
792	508.0978	239.4999
793	508.6449	194.4999
794	509.1917	132.4999
795	509.7385	77.16654
796	510.2851	155.8332
797	510.8315	174.4999
798	511.3778	142.4999
799	511.924	39.83321
800	512.47	24.16654
801	513.0159	248.8332
802	513.5615	301.4999
803	514.1071	293.8332
804	514.6525	79.83321
805	515.1978	121.8332
806	515.7429	131.8332
807	516.2878	238.4999
808	516.8326	244.1665
809	517.3773	286.8332
810	517.9218	257.4999
811	518.4661	333.1665
812	519.0103	333.1665
813	519.5543	345.1665
814	520.0983	265.1665
815	520.642	334.4999
816	521.1856	342.1665
817	521.7291	378.1665
818	522.2723	380.4999
819	522.8155	407.4999
820	523.3585	447.4999
821	523.9014	506.4999
822	524.4441	531.1666
823	524.9866	621.1666
824	525.5291	648.4999
825	526.0713	838.4998
826	526.6134	957.8332
827	527.1553	955.8332
828	527.6971	886.1665
829	528.2388	778.1665
830	528.7803	945.8332
831	529.3217	998.1665
832	529.8629	1168.833
833	530.4039	1138.167
834	530.9448	1160.5
835	531.4856	1266.833
836	532.0262	1360.167
837	532.5667	1485.5
838	533.1069	1645.5
839	533.6471	1840.167
840	534.1871	1934.167
841	534.727	1850.167
842	535.2667	1948.5
843	535.8062	2060.167
844	536.3456	2180.5
845	536.8849	2145.167
846	537.424	2189.833
847	537.963	2329.833
848	538.5018	2451.833
849	539.0404	2565.5
850	539.5789	2639.833
851	540.1172	2809.5
852	540.6555	2922.5
853	541.1935	3023.5
854	541.7314	3086.5
855	542.2692	3181.833
856	542.8068	3324.833
857	543.3442	3452.5
858	543.8815	3633.5
859	544.4187	3660.167
860	544.9557	3768.5
861	545.4926	3942.167
862	546.0293	4162.167
863	546.5659	4230.833
864	547.1022	4257.167
865	547.6385	4316.833
866	548.1746	4408.833
867	548.7106	4459.167
868	549.2463	4531.833
869	549.782	4728.5
870	550.3175	4791.833
871	550.8528	4815.833
872	551.3881	4819.833
873	551.9232	4946.5
874	552.458	4949.167
875	552.9928	4980.5
876	553.5274	5048.833
877	554.0618	5189.167
878	554.5961	5274.833
879	555.1303	5255.833
880	555.6643	5263.167
881	556.1981	5157.167
882	556.7319	5185.5
883	557.2654	5057.167
884	557.7988	5024.5
885	558.332	5525.5
886	558.8652	5612.5
887	559.3981	5622.5
888	559.9309	4953.167
889	560.4636	4833.167
890	560.996	4771.167
891	561.5284	4792.5
892	562.0606	4847.5
893	562.5927	4731.833
894	563.1246	4674.167
895	563.6563	4542.167
896	564.1879	4551.167
897	564.7194	4466.167
898	565.2507	4398.167
899	565.7818	4246.5
900	566.3128	4217.833
901	566.8436	4116.5
902	567.3743	4295.833
903	567.9049	4193.833
904	568.4353	4219.167
905	568.9655	3923.5
906	569.4956	3856.833
907	570.0256	3867.5
908	570.5554	3797.167
909	571.085	3681.167
910	571.6145	3491.5
911	572.1439	3482.5
912	572.673	3425.833
913	573.2021	3332.5
914	573.731	3341.5
915	574.2597	3347.5
916	574.7883	3341.833
917	575.3167	3261.167
918	575.845	3184.5
919	576.3732	3111.833
920	576.9011	3119.167
921	577.429	3060.5
922	577.9567	3106.5
923	578.4842	2998.5
924	579.0116	3026.167
925	579.5388	2904.833
926	580.0659	2896.833
927	580.5928	2856.5
928	581.1196	2861.167
929	581.6463	2923.5
930	582.1727	2993.5
931	582.6991	3118.833
932	583.2253	3180.167
933	583.7513	3170.5
934	584.2772	3175.5
935	584.8029	3140.833
936	585.3285	3100.5
937	585.8539	3003.167
938	586.3792	2895.167
939	586.9044	2908.833
940	587.4293	3234.5
941	587.9542	3274.833
942	588.4788	3219.5
943	589.0034	2916.167
944	589.5277	2965.167
945	590.0519	3007.833
946	590.576	2981.833
947	591.1	2921.5
948	591.6237	2979.167
949	592.1473	3019.5
950	592.6708	3030.5
951	593.1942	3027.833
952	593.7173	3046.167
953	594.2404	3082.167
954	594.7632	3133.833
955	595.2859	3143.167
956	595.8085	3230.833
957	596.3309	3168.833
958	596.8531	3139.5
959	597.3753	3080.167
960	597.8973	3116.5
961	598.4191	3088.5
962	598.9407	3098.167
963	599.4622	3084.833
964	599.9836	3236.833
965	600.5048	3155.167
966	601.0259	3114.5
967	601.5468	2985.833
968	602.0676	3155.167
969	602.5881	3233.5
970	603.1086	3372.833
971	603.6289	3262.167
972	604.149	3332.5
973	604.6691	3187.833
974	605.1889	3173.833
975	605.7086	3375.5
976	606.2282	3331.5
977	606.7476	3217.5
978	607.2668	2800.5
979	607.7859	2750.167
980	608.3049	2717.167
981	608.8237	2718.833
982	609.3423	2742.833
983	609.8608	2728.833
984	610.3792	2665.5
985	610.8974	2584.167
986	611.4154	2526.5
987	611.9333	2460.5
988	612.451	2479.167
989	612.9686	2428.167
990	613.4861	2399.5
991	614.0034	2325.167
992	614.5205	2428.5
993	615.0375	2425.167
994	615.5543	2705.833
995	616.071	2614.167
996	616.5876	2740.5
997	617.1039	2370.5
998	617.6202	2254.5
999	618.1363	2083.5
1000	618.6522	2081.167
1001	619.168	2105.167
1002	619.6836	2010.167
1003	620.1991	1933.167
1004	620.7144	1913.167
1005	621.2296	1866.833
1006	621.7446	1827.833
1007	622.2595	1735.833
1008	622.7742	1757.167
1009	623.2888	1791.5
1010	623.8032	1819.5
1011	624.3175	2142.5
1012	624.8316	2070.167
1013	625.3456	2325.833
1014	625.8594	2035.167
1015	626.373	2052.167
1016	626.8865	1801.833
1017	627.3999	1702.5
1018	627.9131	1673.833
1019	628.4262	1727.167
1020	628.9391	1744.5
1021	629.4519	1833.167
1022	629.9645	1815.167
1023	630.4769	1742.5
1024	630.9893	1635.833
1025	631.5014	1512.5
1026	632.0134	1517.833
1027	632.5253	1609.833
1028	633.037	1551.167
1029	633.5485	1617.833
1030	634.0599	1562.167
1031	634.5712	1567.833
1032	635.0823	1517.167
1033	635.5932	1405.167
1034	636.104	1407.167
1035	636.6146	1301.167
1036	637.1251	1295.833
1037	637.6355	1340.5
1038	638.1457	1387.833
1039	638.6557	1416.5
1040	639.1656	1325.5
1041	639.6754	1418.5
1042	640.1849	1471.5
1043	640.6943	1480.167
1044	641.2036	1344.5
1045	641.7128	1169.833
1046	642.2217	1118.5
1047	642.7306	1057.167
1048	643.2393	1106.167
1049	643.7477	1624.833
1050	644.2562	1659.5
1051	644.7643	1606.5
1052	645.2725	1384.833
1053	645.7803	1324.833
1054	646.2881	1385.833
1055	646.7958	1022.833
1056	647.3032	1087.167
1057	647.8105	1075.5
1058	648.3177	1124.167
1059	648.8247	1049.167
1060	649.3315	1033.167
1061	649.8383	1026.5
1062	650.3448	1063.833
1063	650.8513	1023.833
1064	651.3575	955.8332
1065	651.8636	964.4998
1066	652.3696	951.1665
1067	652.8754	1056.833
1068	653.381	1048.833
1069	653.8865	1105.5
1070	654.3918	1044.833
1071	654.897	1010.167
1072	655.4021	869.4998
1073	655.907	849.1665
1074	656.4117	1213.167
1075	656.9163	1255.5
1076	657.4208	1294.833
1077	657.925	918.8332
1078	658.4292	953.1665
1079	658.9332	894.8332
1080	659.437	835.8332
1081	659.9407	749.4998
1082	660.4442	732.8332
1083	660.9476	722.8332
1084	661.4508	704.1665
1085	661.9539	762.8332
1086	662.4568	844.1665
1087	662.9596	876.8332
1088	663.4622	826.4998
1089	663.9647	720.1665
1090	664.467	722.1665
1091	664.9692	716.8332
1092	665.4712	722.1665
1093	665.9731	649.1666
1094	666.4748	745.1665
1095	666.9763	810.4998
1096	667.4777	839.8332
1097	667.979	663.8332
1098	668.4801	619.4999
1099	668.9811	612.8332
1100	669.4819	648.8332
1101	669.9825	602.4999
1102	670.483	591.8332
1103	670.9833	572.8332
1104	671.4836	529.8332
1105	671.9836	592.4999
1106	672.4835	784.4998
1107	672.9832	887.1665
1108	673.4828	783.1665
1109	673.9822	558.1666
1110	674.4816	440.1665
1111	674.9807	469.4999
1112	675.4797	518.1666
1113	675.9785	563.1666
1114	676.4772	594.1666
1115	676.9757	617.4999
1116	677.4741	595.8332
1117	677.9723	552.8332
1118	678.4704	402.8332
1119	678.9683	349.1665
1120	679.4661	271.8332
1121	679.9637	381.8332
1122	680.4611	518.8332
1123	680.9584	584.8332
1124	681.4556	519.1666
1125	681.9526	409.4999
1126	682.4495	328.8332
1127	682.9462	298.4999
1128	683.4427	315.8332
1129	683.9391	309.4999
1130	684.4354	318.4999
1131	684.9315	314.8332
1132	685.4274	315.4999
1133	685.9232	291.1665
1134	686.4189	650.4999
1135	686.9144	706.8332
1136	687.4097	685.8332
1137	687.9049	404.4999
1138	688.4	404.1665
1139	688.8948	449.8332
1140	689.3896	334.4999
1141	689.8842	361.4999
1142	690.3786	391.4999
1143	690.8729	398.8332
1144	691.367	339.4999
1145	691.861	333.4999
1146	692.3548	349.1665
1147	692.8484	391.8332
1148	693.342	353.1665
1149	693.8353	281.8332
1150	694.3286	231.8332
1151	694.8216	231.8332
1152	695.3145	245.1665
1153	695.8073	326.4999
1154	696.2999	335.8332
1155	696.7924	398.4999
1156	697.2847	279.4999
1157	697.7768	210.1665
1158	698.2688	155.4999
1159	698.7606	227.8332
1160	699.2523	271.4999
1161	699.7439	259.4999
1162	700.2353	246.1665
1163	700.7265	182.4999
1164	701.2176	237.4999
1165	701.7085	166.1665
1166	702.1993	211.4999
1167	702.6899	177.8332
1168	703.1804	199.8332
1169	703.6707	292.4999
1170	704.1609	209.4999
1171	704.6509	271.4999
1172	705.1408	139.8332
1173	705.6305	152.8332
1174	706.1201	64.16654
1175	706.6095	140.8332
1176	707.0988	177.1665
1177	707.5879	154.1665
1178	708.0768	186.8332
1179	708.5656	638.8332
1180	709.0543	658.8332
1181	709.5428	598.8332
1182	710.0311	236.1665
1183	710.5193	244.1665
1184	711.0074	224.8332
1185	711.4953	86.16654
1186	711.983	151.8332
1187	712.4706	138.4999
1188	712.9581	204.1665
1189	713.4453	177.4999
1190	713.9324	135.8332
1191	714.4194	97.83321
1192	714.9063	281.4999
1193	715.3929	675.4999
1194	715.8795	750.8332
1195	716.3658	517.8332
1196	716.8521	103.8332
1197	717.3381	314.1665
1198	717.824	391.4999
1199	718.3098	448.4999
1200	718.7954	181.8332
1201	719.2809	81.83321
1202	719.7662	13.83321
1203	720.2513	0.0001
1204	720.7363	72.83321
1205	721.2212	127.4999
1206	721.7059	71.16654
1207	722.1904	0.0001
1208	722.6748	0.0001
1209	723.1591	132.4999
1210	723.6431	232.8332
1211	724.1271	261.4999
1212	724.6108	141.8332
1213	725.0945	137.8332
1214	725.5779	109.8332
1215	726.0613	164.4999
1216	726.5444	133.1665
1217	727.0275	107.1665
1218	727.5103	26.49988
1219	727.993	0.0001
1220	728.4756	53.16655
1221	728.958	86.49988
1222	729.4403	158.4999
1223	729.9224	119.1665
1224	730.4044	131.8332
1225	730.8862	92.49988
1226	731.3678	45.49988
1227	731.8493	43.16655
1228	732.3306	91.49988
1229	732.8118	54.16655
1230	733.2928	62.83321
1231	733.7737	18.49988
1232	734.2545	118.1665
1233	734.7351	81.16654
1234	735.2155	125.4999
1235	735.6958	73.49988
1236	736.1759	58.49988
1237	736.6559	0.0001
1238	737.1357	0.0001
1239	737.6154	0.0001
1240	738.0949	78.49988
1241	738.5742	14.49988
1242	739.0535	52.49988
1243	739.5325	0.0001
1244	740.0114	0.0001
1245	740.4902	0.0001
1246	740.9688	0.0001
1247	741.4472	28.83321
1248	741.9255	157.1665
1249	742.4036	126.4999
1250	742.8817	93.16654
1251	743.3595	0.0001
1252	743.8372	0.0001
1253	744.3147	0.0001
1254	744.7921	166.4999
1255	745.2693	146.4999
1256	745.7464	161.1665
1257	746.2233	20.83321
1258	746.7001	67.16654
1259	747.1767	407.8332
1260	747.6531	413.4999
1261	748.1295	402.1665
1262	748.6056	0.0001
1263	749.0816	0.0001
1264	749.5575	0.0001
1265	750.0332	0.0001
1266	750.5087	0.0001
1267	750.9841	0.0001
1268	751.4594	18.83321
1269	751.9344	0.0001
1270	752.4094	0.0001
1271	752.8842	0.0001
1272	753.3588	0.0001
1273	753.8333	0.0001
1274	754.3076	0.0001
1275	754.7818	0.0001
1276	755.2558	94.83321
1277	755.7297	310.1665
1278	756.2034	478.1665
1279	756.6769	444.8332
1280	757.1503	245.4999
1281	757.6236	59.49988
1282	758.0967	0.0001
1283	758.5696	0.0001
1284	759.0425	0.0001
1285	759.5151	0.0001
1286	759.9876	238.1665
1287	760.46	331.8332
1288	760.9321	376.4999
1289	761.4042	9.499878
1290	761.876	0.0001
1291	762.3478	0.0001
1292	762.8193	0.0001
1293	763.2908	15.16654
1294	763.762	0.0001
1295	764.2332	0.0001
1296	764.7042	0.0001
1297	765.1749	0.0001
1298	765.6456	0.0001
1299	766.1161	0.0001
1300	766.5865	0.0001
1301	767.0566	0.0001
1302	767.5267	0.0001
1303	767.9966	60.83321
1304	768.4664	31.83321
1305	768.9359	30.83321
1306	769.4054	0.0001
1307	769.8746	0.0001
1308	770.3438	0.0001
1309	770.8127	0.0001
1310	771.2816	0.0001
1311	771.7502	0.0001
1312	772.2188	157.4999
1313	772.6871	77.83321
1314	773.1553	188.8332
1315	773.6234	137.1665
1316	774.0913	146.8332
1317	774.5591	66.83321
1318	775.0267	0.0001
1319	775.4941	0.0001
1320	775.9614	0.0001
1321	776.4286	0.0001
1322	776.8956	0.0001
1323	777.3624	0.0001
1324	777.829	15.49988
1325	778.2956	0.0001
1326	778.762	0.0001
1327	779.2282	0.0001
1328	779.6943	0.0001
1329	780.1602	0.0001
1330	780.626	47.83321
1331	781.0916	91.83321
1332	781.557	73.16654
1333	782.0223	939.8333
1334	782.4875	876.5
1335	782.9525	915.1667
1336	783.4173	0.0001
1337	783.882	0.0001
1338	784.3466	0.0001
1339	784.8109	0.0001
1340	785.2751	0.0001
1341	785.7393	0.0001
1342	786.2032	0.0001
1343	786.6669	0.0001
1344	787.1306	0.0001
1345	787.5941	0.0001
1346	788.0574	0.0001
1347	788.5205	0.0001
1348	788.9835	104.8332
1349	789.4464	116.8332
1350	789.9091	210.4999
1351	790.3716	0.0001
1352	790.834	30.16654
1353	791.2963	0.0001
1354	791.7584	0.0001
1355	792.2203	0.0001
1356	792.6821	0.0001
1357	793.1437	0.0001
1358	793.6052	31.49988
1359	794.0665	447.8332
1360	794.5276	446.1665
1361	794.9887	379.4999
1362	795.4495	0.0001
1363	795.9103	0.0001
1364	796.3708	0.0001
1365	796.8312	0.0001
1366	797.2914	0.0001
1367	797.7515	0.0001
1368	798.2115	0.0001
1369	798.6713	0.0001
1370	799.1309	0.0001
1371	799.5904	0.0001
1372	800.0497	0.0001
1373	800.5089	0.0001
1374	800.968	0.0001
1375	801.4268	0.0001
1376	801.8855	0.0001
1377	802.3441	0.0001
1378	802.8025	0.0001
1379	803.2607	0.0001
1380	803.7189	0.0001
1381	804.1768	0.0001
1382	804.6346	0.0001
1383	805.0922	0.0001
1384	805.5497	0.0001
1385	806.0071	0.0001
1386	806.4642	0.0001
1387	806.9213	0.0001
1388	807.3782	0.0001
1389	807.8349	0.0001
1390	808.2914	0.0001
1391	808.7479	0.0001
1392	809.2041	0.0001
1393	809.6602	0.0001
1394	810.1161	0.0001
1395	810.572	0.0001
1396	811.0276	0.0001
1397	811.4831	0.0001
1398	811.9385	0.0001
1399	812.3937	0.0001
1400	812.8487	0.0001
1401	813.3036	0.0001
1402	813.7583	0.0001
1403	814.2128	0.0001
1404	814.6673	0.0001
1405	815.1215	0.0001
1406	815.5757	0.0001
1407	816.0296	0.0001
1408	816.4834	0.0001
1409	816.9371	0.0001
1410	817.3906	0.0001
1411	817.8439	27.49988
1412	818.2971	80.16654
1413	818.7501	0.0001
1414	819.203	18.49988
1415	819.6558	0.0001
1416	820.1083	0.0001
1417	820.5607	0.0001
1418	821.013	0.0001
1419	821.4651	0.0001
1420	821.9171	0.0001
1421	822.3689	0.0001
1422	822.8206	41.83321
1423	823.2721	172.4999
1424	823.7234	201.8332
1425	824.1746	126.8332
1426	824.6257	31.16654
1427	825.0765	15.49988
1428	825.5273	0.0001
1429	825.9778	0.0001
1430	826.4283	0.0001
1431	826.8785	0.0001
1432	827.3287	0.0001
1433	827.7786	0.0001
1434	828.2285	0.0001
1435	828.6781	0.0001
1436	829.1276	0.0001
1437	829.577	0.0001
1438	830.0261	0.0001
1439	830.4752	0.0001
1440	830.9241	0.0001
1441	831.3728	51.16655
1442	831.8214	239.1665
1443	832.2698	243.8332
1444	832.7181	162.8332
1445	833.1662	0.0001
1446	833.6141	3.499878
1447	834.062	0.0001
1448	834.5096	0.0001
1449	834.9572	0.0001
1450	835.4045	148.4999
1451	835.8517	293.8332
1452	836.2987	315.1665
1453	836.7456	37.83321
1454	837.1923	0.0001
1455	837.6389	0.0001
1456	838.0853	0.0001
1457	838.5316	0.0001
1458	838.9777	0.0001
1459	839.4237	104.1665
1460	839.8695	127.1665
1461	840.3152	84.49988
1462	840.7607	0.0001
1463	841.206	0.0001
1464	841.6512	127.8332
1465	842.0963	129.8332
1466	842.5411	247.1665
1467	842.9859	9.166545
1468	843.4305	38.49988
1469	843.8749	0.0001
1470	844.3192	0.0001
1471	844.7632	0.0001
1472	845.2072	0.0001
1473	845.6511	0.0001
1474	846.0947	0.0001
1475	846.5382	0.0001
1476	846.9816	0.0001
1477	847.4247	0.0001
1478	847.8678	0.0001
1479	848.3107	0.0001
1480	848.7534	0.0001
1481	849.196	0.0001
1482	849.6384	0.0001
1483	850.0807	0.0001
1484	850.5228	0.0001
1485	850.9647	100.8332
1486	851.4066	64.16654
1487	851.8482	23.16654
1488	852.2897	0.0001
1489	852.7311	0.0001
1490	853.1722	0.0001
1491	853.6133	0.0001
1492	854.0541	0.0001
1493	854.4949	0.0001
1494	854.9355	0.0001
1495	855.3759	0.0001
1496	855.8162	0.0001
1497	856.2563	0.0001
1498	856.6962	87.16654
1499	857.136	0.1665446
1500	857.5757	129.4999
1501	858.0152	20.16654
1502	858.4545	31.49988
1503	858.8937	0.0001
1504	859.3328	0.0001
1505	859.7716	0.0001
1506	860.2103	0.0001
1507	860.6489	51.49988
1508	861.0873	74.49988
1509	861.5256	0.0001
1510	861.9637	0.0001
1511	862.4017	0.0001
1512	862.8395	0.0001
1513	863.2771	0.0001
1514	863.7146	0.0001
1515	864.1519	0.0001
1516	864.5891	0.0001
1517	865.0261	0.0001
1518	865.463	53.16655
1519	865.8997	0.0001
1520	866.3363	0.0001
1521	866.7727	0.0001
1522	867.209	0.0001
1523	867.6451	0.0001
1524	868.081	0.0001
1525	868.5168	0.0001
1526	868.9525	0.0001
1527	869.3879	0.0001
1528	869.8232	0.0001
1529	870.2584	0.0001
1530	870.6935	0.0001
1531	871.1284	0.0001
1532	871.563	0.0001
1533	871.9976	0.0001
1534	872.432	17.16654
1535	872.8663	0.0001
1536	873.3004	30.16654
1537	873.7343	58.49988
1538	874.1681	80.83321
1539	874.6017	0.0001
1540	875.0352	0.0001
1541	875.4685	0.0001
1542	875.9017	0.0001
1543	876.3347	0.0001
1544	876.7676	0.0001
1545	877.2003	0.0001
1546	877.6328	0.0001
1547	878.0652	0.0001
1548	878.4974	37.49988
1549	878.9296	0.0001
1550	879.3615	80.16654
1551	879.7933	40.49988
1552	880.2249	224.4999
1553	880.6564	169.1665
1554	881.0877	32.16655
1555	881.5189	0.0001
1556	881.9498	0.0001
1557	882.3807	0.0001
1558	882.8114	0.0001
1559	883.2419	0.0001
1560	883.6723	261.4999
1561	884.1025	259.1665
1562	884.5327	257.1665
1563	884.9626	0.0001
1564	885.3923	78.83321
1565	885.822	114.8332
1566	886.2514	25.49988
1567	886.6807	0.0001
1568	887.1099	0.0001
1569	887.5389	0.0001
1570	887.9677	0.0001
1571	888.3964	0.0001
1572	888.825	0.0001
1573	889.2533	81.83321
1574	889.6815	79.16654
1575	890.1096	56.16655
1576	890.5375	0.0001
1577	890.9653	0.0001
1578	891.3929	0.0001
1579	891.8204	0.0001
1580	892.2477	0.0001
1581	892.6748	0.0001
1582	893.1018	162.8332
1583	893.5286	184.4999
1584	893.9553	230.1665
1585	894.3818	0.0001
1586	894.8082	0.0001
1587	895.2344	0.0001
1588	895.6605	0.0001
1589	896.0864	0.0001
1590	896.5121	0.0001
1591	896.9377	31.16654
1592	897.3632	357.4999
1593	897.7885	732.4998
1594	898.2136	716.4998
1595	898.6385	374.1665
1596	899.0634	0.0001
1597	899.488	0.0001
1598	899.9125	0.0001
1599	900.3369	0.0001
1600	900.7611	0.0001
1601	901.1852	0.0001
1602	901.6091	0.0001
1603	902.0328	0.0001
1604	902.4564	0.0001
1605	902.8798	0.0001
1606	903.303	0.0001
1607	903.7262	0.0001
1608	904.1492	0.0001
1609	904.572	0.0001
1610	904.9946	0.0001
1611	905.4171	0.0001
1612	905.8395	0.0001
1613	906.2617	0.0001
1614	906.6837	0.0001
1615	907.1056	0.0001
1616	907.5273	0.0001
1617	907.9489	0.0001
1618	908.3703	0.0001
1619	908.7915	0.0001
1620	909.2126	0.0001
1621	909.6336	0.0001
1622	910.0544	0.0001
1623	910.475	0.0001
1624	910.8955	0.0001
1625	911.3159	0.0001
1626	911.736	0.0001
1627	912.1561	0.0001
1628	912.5759	0.0001
1629	912.9956	125.8332
1630	913.4152	45.83321
1631	913.8346	19.16654
1632	914.2538	0.0001
1633	914.6729	0.0001
1634	915.0919	0.0001
1635	915.5106	0.0001
1636	915.9293	0.0001
1637	916.3477	0.0001
1638	916.7661	0.0001
1639	917.1842	0.0001
1640	917.6022	0.0001
1641	918.0201	0.0001
1642	918.4377	0.0001
1643	918.8553	0.0001
1644	919.2727	0.0001
1645	919.6899	0.0001
1646	920.107	0.0001
1647	920.5239	15.83321
1648	920.9407	0.8332112
1649	921.3573	0.0001
1650	921.7737	0.0001
1651	922.19	0.0001
1652	922.6062	0.0001
1653	923.0222	0.0001
1654	923.438	0.0001
1655	923.8537	0.0001
1656	924.2692	0.0001
1657	924.6846	0.0001
1658	925.0998	0.0001
1659	925.5148	75.16654
1660	925.9297	61.83321
1661	926.3445	39.16655
1662	926.7591	0.0001
1663	927.1735	0.0001
1664	927.5878	0.0001
1665	928.002	0.0001
1666	928.4159	0.0001
1667	928.8297	0.0001
1668	929.2434	92.83321
1669	929.6569	89.49988
1670	930.0703	429.4999
1671	930.4835	319.1665
1672	930.8965	312.4999
1673	931.3094	0.0001
1674	931.7221	0.0001
1675	932.1347	0.0001
1676	932.5471	0.0001
1677	932.9594	0.0001
1678	933.3715	0.0001
1679	933.7834	0.0001
1680	934.1953	0.0001
1681	934.6069	0.0001
1682	935.0184	0.0001
1683	935.4297	0.0001
1684	935.8409	0.0001
1685	936.2519	0.0001
1686	936.6628	0.0001
1687	937.0735	0.0001
1688	937.484	0.0001
1689	937.8944	0.0001
1690	938.3047	0.0001
1691	938.7148	0.0001
1692	939.1247	0.0001
1693	939.5345	279.8332
1694	939.9441	439.1665
1695	940.3536	396.4999
1696	940.7629	26.83321
1697	941.1721	0.0001
1698	941.5811	3.499878
1699	941.9899	0.0001
1700	942.3986	0.0001
1701	942.8071	0.0001
1702	943.2155	60.49988
1703	943.6237	56.49988
1704	944.0318	23.49988
1705	944.4397	0.0001
1706	944.8475	0.0001
1707	945.2551	0.0001
1708	945.6625	0.0001
1709	946.0698	0.0001
1710	946.4769	0.0001
1711	946.8839	0.0001
1712	947.2908	0.0001
1713	947.6974	0.0001
1714	948.1039	0.0001
1715	948.5103	0.1665446
1716	948.9165	82.83321
1717	949.3226	131.4999
1718	949.7285	13.49988
1719	950.1342	0.0001
1720	950.5397	0.0001
1721	950.9452	0.0001
1722	951.3505	0.0001
1723	951.7556	6.833211
1724	952.1605	56.49988
1725	952.5653	0.0001
1726	952.97	0.0001
1727	953.3745	0.0001
1728	953.7788	0.0001
1729	954.183	0.0001
1730	954.587	0.0001
1731	954.9909	0.0001
1732	955.3946	0.0001
1733	955.7982	35.83321
1734	956.2015	0.0001
1735	956.6048	0.0001
1736	957.0079	0.0001
1737	957.4108	0.0001
1738	957.8136	82.16654
1739	958.2162	0.0001
1740	958.6187	0.0001
1741	959.0211	0.0001
1742	959.4232	0.0001
1743	959.8252	197.8332
1744	960.2271	301.8332
1745	960.6287	247.1665
1746	961.0303	0.0001
1747	961.4316	0.0001
1748	961.8329	0.0001
1749	962.2339	0.0001
1750	962.6348	0.0001
1751	963.0356	0.0001
1752	963.4362	0.0001
1753	963.8367	0.0001
1754	964.2369	0.0001
1755	964.6371	0.0001
1756	965.037	0.0001
1757	965.4369	105.4999
1758	965.8365	90.49988
1759	966.236	0.0001
1760	966.6354	0.0001
1761	967.0346	0.0001
1762	967.4337	0.0001
1763	967.8325	0.0001
1764	968.2313	0.0001
1765	968.6298	0.0001
1766	969.0283	0.0001
1767	969.4265	0.0001
1768	969.8246	0.0001
1769	970.2226	0.0001
1770	970.6204	0.0001
1771	971.018	0.0001
1772	971.4155	0.0001
1773	971.8128	46.83321
1774	972.21	0.0001
1775	972.607	0.0001
1776	973.0039	0.0001
1777	973.4006	0.0001
1778	973.7971	0.0001
1779	974.1935	530.1666
1780	974.5898	586.1666
1781	974.9858	449.4999
1782	975.3818	14.83321
1783	975.7775	16.83321
1784	976.1732	7.166544
1785	976.5686	0.0001
1786	976.9639	39.16655
1787	977.3591	0.0001
1788	977.754	9.166545
1789	978.1489	0.0001
1790	978.5436	21.16654
1791	978.938	76.16654
1792	979.3325	118.1665
1793	979.7266	74.16654
1794	980.1207	143.1665
1795	980.5146	20.83321
1796	980.9083	15.49988
1797	981.3019	0.0001
1798	981.6954	0.0001
1799	982.0886	0.0001
1800	982.4818	26.49988
1801	982.8747	0.0001
1802	983.2675	0.0001
1803	983.6602	0.0001
1804	984.0527	0.0001
1805	984.445	0.0001
1806	984.8372	0.0001
1807	985.2292	0.0001
1808	985.621	0.0001
1809	986.0128	0.0001
1810	986.4044	4.499878
1811	986.7957	0.0001
1812	987.187	0.0001
1813	987.5781	0.0001
1814	987.969	0.0001
1815	988.3597	36.49988
1816	988.7504	90.16654
1817	989.1409	49.83321
1818	989.5311	15.83321
1819	989.9213	0.0001
1820	990.3113	34.49988
1821	990.7011	23.49988
1822	991.0908	0.0001
1823	991.4803	0.0001
1824	991.8697	0.0001
1825	992.2589	0.0001
1826	992.648	75.16654
1827	993.0369	182.8332
1828	993.4257	197.8332
1829	993.8142	0.0001
1830	994.2026	77.49988
1831	994.5909	88.16654
1832	994.9791	191.4999
1833	995.367	0.0001
1834	995.7548	0.0001
1835	996.1425	0.0001
1836	996.53	0.0001
1837	996.9173	0.0001
1838	997.3045	0.0001
1839	997.6915	0.0001
1840	998.0784	0.0001
1841	998.4651	0.0001
1842	998.8516	64.49988
1843	999.238	77.49988
1844	999.6243	37.49988
1845	1000.01	23.16654
1846	1000.396	57.83321
1847	1000.782	0.0001
1848	1001.168	0.0001
1849	1001.553	280.1665
1850	1001.938	350.4999
1851	1002.324	352.8332
1852	1002.709	0.0001
1853	1003.093	0.0001
1854	1003.478	0.0001
1855	1003.863	0.0001
1856	1004.247	0.0001
1857	1004.631	0.0001
1858	1005.015	0.0001
1859	1005.399	0.0001
1860	1005.783	0.0001
1861	1006.167	0.0001
1862	1006.55	0.0001
1863	1006.933	0.0001
1864	1007.316	0.0001
1865	1007.699	0.0001
1866	1008.082	0.0001
1867	1008.465	0.0001
1868	1008.847	0.0001
1869	1009.23	0.0001
1870	1009.612	0.0001
1871	1009.994	0.0001
1872	1010.376	0.0001
1873	1010.757	0.0001
1874	1011.139	0.0001
1875	1011.52	0.0001
1876	1011.901	0.0001
1877	1012.283	0.0001
1878	1012.664	0.0001
1879	1013.044	0.0001
1880	1013.425	0.0001
1881	1013.805	0.0001
1882	1014.186	0.0001
1883	1014.566	0.0001
1884	1014.946	0.0001
1885	1015.326	0.0001
1886	1015.705	0.0001
1887	1016.085	0.0001
1888	1016.464	10.16654
1889	1016.843	50.16655
1890	1017.222	10.16654
1891	1017.601	0.0001
1892	1017.98	0.0001
1893	1018.359	0.0001
1894	1018.737	0.0001
1895	1019.115	0.0001
1896	1019.493	0.0001
1897	1019.871	0.0001
1898	1020.249	0.0001
1899	1020.627	0.0001
1900	1021.004	0.0001
1901	1021.382	0.0001
1902	1021.759	0.0001
1903	1022.136	0.0001
1904	1022.513	0.0001
1905	1022.889	0.0001
1906	1023.266	0.0001
1907	1023.642	0.0001
1908	1024.018	0.0001
1909	1024.395	0.0001
1910	1024.77	7.499878
1911	1025.146	23.83321
1912	1025.522	0.1665446
1913	1025.897	0.0001
1914	1026.272	0.0001
1915	1026.648	0.0001
1916	1027.023	0.0001
1917	1027.397	0.0001
1918	1027.772	0.0001
1919	1028.146	0.0001
1920	1028.521	0.0001
1921	1028.895	0.0001
1922	1029.269	0.0001
1923	1029.643	0.0001
1924	1030.017	0.0001
1925	1030.39	0.0001
1926	1030.764	0.0001
1927	1031.137	0.0001
1928	1031.51	0.0001
1929	1031.883	0.0001
1930	1032.256	318.8332
1931	1032.628	588.4999
1932	1033.001	497.8332
1933	1033.373	209.1665
1934	1033.745	0.0001
1935	1034.117	0.0001
1936	1034.489	0.0001
1937	1034.861	0.0001
1938	1035.232	0.0001
1939	1035.604	0.0001
1940	1035.975	0.0001
1941	1036.346	0.0001
1942	1036.717	0.0001
1943	1037.088	239.4999
1944	1037.458	265.1665
1945	1037.828	251.8332
1946	1038.199	0.0001
1947	1038.569	0.0001
1948	1038.939	0.0001
1949	1039.309	0.0001
1950	1039.678	0.0001
1951	1040.048	0.0001
1952	1040.417	0.0001
1953	1040.786	0.0001
1954	1041.155	0.0001
1955	1041.524	0.0001
1956	1041.893	0.0001
1957	1042.261	0.0001
1958	1042.63	0.0001
1959	1042.998	0.0001
1960	1043.366	0.0001
1961	1043.734	9.833211
1962	1044.102	16.16654
1963	1044.469	0.0001
1964	1044.837	0.0001
1965	1045.204	0.0001
1966	1045.571	0.0001
1967	1045.938	0.0001
1968	1046.305	0.0001
1969	1046.672	0.0001
1970	1047.038	0.0001
1971	1047.404	0.0001
1972	1047.771	0.0001
1973	1048.136	0.0001
1974	1048.502	3.166545
1975	1048.868	0.0001
1976	1049.234	0.0001
1977	1049.599	0.0001
1978	1049.964	0.0001
1979	1050.329	0.0001
1980	1050.694	52.49988
1981	1051.059	146.8332
1982	1051.424	190.4999
1983	1051.788	0.0001
1984	1052.152	0.0001
1985	1052.516	0.0001
1986	1052.88	31.16654
1987	1053.244	48.49988
1988	1053.608	93.83321
1989	1053.971	131.1665
1990	1054.335	148.1665
1991	1054.698	267.4999
1992	1055.061	90.16654
1993	1055.424	35.83321
1994	1055.787	22.83321
1995	1056.149	63.83321
1996	1056.512	151.8332
1997	1056.874	0.0001
1998	1057.236	0.0001
1999	1057.598	0.0001
2000	1057.96	0.0001
2001	1058.321	0.0001
2002	1058.683	0.0001
2003	1059.044	0.0001
2004	1059.405	0.0001
2005	1059.766	0.0001
2006	1060.127	0.0001
2007	1060.488	0.0001
2008	1060.848	0.0001
2009	1061.209	0.0001
2010	1061.569	0.0001
2011	1061.929	26.49988
2012	1062.289	23.83321
2013	1062.648	0.0001
2014	1063.008	26.49988
2015	1063.367	452.4999
2016	1063.727	544.8332
2017	1064.086	446.4999
2018	1064.445	85.49988
2019	1064.804	0.0001
2020	1065.162	0.0001
2021	1065.521	213.1665
2022	1065.879	272.4999
2023	1066.237	295.8332
2024	1066.595	0.0001
2025	1066.953	0.0001
2026	1067.311	0.0001
2027	1067.668	0.0001
2028	1068.026	0.0001
2029	1068.383	0.0001
2030	1068.74	0.0001
2031	1069.097	0.0001
2032	1069.453	0.0001
2033	1069.81	0.0001
2034	1070.166	64.83321
2035	1070.523	0.0001
2036	1070.879	0.0001
2037	1071.235	0.0001
2038	1071.591	0.0001
2039	1071.946	1.499878
2040	1072.302	59.16655
2041	1072.657	93.83321
2042	1073.012	11.16654
2043	1073.367	34.16655
2044	1073.722	0.0001
2045	1074.077	0.0001
2046	1074.431	0.0001
2047	1074.786	0.0001
