0	28.36968	414.2
1	29.03326	222.9333
2	29.69669	0.0001
3	30.35998	0.0001
4	31.02312	0.0001
5	31.68612	0.0001
6	32.34897	0.0001
7	33.01168	0.0001
8	33.67424	0.0001
9	34.33666	0.0001
10	34.99894	0.0001
11	35.66106	0.0001
12	36.32305	0.0001
13	36.98489	0.0001
14	37.64658	0.0001
15	38.30814	1023.067
16	38.96954	1161.4
17	39.6308	1182.733
18	40.29192	0.0001
19	40.95289	0.0001
20	41.61372	0.0001
21	42.2744	0.0001
22	42.93494	33.73323
23	43.59533	78.73324
24	44.25558	24.06657
25	44.91568	754.3999
26	45.57564	736.7332
27	46.23545	734.3999
28	46.89512	0.0001
29	47.55465	0.0001
30	48.21402	0.0001
31	48.87326	123.3999
32	49.53235	40.73323
33	50.1913	71.73324
34	50.85009	0.0001
35	51.50875	0.0001
36	52.16726	0.0001
37	52.82563	0.0001
38	53.48384	0.0001
39	54.14192	17.3999
40	54.79985	0.0001
41	55.45764	11.06657
42	56.11528	0.0001
43	56.77278	0.0001
44	57.43013	0.0001
45	58.08733	0.0001
46	58.7444	111.3999
47	59.40131	142.0666
48	60.05809	516.7332
49	60.71471	219.7332
50	61.3712	239.7332
51	62.02753	0.0001
52	62.68372	0.0001
53	63.33977	0.0001
54	63.99567	20.06657
55	64.65143	106.3999
56	65.30704	68.3999
57	65.96251	236.7332
58	66.61784	231.0666
59	67.27301	214.3999
60	67.92805	0.0001
61	68.58293	3.066569
62	69.23768	81.3999
63	69.89227	128.7332
64	70.54672	0.0001
65	71.20103	0.0001
66	71.85519	0.0001
67	72.50922	48.3999
68	73.16309	2.733236
69	73.81681	0.0001
70	74.4704	0.0001
71	75.12383	0.0001
72	75.77712	16.06657
73	76.43027	23.3999
74	77.08327	0.0001
75	77.73613	13.3999
76	78.38884	0.0001
77	79.04141	8.399902
78	79.69383	0.0001
79	80.34611	0.0001
80	80.99824	0.0001
81	81.65022	0.0001
82	82.30207	40.73323
83	82.95377	141.7332
84	83.60532	137.0666
85	84.25672	64.73324
86	84.90798	0.0001
87	85.5591	0.0001
88	86.21007	0.0001
89	86.86089	0.0001
90	87.51157	29.06657
91	88.16211	0.0001
92	88.8125	0.0001
93	89.46274	0.0001
94	90.11284	0.0001
95	90.76279	0.0001
96	91.41261	11.06657
97	92.06227	13.73324
98	92.71178	12.73324
99	93.36116	0.0001
100	94.01038	0.0001
101	94.65947	0.0001
102	95.30841	0.0001
103	95.9572	0.0001
104	96.60584	0.0001
105	97.25435	0.0001
106	97.9027	0.0001
107	98.55092	0.0001
108	99.19898	0.0001
109	99.8469	0.0001
110	100.4947	0.0001
111	101.1423	553.3999
112	101.7898	576.3999
113	102.4371	587.3999
114	103.0843	71.3999
115	103.7314	49.3999
116	104.3783	56.73323
117	105.025	0.0001
118	105.6716	0.0001
119	106.3181	0.0001
120	106.9644	0.0001
121	107.6106	0.0001
122	108.2566	0.0001
123	108.9025	0.0001
124	109.5483	0.0001
125	110.1939	0.0001
126	110.8393	261.7332
127	111.4846	100.3999
128	112.1298	416.7332
129	112.7748	159.0666
130	113.4197	420.0666
131	114.0644	151.3999
132	114.709	137.3999
133	115.3534	3.733236
134	115.9977	0.0001
135	116.6418	0.0001
136	117.2858	0.0001
137	117.9297	0.0001
138	118.5734	0.0001
139	119.2169	0.0001
140	119.8603	0.0001
141	120.5036	0.0001
142	121.1467	0.0001
143	121.7897	0.0001
144	122.4325	0.0001
145	123.0752	0.0001
146	123.7178	0.0001
147	124.3602	0.0001
148	125.0024	0.0001
149	125.6445	0.0001
150	126.2865	0.0001
151	126.9283	0.0001
152	127.5699	0.0001
153	128.2115	0.0001
154	128.8528	0.0001
155	129.4941	0.0001
156	130.1351	33.06657
157	130.7761	82.73324
158	131.4169	495.0666
159	132.0575	411.0666
160	132.698	324.0666
161	133.3384	0.0001
162	133.9786	0.0001
163	134.6187	0.0001
164	135.2586	0.0001
165	135.8984	0.0001
166	136.538	0.0001
167	137.1775	0.0001
168	137.8168	0.0001
169	138.456	0.0001
170	139.095	0.0001
171	139.7339	0.0001
172	140.3727	0.0001
173	141.0113	23.06657
174	141.6498	0.0001
175	142.2881	0.0001
176	142.9263	0.0001
177	143.5643	30.3999
178	144.2022	32.3999
179	144.8399	61.06657
180	145.4775	64.3999
181	146.1149	22.3999
182	146.7522	0.0001
183	147.3894	0.0001
184	148.0264	0.0001
185	148.6632	0.0001
186	149.3	0.0001
187	149.9365	0.0001
188	150.5729	0.0001
189	151.2092	0.0001
190	151.8454	0.0001
191	152.4813	0.0001
192	153.1172	113.3999
193	153.7529	27.3999
194	154.3884	124.7332
195	155.0238	52.73323
196	155.6591	28.73324
197	156.2942	0.0001
198	156.9291	0.0001
199	157.564	0.0001
200	158.1986	9.399902
201	158.8332	0.0001
202	159.4675	0.0001
203	160.1018	0.0001
204	160.7359	0.0001
205	161.3698	10.73324
206	162.0036	0.0001
207	162.6373	13.06657
208	163.2708	0.0001
209	163.9041	71.3999
210	164.5373	14.06657
211	165.1704	0.0001
212	165.8033	0.0001
213	166.4361	0.0001
214	167.0687	0.0001
215	167.7012	0.0001
216	168.3335	0.0001
217	168.9657	0.0001
218	169.5978	0.0001
219	170.2297	0.0001
220	170.8614	0.0001
221	171.493	0.0001
222	172.1245	0.0001
223	172.7558	0.0001
224	173.387	11.06657
225	174.018	49.3999
226	174.6489	0.0001
227	175.2796	0.0001
228	175.9102	0.0001
229	176.5406	44.06657
230	177.1709	48.3999
231	177.8011	0.0001
232	178.4311	0.0001
233	179.0609	0.0001
234	179.6906	0.0001
235	180.3202	18.73324
236	180.9496	0.0001
237	181.5789	0.0001
238	182.208	0.0001
239	182.837	0.0001
240	183.4658	0.0001
241	184.0945	0.0001
242	184.723	0.0001
243	185.3514	0.0001
244	185.9797	0.0001
245	186.6078	0.0001
246	187.2357	0.0001
247	187.8635	0.0001
248	188.4912	0.0001
249	189.1187	0.0001
250	189.7461	0.0001
251	190.3733	0.0001
252	191.0004	0.0001
253	191.6273	0.0001
254	192.2541	39.06657
255	192.8808	6.399902
256	193.5072	21.3999
257	194.1336	0.0001
258	194.7598	0.0001
259	195.3858	0.0001
260	196.0117	16.06657
261	196.6375	72.06657
262	197.2631	232.0666
263	197.8886	189.0666
264	198.5139	229.7332
265	199.1391	0.0001
266	199.7641	0.0001
267	200.389	459.0666
268	201.0137	471.3999
269	201.6383	449.0666
270	202.2628	0.0001
271	202.8871	0.0001
272	203.5112	0.0001
273	204.1352	0.0001
274	204.7591	0.0001
275	205.3828	0.0001
276	206.0064	0.0001
277	206.6298	0.0001
278	207.2531	0.0001
279	207.8762	0.0001
280	208.4992	8.733235
281	209.122	86.73324
282	209.7447	0.0001
283	210.3672	10.3999
284	210.9896	0.0001
285	211.6119	0.0001
286	212.234	0.0001
287	212.8559	0.0001
288	213.4778	0.0001
289	214.0994	0.0001
290	214.7209	0.0001
291	215.3423	0.0001
292	215.9635	0.0001
293	216.5846	0.0001
294	217.2055	152.3999
295	217.8263	194.7332
296	218.447	357.0666
297	219.0675	130.3999
298	219.6878	233.3999
299	220.308	160.3999
300	220.9281	373.3999
301	221.548	257.7332
302	222.1677	172.3999
303	222.7873	0.0001
304	223.4068	0.0001
305	224.0261	0.0001
306	224.6453	0.0001
307	225.2643	0.0001
308	225.8832	0.0001
309	226.5019	0.0001
310	227.1205	52.3999
311	227.739	69.06657
312	228.3573	42.3999
313	228.9754	15.3999
314	229.5934	0.0001
315	230.2112	0.0001
316	230.8289	0.0001
317	231.4465	0.0001
318	232.0639	0.0001
319	232.6812	0.0001
320	233.2983	0.0001
321	233.9153	22.06657
322	234.5321	26.06657
323	235.1488	251.7332
324	235.7653	184.0666
325	236.3817	129.0666
326	236.998	0.0001
327	237.6141	0.0001
328	238.23	0.0001
329	238.8458	46.06657
330	239.4615	31.06657
331	240.077	29.73324
332	240.6923	0.0001
333	241.3075	0.0001
334	241.9226	0.0001
335	242.5375	0.0001
336	243.1523	0.0001
337	243.7669	0.0001
338	244.3814	0.0001
339	244.9957	0.0001
340	245.6099	0.0001
341	246.224	0.0001
342	246.8379	0.0001
343	247.4516	0.0001
344	248.0652	0.0001
345	248.6786	0.0001
346	249.292	0.0001
347	249.9051	0.0001
348	250.5181	0.0001
349	251.131	0.0001
350	251.7437	0.0001
351	252.3563	0.0001
352	252.9687	0.0001
353	253.581	0.0001
354	254.1931	0.0001
355	254.8051	0.0001
356	255.4169	0.0001
357	256.0286	0.0001
358	256.6402	87.06657
359	257.2516	126.7332
360	257.8628	230.7332
361	258.4739	0.0001
362	259.0849	17.73324
363	259.6957	404.3999
364	260.3063	419.7332
365	260.9169	420.0666
366	261.5272	0.0001
367	262.1375	0.0001
368	262.7475	0.0001
369	263.3575	0.0001
370	263.9672	0.0001
371	264.5769	33.06657
372	265.1864	25.73324
373	265.7957	21.73324
374	266.4049	0.0001
375	267.0139	0.0001
376	267.6228	0.0001
377	268.2316	139.3999
378	268.8402	466.7332
379	269.4486	485.3999
380	270.0569	236.3999
381	270.6651	0.0001
382	271.2731	26.06657
383	271.881	0.0001
384	272.4887	0.0001
385	273.0963	0.0001
386	273.7037	0.0001
387	274.311	0.0001
388	274.9182	10.73324
389	275.5251	75.3999
390	276.132	0.0001
391	276.7387	0.0001
392	277.3452	0.0001
393	277.9516	0.0001
394	278.5579	0.0001
395	279.164	0.0001
396	279.7699	33.73323
397	280.3757	67.06657
398	280.9814	61.73323
399	281.5869	0.0001
400	282.1923	0.0001
401	282.7975	0.0001
402	283.4026	0.0001
403	284.0075	0.0001
404	284.6123	0.0001
405	285.2169	0.0001
406	285.8214	135.0666
407	286.4258	515.3999
408	287.0299	962.0666
409	287.634	729.3999
410	288.2379	482.3999
411	288.8416	8.399902
412	289.4452	0.0001
413	290.0487	0.0001
414	290.652	0.0001
415	291.2552	0.0001
416	291.8582	0.0001
417	292.461	0.0001
418	293.0638	0.0001
419	293.6663	0.0001
420	294.2687	147.0666
421	294.871	189.0666
422	295.4731	133.3999
423	296.0751	23.06657
424	296.677	0.0001
425	297.2787	44.73323
426	297.8802	0.0001
427	298.4816	28.06657
428	299.0828	177.7332
429	299.6839	124.0666
430	300.2849	5.066569
431	300.8857	0.0001
432	301.4864	0.0001
433	302.0869	0.0001
434	302.6872	0.0001
435	303.2874	42.06657
436	303.8875	33.3999
437	304.4874	0.0001
438	305.0872	0.0001
439	305.6868	148.0666
440	306.2863	595.0666
441	306.8856	630.3999
442	307.4848	436.3999
443	308.0838	0.0001
444	308.6827	0.0001
445	309.2815	0.0001
446	309.8801	0.0001
447	310.4785	0.0001
448	311.0768	0.0001
449	311.675	0.0001
450	312.2729	0.0001
451	312.8708	0.0001
452	313.4685	0.0001
453	314.0661	9.066569
454	314.6635	0.0001
455	315.2608	0.0001
456	315.8579	393.7332
457	316.4549	387.7332
458	317.0517	495.7332
459	317.6483	0.0001
460	318.2449	0.0001
461	318.8412	0.0001
462	319.4375	0.0001
463	320.0336	0.0001
464	320.6295	0.0001
465	321.2253	0.0001
466	321.821	0.0001
467	322.4164	0.0001
468	323.0118	0.0001
469	323.607	0.0001
470	324.2021	0.0001
471	324.797	0.0001
472	325.3917	0.0001
473	325.9863	0.0001
474	326.5808	0.0001
475	327.1751	34.3999
476	327.7693	12.06657
477	328.3633	0.0001
478	328.9572	0.0001
479	329.5509	0.0001
480	330.1444	12.3999
481	330.7379	0.0001
482	331.3312	218.7332
483	331.9243	227.7332
484	332.5173	545.7332
485	333.1101	291.0666
486	333.7028	316.3999
487	334.2953	0.0001
488	334.8878	30.73324
489	335.48	0.0001
490	336.0721	0.0001
491	336.664	0.0001
492	337.2559	0.0001
493	337.8475	0.0001
494	338.439	0.0001
495	339.0304	0.0001
496	339.6216	72.73324
497	340.2126	109.3999
498	340.8036	0.0001
499	341.3943	0.0001
500	341.985	0.0001
501	342.5754	0.0001
502	343.1658	0.0001
503	343.756	31.3999
504	344.346	143.0666
505	344.9359	119.3999
506	345.5256	0.0001
507	346.1152	0.0001
508	346.7046	0.0001
509	347.2939	0.0001
510	347.8831	0.0001
511	348.472	16.73324
512	349.0609	0.0001
513	349.6496	0.0001
514	350.2381	0.0001
515	350.8265	0.0001
516	351.4148	0.0001
517	352.0029	0.0001
518	352.5909	0.0001
519	353.1787	0.0001
520	353.7664	0.0001
521	354.3539	0.0001
522	354.9412	0.0001
523	355.5284	0.0001
524	356.1155	15.06657
525	356.7025	5.733236
526	357.2892	12.06657
527	357.8759	2.399902
528	358.4623	111.7332
529	359.0487	71.73324
530	359.6349	68.3999
531	360.2209	0.0001
532	360.8068	0.0001
533	361.3925	0.0001
534	361.9781	0.0001
535	362.5636	0.0001
536	363.1489	0.0001
537	363.734	0.0001
538	364.319	0.0001
539	364.9039	0.0001
540	365.4886	0.0001
541	366.0731	0.0001
542	366.6575	0.0001
543	367.2418	0.0001
544	367.8259	0.0001
545	368.4099	0.0001
546	368.9937	0.0001
547	369.5774	0.0001
548	370.1609	0.0001
549	370.7443	35.3999
550	371.3275	11.3999
551	371.9106	27.06657
552	372.4935	58.06657
553	373.0763	31.06657
554	373.6589	0.0001
555	374.2414	0.0001
556	374.8237	6.733236
557	375.4059	5.733236
558	375.9879	37.3999
559	376.5698	0.0001
560	377.1516	26.06657
561	377.7332	73.06657
562	378.3146	42.06657
563	378.8959	46.06657
564	379.4771	0.0001
565	380.0581	0.0001
566	380.6389	0.0001
567	381.2196	0.0001
568	381.8002	14.73324
569	382.3806	27.73324
570	382.9608	117.3999
571	383.541	0.0001
572	384.1209	118.3999
573	384.7007	40.06657
574	385.2804	32.06657
575	385.8599	0.0001
576	386.4393	1.399902
577	387.0185	16.06657
578	387.5976	0.0001
579	388.1765	8.399902
580	388.7553	0.0001
581	389.3339	0.0001
582	389.9124	0.0001
583	390.4908	0.0001
584	391.0689	167.7332
585	391.647	155.7332
586	392.2249	180.7332
587	392.8026	0.0001
588	393.3802	0.0001
589	393.9576	0.0001
590	394.5349	0.0001
591	395.1121	0.0001
592	395.6891	44.73323
593	396.2659	195.3999
594	396.8426	19.3999
595	397.4192	18.06657
596	397.9956	0.0001
597	398.5718	203.3999
598	399.1479	169.7332
599	399.7239	185.7332
600	400.2997	0.0001
601	400.8754	0.0001
602	401.4509	0.0001
603	402.0262	0.0001
604	402.6015	140.7332
605	403.1765	127.3999
606	403.7515	147.7332
607	404.3262	0.0001
608	404.9008	7.066569
609	405.4753	9.399902
610	406.0497	0.0001
611	406.6238	0.0001
612	407.1979	0.0001
613	407.7718	0.0001
614	408.3455	0.0001
615	408.9191	0.0001
616	409.4925	0.0001
617	410.0658	0.0001
618	410.6389	196.3999
619	411.2119	295.0666
620	411.7848	339.7332
621	412.3575	67.3999
622	412.93	0.0001
623	413.5024	0.0001
624	414.0746	0.0001
625	414.6467	0.0001
626	415.2187	0.0001
627	415.7905	0.0001
628	416.3621	0.0001
629	416.9336	0.0001
630	417.505	0.0001
631	418.0762	0.0001
632	418.6472	0.0001
633	419.2182	0.0001
634	419.7889	0.0001
635	420.3595	0.0001
636	420.93	0.0001
637	421.5003	0.0001
638	422.0705	15.3999
639	422.6405	0.0001
640	423.2104	0.0001
641	423.7801	74.3999
642	424.3497	87.73324
643	424.9191	68.3999
644	425.4884	0.0001
645	426.0575	14.06657
646	426.6265	0.0001
647	427.1953	0.0001
648	427.764	0.0001
649	428.3325	0.0001
650	428.9009	0.0001
651	429.4691	0.0001
652	430.0372	0.0001
653	430.6051	0.0001
654	431.1729	71.73324
655	431.7406	55.73323
656	432.308	41.73323
657	432.8754	386.0666
658	433.4426	421.7332
659	434.0096	721.0666
660	434.5765	436.3999
661	435.1432	470.0666
662	435.7099	99.3999
663	436.2763	0.0001
664	436.8426	0.0001
665	437.4088	0.0001
666	437.9748	5.399902
667	438.5406	0.0001
668	439.1063	0.0001
669	439.6719	0.0001
670	440.2373	33.73323
671	440.8025	4.733236
672	441.3676	65.73324
673	441.9326	2.399902
674	442.4974	0.0001
675	443.0621	0.0001
676	443.6266	0.0001
677	444.1909	0.0001
678	444.7552	33.06657
679	445.3192	77.73324
680	445.8831	0.0001
681	446.4469	0.0001
682	447.0105	0.0001
683	447.574	0.0001
684	448.1373	0.0001
685	448.7005	0.0001
686	449.2635	0.0001
687	449.8264	0.0001
688	450.3891	0.0001
689	450.9517	0.0001
690	451.5141	0.0001
691	452.0764	0.0001
692	452.6385	0.0001
693	453.2005	0.0001
694	453.7623	0.0001
695	454.324	47.3999
696	454.8855	41.73323
697	455.4469	25.06657
698	456.0081	35.73323
699	456.5692	78.73324
700	457.1302	0.0001
701	457.691	0.0001
702	458.2516	0.0001
703	458.8121	0.0001
704	459.3724	0.0001
705	459.9326	0.0001
706	460.4927	0.0001
707	461.0526	0.0001
708	461.6123	0.0001
709	462.1719	0.0001
710	462.7314	0.0001
711	463.2906	0.0001
712	463.8498	275.3999
713	464.4088	336.0666
714	464.9676	241.3999
715	465.5263	0.0001
716	466.0849	0.0001
717	466.6433	160.0666
718	467.2015	292.0666
719	467.7596	231.3999
720	468.3176	0.0001
721	468.8754	0.0001
722	469.433	0.0001
723	469.9906	245.0666
724	470.5479	314.3999
725	471.1051	292.3999
726	471.6622	0.0001
727	472.2191	0.0001
728	472.7758	0.0001
729	473.3325	0.0001
730	473.8889	68.06657
731	474.4453	0.0001
732	475.0014	0.0001
733	475.5574	0.0001
734	476.1133	0.0001
735	476.669	0.0001
736	477.2246	0.0001
737	477.78	0.0001
738	478.3353	0.0001
739	478.8904	0.0001
740	479.4453	0.0001
741	480.0002	0.0001
742	480.5548	0.0001
743	481.1093	0.0001
744	481.6637	0.0001
745	482.218	0.0001
746	482.772	0.0001
747	483.3259	0.0001
748	483.8797	0.0001
749	484.4333	0.0001
750	484.9868	0.0001
751	485.5401	0.0001
752	486.0933	226.0666
753	486.6463	228.0666
754	487.1992	274.0666
755	487.752	0.0001
756	488.3045	0.0001
757	488.857	0.0001
758	489.4092	6.656901E-02
759	489.9614	47.06657
760	490.5134	5.066569
761	491.0652	0.0001
762	491.6169	0.0001
763	492.1684	0.0001
764	492.7198	0.0001
765	493.271	0.0001
766	493.8221	0.0001
767	494.373	345.7332
768	494.9238	364.7332
769	495.4745	366.3999
770	496.0249	0.0001
771	496.5753	20.3999
772	497.1255	0.0001
773	497.6755	0.0001
774	498.2254	0.0001
775	498.7751	0.0001
776	499.3247	0.0001
777	499.8742	0.0001
778	500.4235	46.06657
779	500.9726	0.0001
780	501.5216	55.06657
781	502.0704	0.0001
782	502.6191	61.06657
783	503.1677	7.066569
784	503.7161	33.06657
785	504.2643	0.0001
786	504.8124	0.0001
787	505.3604	0.0001
788	505.9081	24.3999
789	506.4558	39.3999
790	507.0033	88.06657
791	507.5506	141.3999
792	508.0978	163.3999
793	508.6449	103.3999
794	509.1917	57.3999
795	509.7385	0.0001
796	510.2851	36.06657
797	510.8315	48.73323
798	511.3778	86.06657
799	511.924	19.73324
800	512.47	0.0001
801	513.0159	169.0666
802	513.5615	196.3999
803	514.1071	199.3999
804	514.6525	0.0001
805	515.1978	31.73324
806	515.7429	44.06657
807	516.2878	87.06657
808	516.8326	119.7332
809	517.3773	107.7332
810	517.9218	128.0666
811	518.4661	168.0666
812	519.0103	209.3999
813	519.5543	201.0666
814	520.0983	152.3999
815	520.642	204.3999
816	521.1856	237.3999
817	521.7291	245.3999
818	522.2723	228.0666
819	522.8155	227.0666
820	523.3585	229.3999
821	523.9014	280.7332
822	524.4441	320.3999
823	524.9866	381.7332
824	525.5291	422.7332
825	526.0713	557.3999
826	526.6134	628.0666
827	527.1553	609.3999
828	527.6971	519.7332
829	528.2388	471.7332
830	528.7803	594.7332
831	529.3217	601.3999
832	529.8629	737.7332
833	530.4039	691.7332
834	530.9448	740.0666
835	531.4856	873.3999
836	532.0262	963.3999
837	532.5667	1090.067
838	533.1069	1126.067
839	533.6471	1239.067
840	534.1871	1236.4
841	534.727	1119.067
842	535.2667	1185.733
843	535.8062	1273.733
844	536.3456	1376.4
845	536.8849	1365.4
846	537.424	1401.067
847	537.963	1508.067
848	538.5018	1634.733
849	539.0404	1724.4
850	539.5789	1811.4
851	540.1172	1860.067
852	540.6555	1938.733
853	541.1935	2046.4
854	541.7314	2121.733
855	542.2692	2197.733
856	542.8068	2221.733
857	543.3442	2281.733
858	543.8815	2367.733
859	544.4187	2354.067
860	544.9557	2387.067
861	545.4926	2545.067
862	546.0293	2756.4
863	546.5659	2852.733
864	547.1022	2816.733
865	547.6385	2787.733
866	548.1746	2835.066
867	548.7106	2892.4
868	549.2463	2996.066
869	549.782	3173.4
870	550.3175	3247.733
871	550.8528	3273.4
872	551.3881	3265.066
873	551.9232	3337.733
874	552.458	3355.066
875	552.9928	3318.4
876	553.5274	3321.733
877	554.0618	3432.733
878	554.5961	3518.733
879	555.1303	3486.733
880	555.6643	3395.733
881	556.1981	3325.066
882	556.7319	3388.066
883	557.2654	3377.733
884	557.7988	3297.733
885	558.332	3907.066
886	558.8652	3927.066
887	559.3981	3942.066
888	559.9309	3250.066
889	560.4636	3195.733
890	560.996	3226.066
891	561.5284	3180.4
892	562.0606	3172.066
893	562.5927	3069.733
894	563.1246	3031.066
895	563.6563	2966.4
896	564.1879	2949.066
897	564.7194	2913.4
898	565.2507	2880.733
899	565.7818	2807.066
900	566.3128	2817.733
901	566.8436	2735.066
902	567.3743	2964.733
903	567.9049	2921.4
904	568.4353	2921.4
905	568.9655	2610.733
906	569.4956	2497.733
907	570.0256	2547.733
908	570.5554	2499.4
909	571.085	2419.733
910	571.6145	2301.733
911	572.1439	2252.067
912	572.673	2186.067
913	573.2021	2090.733
914	573.731	2156.733
915	574.2597	2281.067
916	574.7883	2204.4
917	575.3167	2141.4
918	575.845	2011.067
919	576.3732	1991.733
920	576.9011	2006.4
921	577.429	1995.4
922	577.9567	2095.067
923	578.4842	1991.4
924	579.0116	1946.4
925	579.5388	1854.067
926	580.0659	1833.733
927	580.5928	1901.4
928	581.1196	1877.733
929	581.6463	1927.067
930	582.1727	1916.733
931	582.6991	1972.4
932	583.2253	2035.4
933	583.7513	2124.733
934	584.2772	2204.733
935	584.8029	2215.733
936	585.3285	2065.067
937	585.8539	1986.4
938	586.3792	1956.4
939	586.9044	2019.4
940	587.4293	2325.733
941	587.9542	2238.067
942	588.4788	2199.067
943	589.0034	1861.733
944	589.5277	2005.067
945	590.0519	2005.067
946	590.576	2009.067
947	591.1	1945.4
948	591.6237	1994.733
949	592.1473	2029.4
950	592.6708	1971.4
951	593.1942	1933.4
952	593.7173	1938.067
953	594.2404	1946.733
954	594.7632	2099.4
955	595.2859	2127.067
956	595.8085	2225.067
957	596.3309	2161.733
958	596.8531	2107.067
959	597.3753	2098.4
960	597.8973	2023.733
961	598.4191	2047.067
962	598.9407	2021.4
963	599.4622	2095.067
964	599.9836	2222.067
965	600.5048	2237.4
966	601.0259	2189.733
967	601.5468	2030.067
968	602.0676	2163.067
969	602.5881	2265.4
970	603.1086	2408.067
971	603.6289	2288.067
972	604.149	2401.733
973	604.6691	2265.067
974	605.1889	2234.4
975	605.7086	2373.067
976	606.2282	2379.4
977	606.7476	2328.733
978	607.2668	1998.733
979	607.7859	1924.4
980	608.3049	1867.4
981	608.8237	1826.733
982	609.3423	1904.067
983	609.8608	1926.067
984	610.3792	1894.733
985	610.8974	1800.067
986	611.4154	1720.4
987	611.9333	1661.067
988	612.451	1717.733
989	612.9686	1711.067
990	613.4861	1701.067
991	614.0034	1630.067
992	614.5205	1631.733
993	615.0375	1612.067
994	615.5543	1907.067
995	616.071	1921.733
996	616.5876	2068.733
997	617.1039	1717.4
998	617.6202	1652.067
999	618.1363	1449.4
1000	618.6522	1492.067
1001	619.168	1502.067
1002	619.6836	1422.067
1003	620.1991	1311.733
1004	620.7144	1291.067
1005	621.2296	1303.067
1006	621.7446	1258.067
1007	622.2595	1150.733
1008	622.7742	1165.4
1009	623.2888	1206.733
1010	623.8032	1249.4
1011	624.3175	1614.067
1012	624.8316	1596.4
1013	625.3456	1864.067
1014	625.8594	1550.067
1015	626.373	1527.067
1016	626.8865	1289.067
1017	627.3999	1187.4
1018	627.9131	1130.4
1019	628.4262	1130.733
1020	628.9391	1172.067
1021	629.4519	1250.067
1022	629.9645	1234.067
1023	630.4769	1154.067
1024	630.9893	1103.733
1025	631.5014	1034.067
1026	632.0134	1058.067
1027	632.5253	1145.733
1028	633.037	1094.067
1029	633.5485	1124.733
1030	634.0599	1016.067
1031	634.5712	990.3999
1032	635.0823	990.7332
1033	635.5932	1008.4
1034	636.104	1046.733
1035	636.6146	929.3999
1036	637.1251	855.3999
1037	637.6355	915.3999
1038	638.1457	978.0666
1039	638.6557	1001.067
1040	639.1656	884.7332
1041	639.6754	933.7332
1042	640.1849	992.7332
1043	640.6943	1009.733
1044	641.2036	904.7332
1045	641.7128	767.0666
1046	642.2217	721.7332
1047	642.7306	642.7332
1048	643.2393	712.3999
1049	643.7477	1200.4
1050	644.2562	1186.067
1051	644.7643	1152.4
1052	645.2725	959.0666
1053	645.7803	973.7332
1054	646.2881	1000.067
1055	646.7958	668.7332
1056	647.3032	740.7332
1057	647.8105	692.0666
1058	648.3177	750.7332
1059	648.8247	707.3999
1060	649.3315	698.7332
1061	649.8383	677.3999
1062	650.3448	653.7332
1063	650.8513	653.0666
1064	651.3575	599.7332
1065	651.8636	597.3999
1066	652.3696	583.3999
1067	652.8754	711.7332
1068	653.381	713.7332
1069	653.8865	780.7332
1070	654.3918	731.7332
1071	654.897	731.3999
1072	655.4021	650.0666
1073	655.907	579.0666
1074	656.4117	937.0666
1075	656.9163	902.7332
1076	657.4208	947.7332
1077	657.925	601.3999
1078	658.4292	622.3999
1079	658.9332	560.0666
1080	659.437	489.0666
1081	659.9407	453.3999
1082	660.4442	462.7332
1083	660.9476	447.0666
1084	661.4508	418.3999
1085	661.9539	452.0666
1086	662.4568	574.7332
1087	662.9596	610.7332
1088	663.4622	592.0666
1089	663.9647	441.3999
1090	664.467	430.0666
1091	664.9692	417.7332
1092	665.4712	441.7332
1093	665.9731	411.0666
1094	666.4748	486.0666
1095	666.9763	563.0666
1096	667.4777	571.0666
1097	667.979	447.7332
1098	668.4801	376.0666
1099	668.9811	368.0666
1100	669.4819	359.3999
1101	669.9825	344.0666
1102	670.483	304.7332
1103	670.9833	366.7332
1104	671.4836	345.0666
1105	671.9836	417.0666
1106	672.4835	557.3999
1107	672.9832	631.0666
1108	673.4828	570.0666
1109	673.9822	372.3999
1110	674.4816	268.3999
1111	674.9807	304.3999
1112	675.4797	348.0666
1113	675.9785	407.3999
1114	676.4772	393.0666
1115	676.9757	383.3999
1116	677.4741	367.0666
1117	677.9723	352.7332
1118	678.4704	271.0666
1119	678.9683	208.7332
1120	679.4661	165.3999
1121	679.9637	231.0666
1122	680.4611	365.3999
1123	680.9584	424.0666
1124	681.4556	396.3999
1125	681.9526	300.3999
1126	682.4495	236.7332
1127	682.9462	197.7332
1128	683.4427	189.7332
1129	683.9391	201.7332
1130	684.4354	231.7332
1131	684.9315	256.3999
1132	685.4274	223.7332
1133	685.9232	182.3999
1134	686.4189	471.0666
1135	686.9144	537.0666
1136	687.4097	504.3999
1137	687.9049	328.3999
1138	688.4	321.7332
1139	688.8948	407.0666
1140	689.3896	265.7332
1141	689.8842	302.7332
1142	690.3786	335.7332
1143	690.8729	312.0666
1144	691.367	245.3999
1145	691.861	216.3999
1146	692.3548	255.0666
1147	692.8484	287.0666
1148	693.342	197.7332
1149	693.8353	98.73324
1150	694.3286	71.06657
1151	694.8216	73.06657
1152	695.3145	123.7332
1153	695.8073	183.7332
1154	696.2999	259.7332
1155	696.7924	320.0666
1156	697.2847	197.3999
1157	697.7768	100.0666
1158	698.2688	52.3999
1159	698.7606	139.0666
1160	699.2523	141.7332
1161	699.7439	117.3999
1162	700.2353	135.7332
1163	700.7265	118.7332
1164	701.2176	187.7332
1165	701.7085	64.3999
1166	702.1993	125.0666
1167	702.6899	89.73324
1168	703.1804	130.3999
1169	703.6707	200.3999
1170	704.1609	138.7332
1171	704.6509	232.0666
1172	705.1408	103.3999
1173	705.6305	77.3999
1174	706.1201	0.0001
1175	706.6095	38.73323
1176	707.0988	76.73324
1177	707.5879	73.73324
1178	708.0768	104.0666
1179	708.5656	559.3999
1180	709.0543	590.7332
1181	709.5428	498.0666
1182	710.0311	149.3999
1183	710.5193	119.3999
1184	711.0074	126.7332
1185	711.4953	0.0001
1186	711.983	84.3999
1187	712.4706	83.06657
1188	712.9581	158.0666
1189	713.4453	132.7332
1190	713.9324	98.06657
1191	714.4194	87.3999
1192	714.9063	262.0666
1193	715.3929	608.7332
1194	715.8795	642.7332
1195	716.3658	461.3999
1196	716.8521	78.73324
1197	717.3381	313.7332
1198	717.824	381.7332
1199	718.3098	460.7332
1200	718.7954	165.0666
1201	719.2809	45.73323
1202	719.7662	0.0001
1203	720.2513	0.0001
1204	720.7363	67.3999
1205	721.2212	134.0666
1206	721.7059	77.3999
1207	722.1904	0.0001
1208	722.6748	0.0001
1209	723.1591	101.0666
1210	723.6431	217.7332
1211	724.1271	280.7332
1212	724.6108	144.7332
1213	725.0945	86.06657
1214	725.5779	17.06657
1215	726.0613	35.73323
1216	726.5444	61.73323
1217	727.0275	49.06657
1218	727.5103	3.733236
1219	727.993	0.0001
1220	728.4756	5.399902
1221	728.958	75.06657
1222	729.4403	134.0666
1223	729.9224	81.06657
1224	730.4044	58.06657
1225	730.8862	0.7332357
1226	731.3678	0.0001
1227	731.8493	0.0001
1228	732.3306	0.0001
1229	732.8118	0.0001
1230	733.2928	25.06657
1231	733.7737	33.06657
1232	734.2545	160.7332
1233	734.7351	99.06657
1234	735.2155	123.3999
1235	735.6958	62.06657
1236	736.1759	127.3999
1237	736.6559	57.06657
1238	737.1357	19.73324
1239	737.6154	0.0001
1240	738.0949	44.73323
1241	738.5742	0.0001
1242	739.0535	0.0001
1243	739.5325	0.0001
1244	740.0114	0.0001
1245	740.4902	0.0001
1246	740.9688	0.0001
1247	741.4472	25.3999
1248	741.9255	118.0666
1249	742.4036	92.73324
1250	742.8817	99.73324
1251	743.3595	0.0001
1252	743.8372	0.0001
1253	744.3147	0.0001
1254	744.7921	101.3999
1255	745.2693	135.3999
1256	745.7464	203.3999
1257	746.2233	19.3999
1258	746.7001	70.06657
1259	747.1767	360.0666
1260	747.6531	373.3999
1261	748.1295	346.0666
1262	748.6056	0.0001
1263	749.0816	0.0001
1264	749.5575	0.0001
1265	750.0332	0.0001
1266	750.5087	0.0001
1267	750.9841	0.0001
1268	751.4594	51.73323
1269	751.9344	54.73323
1270	752.4094	0.0001
1271	752.8842	0.0001
1272	753.3588	0.0001
1273	753.8333	0.0001
1274	754.3076	0.0001
1275	754.7818	0.0001
1276	755.2558	132.0666
1277	755.7297	287.3999
1278	756.2034	401.7332
1279	756.6769	333.0666
1280	757.1503	126.0666
1281	757.6236	0.0001
1282	758.0967	0.0001
1283	758.5696	0.0001
1284	759.0425	0.0001
1285	759.5151	0.0001
1286	759.9876	255.0666
1287	760.46	300.3999
1288	760.9321	370.0666
1289	761.4042	0.0001
1290	761.876	0.0001
1291	762.3478	0.0001
1292	762.8193	0.0001
1293	763.2908	60.3999
1294	763.762	0.0001
1295	764.2332	0.0001
1296	764.7042	0.0001
1297	765.1749	0.0001
1298	765.6456	0.0001
1299	766.1161	0.0001
1300	766.5865	0.0001
1301	767.0566	0.0001
1302	767.5267	0.0001
1303	767.9966	1.066569
1304	768.4664	11.06657
1305	768.9359	0.0001
1306	769.4054	0.0001
1307	769.8746	0.0001
1308	770.3438	0.0001
1309	770.8127	0.0001
1310	771.2816	0.0001
1311	771.7502	0.0001
1312	772.2188	108.0666
1313	772.6871	48.06657
1314	773.1553	186.0666
1315	773.6234	119.0666
1316	774.0913	147.7332
1317	774.5591	44.06657
1318	775.0267	0.0001
1319	775.4941	0.0001
1320	775.9614	0.0001
1321	776.4286	0.0001
1322	776.8956	0.0001
1323	777.3624	0.0001
1324	777.829	0.0001
1325	778.2956	0.0001
1326	778.762	0.0001
1327	779.2282	0.0001
1328	779.6943	0.0001
1329	780.1602	6.656901E-02
1330	780.626	108.7332
1331	781.0916	116.7332
1332	781.557	84.06657
1333	782.0223	926.7332
1334	782.4875	872.7332
1335	782.9525	909.3999
1336	783.4173	1.733236
1337	783.882	0.0001
1338	784.3466	0.0001
1339	784.8109	0.0001
1340	785.2751	0.0001
1341	785.7393	0.0001
1342	786.2032	0.0001
1343	786.6669	0.0001
1344	787.1306	0.0001
1345	787.5941	0.0001
1346	788.0574	0.0001
1347	788.5205	0.0001
1348	788.9835	183.7332
1349	789.4464	185.3999
1350	789.9091	245.3999
1351	790.3716	0.0001
1352	790.834	0.0001
1353	791.2963	0.0001
1354	791.7584	0.0001
1355	792.2203	0.0001
1356	792.6821	0.0001
1357	793.1437	0.0001
1358	793.6052	0.0001
1359	794.0665	372.0666
1360	794.5276	352.3999
1361	794.9887	342.7332
1362	795.4495	0.0001
1363	795.9103	0.0001
1364	796.3708	0.0001
1365	796.8312	0.0001
1366	797.2914	0.0001
1367	797.7515	0.0001
1368	798.2115	0.0001
1369	798.6713	0.0001
1370	799.1309	0.0001
1371	799.5904	0.0001
1372	800.0497	0.0001
1373	800.5089	0.0001
1374	800.968	0.0001
1375	801.4268	0.0001
1376	801.8855	0.0001
1377	802.3441	0.0001
1378	802.8025	0.0001
1379	803.2607	0.0001
1380	803.7189	0.0001
1381	804.1768	0.0001
1382	804.6346	0.0001
1383	805.0922	0.0001
1384	805.5497	0.0001
1385	806.0071	0.0001
1386	806.4642	0.0001
1387	806.9213	0.0001
1388	807.3782	0.0001
1389	807.8349	0.0001
1390	808.2914	0.0001
1391	808.7479	0.0001
1392	809.2041	0.0001
1393	809.6602	0.0001
1394	810.1161	0.0001
1395	810.572	0.0001
1396	811.0276	0.0001
1397	811.4831	37.3999
1398	811.9385	0.0001
1399	812.3937	0.0001
1400	812.8487	0.0001
1401	813.3036	0.0001
1402	813.7583	0.0001
1403	814.2128	0.0001
1404	814.6673	0.0001
1405	815.1215	0.0001
1406	815.5757	0.0001
1407	816.0296	0.0001
1408	816.4834	0.0001
1409	816.9371	0.0001
1410	817.3906	0.0001
1411	817.8439	20.73324
1412	818.2971	74.73324
1413	818.7501	0.0001
1414	819.203	44.3999
1415	819.6558	0.0001
1416	820.1083	0.0001
1417	820.5607	0.0001
1418	821.013	0.0001
1419	821.4651	0.0001
1420	821.9171	0.0001
1421	822.3689	0.0001
1422	822.8206	12.73324
1423	823.2721	159.7332
1424	823.7234	130.3999
1425	824.1746	36.06657
1426	824.6257	0.0001
1427	825.0765	24.73324
1428	825.5273	0.0001
1429	825.9778	0.0001
1430	826.4283	0.0001
1431	826.8785	0.0001
1432	827.3287	0.0001
1433	827.7786	0.0001
1434	828.2285	0.0001
1435	828.6781	0.0001
1436	829.1276	0.0001
1437	829.577	0.0001
1438	830.0261	0.0001
1439	830.4752	0.0001
1440	830.9241	0.0001
1441	831.3728	70.73324
1442	831.8214	267.0666
1443	832.2698	243.0666
1444	832.7181	104.7332
1445	833.1662	0.0001
1446	833.6141	0.0001
1447	834.062	0.0001
1448	834.5096	0.0001
1449	834.9572	0.0001
1450	835.4045	145.3999
1451	835.8517	242.7332
1452	836.2987	303.3999
1453	836.7456	31.3999
1454	837.1923	0.0001
1455	837.6389	0.0001
1456	838.0853	0.0001
1457	838.5316	0.0001
1458	838.9777	0.0001
1459	839.4237	76.06657
1460	839.8695	128.0666
1461	840.3152	94.06657
1462	840.7607	0.0001
1463	841.206	0.0001
1464	841.6512	144.7332
1465	842.0963	169.0666
1466	842.5411	281.3999
1467	842.9859	63.06657
1468	843.4305	64.06657
1469	843.8749	0.0001
1470	844.3192	0.0001
1471	844.7632	0.0001
1472	845.2072	0.0001
1473	845.6511	0.0001
1474	846.0947	0.0001
1475	846.5382	0.0001
1476	846.9816	0.0001
1477	847.4247	0.0001
1478	847.8678	0.0001
1479	848.3107	0.0001
1480	848.7534	0.0001
1481	849.196	0.0001
1482	849.6384	0.0001
1483	850.0807	0.0001
1484	850.5228	0.0001
1485	850.9647	75.06657
1486	851.4066	43.3999
1487	851.8482	20.73324
1488	852.2897	0.0001
1489	852.7311	0.0001
1490	853.1722	0.0001
1491	853.6133	0.0001
1492	854.0541	0.0001
1493	854.4949	0.0001
1494	854.9355	0.0001
1495	855.3759	0.0001
1496	855.8162	0.0001
1497	856.2563	0.0001
1498	856.6962	78.06657
1499	857.136	28.73324
1500	857.5757	145.3999
1501	858.0152	64.73324
1502	858.4545	22.06657
1503	858.8937	0.0001
1504	859.3328	0.0001
1505	859.7716	0.0001
1506	860.2103	1.066569
1507	860.6489	53.3999
1508	861.0873	72.06657
1509	861.5256	0.0001
1510	861.9637	0.0001
1511	862.4017	0.0001
1512	862.8395	0.0001
1513	863.2771	0.0001
1514	863.7146	0.0001
1515	864.1519	0.0001
1516	864.5891	0.0001
1517	865.0261	0.0001
1518	865.463	30.73324
1519	865.8997	0.0001
1520	866.3363	0.0001
1521	866.7727	0.0001
1522	867.209	0.0001
1523	867.6451	0.0001
1524	868.081	0.0001
1525	868.5168	0.0001
1526	868.9525	0.0001
1527	869.3879	0.0001
1528	869.8232	0.0001
1529	870.2584	0.0001
1530	870.6935	0.0001
1531	871.1284	0.0001
1532	871.563	13.3999
1533	871.9976	0.0001
1534	872.432	55.3999
1535	872.8663	0.0001
1536	873.3004	7.399902
1537	873.7343	35.3999
1538	874.1681	73.3999
1539	874.6017	0.0001
1540	875.0352	0.0001
1541	875.4685	0.0001
1542	875.9017	0.0001
1543	876.3347	0.0001
1544	876.7676	0.0001
1545	877.2003	0.0001
1546	877.6328	0.0001
1547	878.0652	0.0001
1548	878.4974	90.73324
1549	878.9296	9.066569
1550	879.3615	34.06657
1551	879.7933	42.06657
1552	880.2249	197.7332
1553	880.6564	175.0666
1554	881.0877	2.066569
1555	881.5189	0.0001
1556	881.9498	0.0001
1557	882.3807	0.0001
1558	882.8114	0.0001
1559	883.2419	0.0001
1560	883.6723	208.7332
1561	884.1025	220.7332
1562	884.5327	248.0666
1563	884.9626	0.0001
1564	885.3923	56.73323
1565	885.822	53.3999
1566	886.2514	0.0001
1567	886.6807	0.0001
1568	887.1099	0.0001
1569	887.5389	0.0001
1570	887.9677	0.0001
1571	888.3964	0.0001
1572	888.825	0.0001
1573	889.2533	103.3999
1574	889.6815	143.3999
1575	890.1096	121.3999
1576	890.5375	0.0001
1577	890.9653	0.0001
1578	891.3929	0.0001
1579	891.8204	0.0001
1580	892.2477	0.0001
1581	892.6748	0.0001
1582	893.1018	182.0666
1583	893.5286	200.7332
1584	893.9553	205.3999
1585	894.3818	0.0001
1586	894.8082	0.0001
1587	895.2344	0.0001
1588	895.6605	0.0001
1589	896.0864	0.0001
1590	896.5121	0.0001
1591	896.9377	35.3999
1592	897.3632	403.7332
1593	897.7885	832.3999
1594	898.2136	761.0666
1595	898.6385	374.3999
1596	899.0634	0.0001
1597	899.488	0.0001
1598	899.9125	0.0001
1599	900.3369	0.0001
1600	900.7611	0.0001
1601	901.1852	0.0001
1602	901.6091	0.0001
1603	902.0328	0.0001
1604	902.4564	0.0001
1605	902.8798	0.0001
1606	903.303	0.0001
1607	903.7262	0.0001
1608	904.1492	0.0001
1609	904.572	0.0001
1610	904.9946	0.0001
1611	905.4171	0.0001
1612	905.8395	0.0001
1613	906.2617	0.0001
1614	906.6837	0.0001
1615	907.1056	2.066569
1616	907.5273	11.06657
1617	907.9489	26.73324
1618	908.3703	0.0001
1619	908.7915	0.0001
1620	909.2126	0.0001
1621	909.6336	0.0001
1622	910.0544	0.0001
1623	910.475	0.0001
1624	910.8955	0.0001
1625	911.3159	0.0001
1626	911.736	0.0001
1627	912.1561	0.0001
1628	912.5759	0.0001
1629	912.9956	101.0666
1630	913.4152	55.06657
1631	913.8346	48.3999
1632	914.2538	0.0001
1633	914.6729	0.0001
1634	915.0919	0.0001
1635	915.5106	0.0001
1636	915.9293	0.0001
1637	916.3477	0.0001
1638	916.7661	0.0001
1639	917.1842	0.0001
1640	917.6022	0.0001
1641	918.0201	0.0001
1642	918.4377	0.0001
1643	918.8553	0.0001
1644	919.2727	0.0001
1645	919.6899	0.0001
1646	920.107	0.0001
1647	920.5239	66.06657
1648	920.9407	63.73323
1649	921.3573	71.06657
1650	921.7737	0.0001
1651	922.19	0.0001
1652	922.6062	0.0001
1653	923.0222	0.0001
1654	923.438	0.0001
1655	923.8537	0.0001
1656	924.2692	0.0001
1657	924.6846	0.0001
1658	925.0998	0.0001
1659	925.5148	68.3999
1660	925.9297	68.73324
1661	926.3445	60.06657
1662	926.7591	0.0001
1663	927.1735	0.0001
1664	927.5878	0.0001
1665	928.002	0.0001
1666	928.4159	0.0001
1667	928.8297	0.0001
1668	929.2434	126.7332
1669	929.6569	171.3999
1670	930.0703	431.7332
1671	930.4835	280.7332
1672	930.8965	253.7332
1673	931.3094	0.0001
1674	931.7221	0.0001
1675	932.1347	0.0001
1676	932.5471	0.0001
1677	932.9594	0.0001
1678	933.3715	0.0001
1679	933.7834	0.0001
1680	934.1953	0.0001
1681	934.6069	0.0001
1682	935.0184	0.0001
1683	935.4297	0.0001
1684	935.8409	0.0001
1685	936.2519	0.0001
1686	936.6628	0.0001
1687	937.0735	0.0001
1688	937.484	0.0001
1689	937.8944	0.0001
1690	938.3047	0.0001
1691	938.7148	0.0001
1692	939.1247	0.0001
1693	939.5345	221.3999
1694	939.9441	383.7332
1695	940.3536	348.3999
1696	940.7629	66.06657
1697	941.1721	0.0001
1698	941.5811	16.3999
1699	941.9899	0.0001
1700	942.3986	0.0001
1701	942.8071	0.0001
1702	943.2155	76.06657
1703	943.6237	122.0666
1704	944.0318	121.7332
1705	944.4397	0.0001
1706	944.8475	0.0001
1707	945.2551	0.0001
1708	945.6625	0.0001
1709	946.0698	0.0001
1710	946.4769	0.0001
1711	946.8839	0.0001
1712	947.2908	0.0001
1713	947.6974	0.0001
1714	948.1039	0.0001
1715	948.5103	0.0001
1716	948.9165	18.06657
1717	949.3226	95.73324
1718	949.7285	0.0001
1719	950.1342	0.0001
1720	950.5397	0.0001
1721	950.9452	0.0001
1722	951.3505	0.0001
1723	951.7556	7.066569
1724	952.1605	26.73324
1725	952.5653	0.0001
1726	952.97	0.0001
1727	953.3745	0.0001
1728	953.7788	0.0001
1729	954.183	0.0001
1730	954.587	0.0001
1731	954.9909	5.399902
1732	955.3946	0.0001
1733	955.7982	0.0001
1734	956.2015	0.0001
1735	956.6048	0.0001
1736	957.0079	0.0001
1737	957.4108	0.0001
1738	957.8136	41.06657
1739	958.2162	0.0001
1740	958.6187	0.0001
1741	959.0211	0.0001
1742	959.4232	0.0001
1743	959.8252	124.3999
1744	960.2271	213.7332
1745	960.6287	193.3999
1746	961.0303	0.0001
1747	961.4316	0.0001
1748	961.8329	0.0001
1749	962.2339	2.066569
1750	962.6348	0.0001
1751	963.0356	0.0001
1752	963.4362	0.0001
1753	963.8367	0.0001
1754	964.2369	0.0001
1755	964.6371	0.0001
1756	965.037	0.0001
1757	965.4369	104.3999
1758	965.8365	99.06657
1759	966.236	1.399902
1760	966.6354	0.0001
1761	967.0346	0.0001
1762	967.4337	0.0001
1763	967.8325	0.0001
1764	968.2313	0.0001
1765	968.6298	0.0001
1766	969.0283	0.0001
1767	969.4265	0.0001
1768	969.8246	0.0001
1769	970.2226	0.0001
1770	970.6204	0.0001
1771	971.018	0.0001
1772	971.4155	0.0001
1773	971.8128	88.3999
1774	972.21	10.06657
1775	972.607	0.0001
1776	973.0039	0.0001
1777	973.4006	0.0001
1778	973.7971	0.0001
1779	974.1935	506.0666
1780	974.5898	552.3999
1781	974.9858	405.7332
1782	975.3818	0.0001
1783	975.7775	0.0001
1784	976.1732	0.0001
1785	976.5686	0.0001
1786	976.9639	62.73323
1787	977.3591	26.3999
1788	977.754	10.3999
1789	978.1489	0.0001
1790	978.5436	0.0001
1791	978.938	62.73323
1792	979.3325	127.7332
1793	979.7266	100.0666
1794	980.1207	165.7332
1795	980.5146	18.73324
1796	980.9083	3.066569
1797	981.3019	0.0001
1798	981.6954	0.0001
1799	982.0886	11.06657
1800	982.4818	57.73323
1801	982.8747	0.0001
1802	983.2675	0.0001
1803	983.6602	0.0001
1804	984.0527	0.0001
1805	984.445	0.0001
1806	984.8372	0.0001
1807	985.2292	0.0001
1808	985.621	0.0001
1809	986.0128	19.73324
1810	986.4044	56.73323
1811	986.7957	0.0001
1812	987.187	0.0001
1813	987.5781	0.0001
1814	987.969	0.0001
1815	988.3597	62.73323
1816	988.7504	114.0666
1817	989.1409	26.06657
1818	989.5311	0.0001
1819	989.9213	0.0001
1820	990.3113	4.066569
1821	990.7011	27.3999
1822	991.0908	21.73324
1823	991.4803	0.0001
1824	991.8697	0.0001
1825	992.2589	0.0001
1826	992.648	118.0666
1827	993.0369	172.0666
1828	993.4257	161.3999
1829	993.8142	0.0001
1830	994.2026	52.3999
1831	994.5909	77.06657
1832	994.9791	182.3999
1833	995.367	0.0001
1834	995.7548	0.0001
1835	996.1425	0.0001
1836	996.53	0.0001
1837	996.9173	0.0001
1838	997.3045	0.0001
1839	997.6915	0.0001
1840	998.0784	0.0001
1841	998.4651	0.0001
1842	998.8516	68.73324
1843	999.238	103.0666
1844	999.6243	76.3999
1845	1000.01	31.73324
1846	1000.396	80.73324
1847	1000.782	16.06657
1848	1001.168	0.0001
1849	1001.553	309.7332
1850	1001.938	379.7332
1851	1002.324	372.3999
1852	1002.709	0.0001
1853	1003.093	0.0001
1854	1003.478	0.0001
1855	1003.863	0.0001
1856	1004.247	0.0001
1857	1004.631	0.0001
1858	1005.015	0.0001
1859	1005.399	0.0001
1860	1005.783	0.0001
1861	1006.167	0.0001
1862	1006.55	0.0001
1863	1006.933	0.0001
1864	1007.316	0.0001
1865	1007.699	0.0001
1866	1008.082	0.0001
1867	1008.465	0.0001
1868	1008.847	0.0001
1869	1009.23	0.0001
1870	1009.612	0.0001
1871	1009.994	0.0001
1872	1010.376	0.0001
1873	1010.757	0.0001
1874	1011.139	0.0001
1875	1011.52	0.0001
1876	1011.901	0.0001
1877	1012.283	0.0001
1878	1012.664	0.0001
1879	1013.044	0.0001
1880	1013.425	0.0001
1881	1013.805	0.0001
1882	1014.186	0.0001
1883	1014.566	0.0001
1884	1014.946	0.0001
1885	1015.326	0.0001
1886	1015.705	0.0001
1887	1016.085	0.0001
1888	1016.464	17.06657
1889	1016.843	28.73324
1890	1017.222	0.0001
1891	1017.601	0.0001
1892	1017.98	0.0001
1893	1018.359	0.0001
1894	1018.737	0.0001
1895	1019.115	0.0001
1896	1019.493	0.0001
1897	1019.871	0.0001
1898	1020.249	0.0001
1899	1020.627	0.0001
1900	1021.004	0.0001
1901	1021.382	0.0001
1902	1021.759	8.399902
1903	1022.136	0.0001
1904	1022.513	0.0001
1905	1022.889	0.0001
1906	1023.266	0.0001
1907	1023.642	0.0001
1908	1024.018	0.0001
1909	1024.395	0.0001
1910	1024.77	0.0001
1911	1025.146	0.0001
1912	1025.522	0.0001
1913	1025.897	9.066569
1914	1026.272	0.0001
1915	1026.648	0.0001
1916	1027.023	0.0001
1917	1027.397	0.0001
1918	1027.772	27.3999
1919	1028.146	0.0001
1920	1028.521	0.0001
1921	1028.895	0.0001
1922	1029.269	0.0001
1923	1029.643	0.0001
1924	1030.017	0.0001
1925	1030.39	0.0001
1926	1030.764	0.0001
1927	1031.137	0.0001
1928	1031.51	0.0001
1929	1031.883	0.0001
1930	1032.256	334.3999
1931	1032.628	640.0666
1932	1033.001	517.7332
1933	1033.373	237.7332
1934	1033.745	0.0001
1935	1034.117	0.0001
1936	1034.489	0.0001
1937	1034.861	0.0001
1938	1035.232	0.0001
1939	1035.604	0.0001
1940	1035.975	0.0001
1941	1036.346	0.0001
1942	1036.717	0.0001
1943	1037.088	296.3999
1944	1037.458	282.7332
1945	1037.828	248.7332
1946	1038.199	0.0001
1947	1038.569	0.0001
1948	1038.939	0.0001
1949	1039.309	0.0001
1950	1039.678	0.0001
1951	1040.048	0.0001
1952	1040.417	0.0001
1953	1040.786	0.0001
1954	1041.155	0.0001
1955	1041.524	0.0001
1956	1041.893	0.0001
1957	1042.261	0.0001
1958	1042.63	0.0001
1959	1042.998	0.0001
1960	1043.366	0.0001
1961	1043.734	5.399902
1962	1044.102	11.06657
1963	1044.469	0.0001
1964	1044.837	0.0001
1965	1045.204	0.0001
1966	1045.571	0.0001
1967	1045.938	0.0001
1968	1046.305	0.0001
1969	1046.672	0.0001
1970	1047.038	0.0001
1971	1047.404	0.0001
1972	1047.771	0.0001
1973	1048.136	0.0001
1974	1048.502	12.3999
1975	1048.868	45.3999
1976	1049.234	48.3999
1977	1049.599	0.0001
1978	1049.964	0.0001
1979	1050.329	0.0001
1980	1050.694	46.06657
1981	1051.059	152.7332
1982	1051.424	200.3999
1983	1051.788	0.0001
1984	1052.152	0.0001
1985	1052.516	0.0001
1986	1052.88	62.06657
1987	1053.244	73.3999
1988	1053.608	78.06657
1989	1053.971	129.3999
1990	1054.335	141.7332
1991	1054.698	253.0666
1992	1055.061	7.733236
1993	1055.424	0.0001
1994	1055.787	0.7332357
1995	1056.149	73.73324
1996	1056.512	176.3999
1997	1056.874	1.733236
1998	1057.236	0.0001
1999	1057.598	0.0001
2000	1057.96	0.0001
2001	1058.321	0.0001
2002	1058.683	0.0001
2003	1059.044	0.0001
2004	1059.405	0.0001
2005	1059.766	56.3999
2006	1060.127	25.73324
2007	1060.488	0.0001
2008	1060.848	0.0001
2009	1061.209	0.0001
2010	1061.569	0.0001
2011	1061.929	84.3999
2012	1062.289	12.3999
2013	1062.648	0.0001
2014	1063.008	0.0001
2015	1063.367	465.0666
2016	1063.727	583.3999
2017	1064.086	453.0666
2018	1064.445	65.73324
2019	1064.804	0.0001
2020	1065.162	0.0001
2021	1065.521	203.3999
2022	1065.879	285.0666
2023	1066.237	297.0666
2024	1066.595	0.0001
2025	1066.953	0.0001
2026	1067.311	0.0001
2027	1067.668	0.0001
2028	1068.026	0.0001
2029	1068.383	0.0001
2030	1068.74	0.0001
2031	1069.097	0.0001
2032	1069.453	0.0001
2033	1069.81	28.3999
2034	1070.166	105.3999
2035	1070.523	11.3999
2036	1070.879	0.0001
2037	1071.235	0.0001
2038	1071.591	0.0001
2039	1071.946	0.0001
2040	1072.302	34.73323
2041	1072.657	86.06657
2042	1073.012	23.3999
2043	1073.367	78.73324
2044	1073.722	0.0001
2045	1074.077	0.0001
2046	1074.431	0.0001
2047	1074.786	0.0001
