0	28.36968	398.925
1	29.03326	206.5667
2	29.69669	0.0001
3	30.35998	0.0001
4	31.02312	0.0001
5	31.68612	0.0001
6	32.34897	0.0001
7	33.01168	0.0001
8	33.67424	0.0001
9	34.33666	0.0001
10	34.99894	0.0001
11	35.66106	0.0001
12	36.32305	0.0001
13	36.98489	0.0001
14	37.64658	0.0001
15	38.30814	950.1833
16	38.96954	1095.517
17	39.6308	1132.85
18	40.29192	0.0001
19	40.95289	0.0001
20	41.61372	0.0001
21	42.2744	0.0001
22	42.93494	0.0001
23	43.59533	2.849976
24	44.25558	0.0001
25	44.91568	814.5167
26	45.57564	791.8501
27	46.23545	788.8501
28	46.89512	0.0001
29	47.55465	0.0001
30	48.21402	0.0001
31	48.87326	105.1833
32	49.53235	35.51664
33	50.1913	77.18331
34	50.85009	0.0001
35	51.50875	0.0001
36	52.16726	0.0001
37	52.82563	0.0001
38	53.48384	0.0001
39	54.14192	71.18331
40	54.79985	25.18331
41	55.45764	24.18331
42	56.11528	0.0001
43	56.77278	0.0001
44	57.43013	0.0001
45	58.08733	0.0001
46	58.7444	149.1833
47	59.40131	155.1833
48	60.05809	541.5167
49	60.71471	246.5166
50	61.3712	247.5166
51	62.02753	0.0001
52	62.68372	0.0001
53	63.33977	0.0001
54	63.99567	19.84998
55	64.65143	90.84998
56	65.30704	72.18331
57	65.96251	237.5166
58	66.61784	281.1833
59	67.27301	254.85
60	67.92805	0.0001
61	68.58293	47.18331
62	69.23768	107.85
63	69.89227	154.5166
64	70.54672	0.0001
65	71.20103	0.0001
66	71.85519	0.0001
67	72.50922	72.18331
68	73.16309	33.84998
69	73.81681	0.0001
70	74.4704	0.0001
71	75.12383	0.0001
72	75.77712	0.0001
73	76.43027	3.849976
74	77.08327	0.0001
75	77.73613	19.84998
76	78.38884	0.0001
77	79.04141	8.516643
78	79.69383	0.0001
79	80.34611	0.5166423
80	80.99824	0.0001
81	81.65022	41.51664
82	82.30207	127.85
83	82.95377	211.85
84	83.60532	158.5166
85	84.25672	67.84998
86	84.90798	0.0001
87	85.5591	0.0001
88	86.21007	0.0001
89	86.86089	0.0001
90	87.51157	9.516643
91	88.16211	0.0001
92	88.8125	0.0001
93	89.46274	0.0001
94	90.11284	0.0001
95	90.76279	0.0001
96	91.41261	52.51664
97	92.06227	68.18331
98	92.71178	52.84998
99	93.36116	0.0001
100	94.01038	0.0001
101	94.65947	0.0001
102	95.30841	0.0001
103	95.9572	0.0001
104	96.60584	0.0001
105	97.25435	0.0001
106	97.9027	0.0001
107	98.55092	0.0001
108	99.19898	0.0001
109	99.8469	0.0001
110	100.4947	0.0001
111	101.1423	528.85
112	101.7898	574.1833
113	102.4371	594.85
114	103.0843	81.18331
115	103.7314	68.51664
116	104.3783	74.51664
117	105.025	0.0001
118	105.6716	0.0001
119	106.3181	0.0001
120	106.9644	0.0001
121	107.6106	0.0001
122	108.2566	0.0001
123	108.9025	0.0001
124	109.5483	0.0001
125	110.1939	4.183309
126	110.8393	266.1833
127	111.4846	125.1833
128	112.1298	421.5166
129	112.7748	215.85
130	113.4197	439.85
131	114.0644	159.5166
132	114.709	130.5166
133	115.3534	0.0001
134	115.9977	0.0001
135	116.6418	0.0001
136	117.2858	0.0001
137	117.9297	0.0001
138	118.5734	10.51664
139	119.2169	0.0001
140	119.8603	0.0001
141	120.5036	0.0001
142	121.1467	0.0001
143	121.7897	0.0001
144	122.4325	0.0001
145	123.0752	0.0001
146	123.7178	0.0001
147	124.3602	0.0001
148	125.0024	0.0001
149	125.6445	0.0001
150	126.2865	0.0001
151	126.9283	0.0001
152	127.5699	0.0001
153	128.2115	0.0001
154	128.8528	0.0001
155	129.4941	0.0001
156	130.1351	102.5166
157	130.7761	134.5166
158	131.4169	556.5167
159	132.0575	385.5166
160	132.698	325.85
161	133.3384	0.0001
162	133.9786	0.0001
163	134.6187	0.0001
164	135.2586	0.0001
165	135.8984	0.0001
166	136.538	0.0001
167	137.1775	0.0001
168	137.8168	17.84998
169	138.456	0.0001
170	139.095	4.516642
171	139.7339	0.0001
172	140.3727	0.0001
173	141.0113	6.849976
174	141.6498	0.0001
175	142.2881	0.0001
176	142.9263	9.183309
177	143.5643	48.18331
178	144.2022	76.18331
179	144.8399	84.18331
180	145.4775	106.85
181	146.1149	40.84998
182	146.7522	0.0001
183	147.3894	0.0001
184	148.0264	0.0001
185	148.6632	0.0001
186	149.3	0.0001
187	149.9365	0.0001
188	150.5729	0.0001
189	151.2092	0.0001
190	151.8454	0.0001
191	152.4813	0.0001
192	153.1172	130.1833
193	153.7529	57.18331
194	154.3884	146.1833
195	155.0238	9.183309
196	155.6591	0.0001
197	156.2942	0.0001
198	156.9291	0.0001
199	157.564	80.84998
200	158.1986	71.51664
201	158.8332	9.183309
202	159.4675	0.0001
203	160.1018	0.0001
204	160.7359	0.0001
205	161.3698	2.516642
206	162.0036	0.0001
207	162.6373	13.51664
208	163.2708	0.0001
209	163.9041	32.51664
210	164.5373	5.516642
211	165.1704	0.0001
212	165.8033	0.0001
213	166.4361	0.0001
214	167.0687	0.0001
215	167.7012	0.0001
216	168.3335	0.0001
217	168.9657	0.0001
218	169.5978	0.0001
219	170.2297	0.0001
220	170.8614	0.0001
221	171.493	0.0001
222	172.1245	0.0001
223	172.7558	0.0001
224	173.387	11.84998
225	174.018	36.84998
226	174.6489	0.0001
227	175.2796	0.0001
228	175.9102	0.0001
229	176.5406	0.0001
230	177.1709	0.0001
231	177.8011	0.0001
232	178.4311	0.0001
233	179.0609	0.0001
234	179.6906	51.18331
235	180.3202	85.51664
236	180.9496	52.18331
237	181.5789	2.849976
238	182.208	0.0001
239	182.837	0.0001
240	183.4658	0.0001
241	184.0945	0.0001
242	184.723	0.0001
243	185.3514	0.0001
244	185.9797	0.0001
245	186.6078	0.0001
246	187.2357	0.0001
247	187.8635	0.0001
248	188.4912	0.0001
249	189.1187	4.183309
250	189.7461	0.0001
251	190.3733	0.0001
252	191.0004	0.0001
253	191.6273	0.0001
254	192.2541	23.84998
255	192.8808	39.51664
256	193.5072	88.51664
257	194.1336	13.84998
258	194.7598	0.0001
259	195.3858	128.1833
260	196.0117	82.51664
261	196.6375	94.84998
262	197.2631	202.85
263	197.8886	180.85
264	198.5139	251.85
265	199.1391	0.0001
266	199.7641	0.0001
267	200.389	392.85
268	201.0137	408.1833
269	201.6383	420.1833
270	202.2628	0.0001
271	202.8871	0.0001
272	203.5112	0.0001
273	204.1352	0.0001
274	204.7591	0.0001
275	205.3828	0.0001
276	206.0064	27.84998
277	206.6298	0.0001
278	207.2531	0.0001
279	207.8762	0.0001
280	208.4992	29.84998
281	209.122	74.84998
282	209.7447	0.0001
283	210.3672	19.51664
284	210.9896	0.0001
285	211.6119	0.8499756
286	212.234	0.0001
287	212.8559	0.0001
288	213.4778	0.0001
289	214.0994	0.0001
290	214.7209	0.0001
291	215.3423	0.0001
292	215.9635	0.0001
293	216.5846	0.0001
294	217.2055	179.1833
295	217.8263	191.1833
296	218.447	378.85
297	219.0675	142.1833
298	219.6878	257.1833
299	220.308	182.1833
300	220.9281	362.1833
301	221.548	255.5166
302	222.1677	140.85
303	222.7873	0.0001
304	223.4068	0.0001
305	224.0261	0.0001
306	224.6453	0.0001
307	225.2643	0.0001
308	225.8832	0.0001
309	226.5019	20.84998
310	227.1205	95.51664
311	227.739	115.5166
312	228.3573	54.84998
313	228.9754	20.18331
314	229.5934	0.0001
315	230.2112	0.0001
316	230.8289	0.0001
317	231.4465	0.0001
318	232.0639	0.0001
319	232.6812	0.0001
320	233.2983	0.0001
321	233.9153	8.183309
322	234.5321	4.849976
323	235.1488	260.1833
324	235.7653	194.85
325	236.3817	81.18331
326	236.998	0.0001
327	237.6141	0.0001
328	238.23	0.0001
329	238.8458	0.0001
330	239.4615	0.0001
331	240.077	0.0001
332	240.6923	0.0001
333	241.3075	0.0001
334	241.9226	0.0001
335	242.5375	0.0001
336	243.1523	0.0001
337	243.7669	0.0001
338	244.3814	0.0001
339	244.9957	0.0001
340	245.6099	0.0001
341	246.224	0.0001
342	246.8379	0.0001
343	247.4516	0.0001
344	248.0652	0.0001
345	248.6786	0.0001
346	249.292	0.0001
347	249.9051	0.0001
348	250.5181	0.0001
349	251.131	0.0001
350	251.7437	0.0001
351	252.3563	0.0001
352	252.9687	0.0001
353	253.581	0.0001
354	254.1931	0.0001
355	254.8051	0.0001
356	255.4169	0.0001
357	256.0286	0.0001
358	256.6402	144.5166
359	257.2516	163.85
360	257.8628	274.1833
361	258.4739	61.18331
362	259.0849	27.18331
363	259.6957	392.5166
364	260.3063	396.5166
365	260.9169	410.5166
366	261.5272	0.0001
367	262.1375	0.0001
368	262.7475	0.0001
369	263.3575	0.0001
370	263.9672	0.0001
371	264.5769	55.51664
372	265.1864	35.51664
373	265.7957	0.0001
374	266.4049	0.0001
375	267.0139	0.0001
376	267.6228	0.0001
377	268.2316	236.85
378	268.8402	498.85
379	269.4486	496.1833
380	270.0569	228.5166
381	270.6651	23.18331
382	271.2731	44.51664
383	271.881	0.0001
384	272.4887	0.0001
385	273.0963	0.0001
386	273.7037	0.0001
387	274.311	8.183309
388	274.9182	80.84998
389	275.5251	150.85
390	276.132	42.84998
391	276.7387	0.0001
392	277.3452	0.0001
393	277.9516	0.0001
394	278.5579	0.0001
395	279.164	0.0001
396	279.7699	0.0001
397	280.3757	11.51664
398	280.9814	70.18331
399	281.5869	0.0001
400	282.1923	20.51664
401	282.7975	0.0001
402	283.4026	0.0001
403	284.0075	0.0001
404	284.6123	0.0001
405	285.2169	0.0001
406	285.8214	153.5166
407	286.4258	519.1833
408	287.0299	986.1833
409	287.634	719.1833
410	288.2379	515.85
411	288.8416	45.84998
412	289.4452	12.18331
413	290.0487	0.0001
414	290.652	0.0001
415	291.2552	0.0001
416	291.8582	0.0001
417	292.461	0.0001
418	293.0638	0.0001
419	293.6663	0.0001
420	294.2687	151.5166
421	294.871	196.1833
422	295.4731	182.85
423	296.0751	26.84998
424	296.677	0.0001
425	297.2787	10.18331
426	297.8802	0.0001
427	298.4816	37.51664
428	299.0828	173.5166
429	299.6839	107.85
430	300.2849	3.849976
431	300.8857	0.0001
432	301.4864	0.0001
433	302.0869	0.0001
434	302.6872	0.0001
435	303.2874	0.0001
436	303.8875	0.0001
437	304.4874	0.0001
438	305.0872	0.0001
439	305.6868	140.85
440	306.2863	636.85
441	306.8856	719.5166
442	307.4848	477.5166
443	308.0838	0.0001
444	308.6827	0.0001
445	309.2815	0.0001
446	309.8801	0.0001
447	310.4785	4.849976
448	311.0768	0.0001
449	311.675	0.0001
450	312.2729	0.0001
451	312.8708	0.0001
452	313.4685	0.0001
453	314.0661	4.516642
454	314.6635	2.849976
455	315.2608	0.0001
456	315.8579	447.85
457	316.4549	469.1833
458	317.0517	554.1833
459	317.6483	1.516642
460	318.2449	0.0001
461	318.8412	0.0001
462	319.4375	0.0001
463	320.0336	0.0001
464	320.6295	0.0001
465	321.2253	0.0001
466	321.821	0.0001
467	322.4164	0.0001
468	323.0118	0.0001
469	323.607	0.0001
470	324.2021	0.0001
471	324.797	0.0001
472	325.3917	0.0001
473	325.9863	0.0001
474	326.5808	0.0001
475	327.1751	0.8499756
476	327.7693	53.18331
477	328.3633	0.0001
478	328.9572	30.84998
479	329.5509	0.0001
480	330.1444	0.0001
481	330.7379	0.0001
482	331.3312	229.85
483	331.9243	242.5166
484	332.5173	571.1833
485	333.1101	310.85
486	333.7028	333.5166
487	334.2953	13.18331
488	334.8878	51.84998
489	335.48	0.0001
490	336.0721	0.0001
491	336.664	0.0001
492	337.2559	0.0001
493	337.8475	0.0001
494	338.439	0.0001
495	339.0304	58.84998
496	339.6216	136.85
497	340.2126	123.5166
498	340.8036	0.0001
499	341.3943	0.0001
500	341.985	0.0001
501	342.5754	0.0001
502	343.1658	0.0001
503	343.756	40.84998
504	344.346	105.85
505	344.9359	106.5166
506	345.5256	0.0001
507	346.1152	0.0001
508	346.7046	0.0001
509	347.2939	6.849976
510	347.8831	0.8499756
511	348.472	58.18331
512	349.0609	0.0001
513	349.6496	0.0001
514	350.2381	0.0001
515	350.8265	0.0001
516	351.4148	0.0001
517	352.0029	0.0001
518	352.5909	0.0001
519	353.1787	0.0001
520	353.7664	0.0001
521	354.3539	0.0001
522	354.9412	0.0001
523	355.5284	0.0001
524	356.1155	0.0001
525	356.7025	0.0001
526	357.2892	0.0001
527	357.8759	0.0001
528	358.4623	79.84998
529	359.0487	50.51664
530	359.6349	62.84998
531	360.2209	0.0001
532	360.8068	0.0001
533	361.3925	0.0001
534	361.9781	0.0001
535	362.5636	0.0001
536	363.1489	0.0001
537	363.734	0.0001
538	364.319	0.0001
539	364.9039	0.0001
540	365.4886	0.0001
541	366.0731	0.0001
542	366.6575	0.0001
543	367.2418	0.0001
544	367.8259	0.0001
545	368.4099	0.0001
546	368.9937	0.0001
547	369.5774	0.0001
548	370.1609	0.0001
549	370.7443	0.0001
550	371.3275	55.84998
551	371.9106	52.84998
552	372.4935	121.5166
553	373.0763	55.18331
554	373.6589	7.516642
555	374.2414	0.0001
556	374.8237	27.84998
557	375.4059	10.84998
558	375.9879	40.84998
559	376.5698	0.0001
560	377.1516	19.51664
561	377.7332	105.5166
562	378.3146	86.84998
563	378.8959	112.1833
564	379.4771	0.0001
565	380.0581	0.0001
566	380.6389	0.0001
567	381.2196	0.0001
568	381.8002	0.0001
569	382.3806	0.0001
570	382.9608	7.849976
571	383.541	0.0001
572	384.1209	6.516642
573	384.7007	20.18331
574	385.2804	33.84998
575	385.8599	0.0001
576	386.4393	0.0001
577	387.0185	13.51664
578	387.5976	0.0001
579	388.1765	9.849976
580	388.7553	0.0001
581	389.3339	0.0001
582	389.9124	0.0001
583	390.4908	0.0001
584	391.0689	259.5166
585	391.647	236.1833
586	392.2249	227.5166
587	392.8026	0.0001
588	393.3802	0.0001
589	393.9576	0.0001
590	394.5349	0.0001
591	395.1121	10.51664
592	395.6891	67.51664
593	396.2659	218.85
594	396.8426	16.18331
595	397.4192	41.18331
596	397.9956	0.0001
597	398.5718	203.85
598	399.1479	122.5166
599	399.7239	132.85
600	400.2997	0.0001
601	400.8754	0.0001
602	401.4509	0.0001
603	402.0262	0.0001
604	402.6015	133.5166
605	403.1765	151.5166
606	403.7515	196.85
607	404.3262	0.0001
608	404.9008	0.0001
609	405.4753	0.0001
610	406.0497	0.0001
611	406.6238	0.0001
612	407.1979	0.0001
613	407.7718	0.0001
614	408.3455	0.0001
615	408.9191	0.0001
616	409.4925	0.0001
617	410.0658	0.0001
618	410.6389	176.85
619	411.2119	282.5166
620	411.7848	361.1833
621	412.3575	74.51664
622	412.93	0.0001
623	413.5024	0.0001
624	414.0746	0.0001
625	414.6467	0.0001
626	415.2187	0.0001
627	415.7905	0.0001
628	416.3621	0.0001
629	416.9336	0.0001
630	417.505	24.51664
631	418.0762	0.0001
632	418.6472	0.0001
633	419.2182	0.0001
634	419.7889	0.0001
635	420.3595	0.0001
636	420.93	0.0001
637	421.5003	0.0001
638	422.0705	24.18331
639	422.6405	0.0001
640	423.2104	0.0001
641	423.7801	57.18331
642	424.3497	83.51664
643	424.9191	65.18331
644	425.4884	0.0001
645	426.0575	0.0001
646	426.6265	0.0001
647	427.1953	0.0001
648	427.764	0.0001
649	428.3325	0.0001
650	428.9009	0.0001
651	429.4691	0.0001
652	430.0372	0.0001
653	430.6051	0.0001
654	431.1729	9.183309
655	431.7406	0.0001
656	432.308	41.18331
657	432.8754	448.85
658	433.4426	539.5167
659	434.0096	819.5166
660	434.5765	473.5166
661	435.1432	449.1833
662	435.7099	74.51664
663	436.2763	0.0001
664	436.8426	0.0001
665	437.4088	0.0001
666	437.9748	0.0001
667	438.5406	0.0001
668	439.1063	0.0001
669	439.6719	0.0001
670	440.2373	55.51664
671	440.8025	41.18331
672	441.3676	130.5166
673	441.9326	33.18331
674	442.4974	0.0001
675	443.0621	0.0001
676	443.6266	0.0001
677	444.1909	0.0001
678	444.7552	25.18331
679	445.3192	82.84998
680	445.8831	0.0001
681	446.4469	0.0001
682	447.0105	0.0001
683	447.574	0.0001
684	448.1373	0.0001
685	448.7005	0.0001
686	449.2635	0.0001
687	449.8264	0.0001
688	450.3891	0.0001
689	450.9517	0.0001
690	451.5141	0.0001
691	452.0764	0.0001
692	452.6385	0.0001
693	453.2005	0.0001
694	453.7623	44.84998
695	454.324	11.18331
696	454.8855	24.84998
697	455.4469	0.0001
698	456.0081	27.51664
699	456.5692	45.84998
700	457.1302	0.0001
701	457.691	0.0001
702	458.2516	0.0001
703	458.8121	0.0001
704	459.3724	0.0001
705	459.9326	0.0001
706	460.4927	0.0001
707	461.0526	0.0001
708	461.6123	0.0001
709	462.1719	0.0001
710	462.7314	0.0001
711	463.2906	0.0001
712	463.8498	282.85
713	464.4088	338.85
714	464.9676	251.5166
715	465.5263	0.0001
716	466.0849	0.0001
717	466.6433	153.1833
718	467.2015	279.85
719	467.7596	218.1833
720	468.3176	0.0001
721	468.8754	0.0001
722	469.433	0.0001
723	469.9906	150.85
724	470.5479	254.85
725	471.1051	249.1833
726	471.6622	0.0001
727	472.2191	0.0001
728	472.7758	0.0001
729	473.3325	0.0001
730	473.8889	152.85
731	474.4453	86.84998
732	475.0014	7.849976
733	475.5574	0.0001
734	476.1133	0.0001
735	476.669	0.0001
736	477.2246	0.0001
737	477.78	0.0001
738	478.3353	0.0001
739	478.8904	6.183309
740	479.4453	0.0001
741	480.0002	20.84998
742	480.5548	0.0001
743	481.1093	0.0001
744	481.6637	0.0001
745	482.218	0.0001
746	482.772	0.0001
747	483.3259	70.51664
748	483.8797	0.0001
749	484.4333	0.0001
750	484.9868	0.0001
751	485.5401	0.0001
752	486.0933	276.5166
753	486.6463	271.1833
754	487.1992	331.1833
755	487.752	0.0001
756	488.3045	0.0001
757	488.857	0.0001
758	489.4092	33.18331
759	489.9614	58.51664
760	490.5134	0.0001
761	491.0652	0.0001
762	491.6169	0.0001
763	492.1684	0.0001
764	492.7198	0.0001
765	493.271	0.0001
766	493.8221	0.0001
767	494.373	393.1833
768	494.9238	399.5166
769	495.4745	466.85
770	496.0249	61.18331
771	496.5753	89.18331
772	497.1255	10.51664
773	497.6755	0.0001
774	498.2254	0.0001
775	498.7751	0.0001
776	499.3247	0.0001
777	499.8742	0.0001
778	500.4235	14.51664
779	500.9726	0.0001
780	501.5216	14.18331
781	502.0704	0.0001
782	502.6191	110.85
783	503.1677	14.18331
784	503.7161	0.0001
785	504.2643	0.0001
786	504.8124	0.0001
787	505.3604	53.51664
788	505.9081	92.18331
789	506.4558	72.84998
790	507.0033	132.85
791	507.5506	199.85
792	508.0978	266.1833
793	508.6449	168.85
794	509.1917	107.5166
795	509.7385	0.0001
796	510.2851	52.51664
797	510.8315	69.84998
798	511.3778	89.18331
799	511.924	12.18331
800	512.47	0.0001
801	513.0159	181.1833
802	513.5615	197.1833
803	514.1071	220.5166
804	514.6525	21.51664
805	515.1978	71.51664
806	515.7429	66.51664
807	516.2878	120.85
808	516.8326	141.5166
809	517.3773	178.85
810	517.9218	164.85
811	518.4661	224.5166
812	519.0103	243.5166
813	519.5543	268.5166
814	520.0983	192.85
815	520.642	271.5166
816	521.1856	261.85
817	521.7291	286.1833
818	522.2723	255.5166
819	522.8155	284.5166
820	523.3585	300.5166
821	523.9014	345.85
822	524.4441	379.5166
823	524.9866	479.1833
824	525.5291	535.1833
825	526.0713	685.5166
826	526.6134	730.8499
827	527.1553	707.8499
828	527.6971	635.85
829	528.2388	566.5167
830	528.7803	728.8499
831	529.3217	794.8499
832	529.8629	968.8499
833	530.4039	900.8499
834	530.9448	858.1833
835	531.4856	918.5166
836	532.0262	1015.85
837	532.5667	1205.85
838	533.1069	1336.183
839	533.6471	1463.517
840	534.1871	1447.85
841	534.727	1343.517
842	535.2667	1470.517
843	535.8062	1555.517
844	536.3456	1670.183
845	536.8849	1577.517
846	537.424	1670.517
847	537.963	1804.517
848	538.5018	1997.517
849	539.0404	2084.183
850	539.5789	2190.183
851	540.1172	2254.517
852	540.6555	2309.183
853	541.1935	2360.85
854	541.7314	2443.85
855	542.2692	2522.183
856	542.8068	2653.85
857	543.3442	2696.517
858	543.8815	2881.184
859	544.4187	2871.517
860	544.9557	2916.517
861	545.4926	3068.517
862	546.0293	3233.184
863	546.5659	3306.517
864	547.1022	3234.184
865	547.6385	3209.85
866	548.1746	3303.184
867	548.7106	3331.184
868	549.2463	3476.85
869	549.782	3703.85
870	550.3175	3829.184
871	550.8528	3825.184
872	551.3881	3790.517
873	551.9232	3865.184
874	552.458	3908.85
875	552.9928	3970.85
876	553.5274	4023.517
877	554.0618	4114.517
878	554.5961	4102.184
879	555.1303	4095.184
880	555.6643	4018.517
881	556.1981	3925.517
882	556.7319	3940.184
883	557.2654	3920.517
884	557.7988	3939.184
885	558.332	4553.517
886	558.8652	4602.85
887	559.3981	4549.517
888	559.9309	3862.85
889	560.4636	3787.184
890	560.996	3784.85
891	561.5284	3693.85
892	562.0606	3674.85
893	562.5927	3597.517
894	563.1246	3594.184
895	563.6563	3580.85
896	564.1879	3555.184
897	564.7194	3497.85
898	565.2507	3353.517
899	565.7818	3237.184
900	566.3128	3187.184
901	566.8436	3114.184
902	567.3743	3361.517
903	567.9049	3318.517
904	568.4353	3381.517
905	568.9655	3035.85
906	569.4956	2951.517
907	570.0256	2987.517
908	570.5554	2964.85
909	571.085	2924.85
910	571.6145	2707.517
911	572.1439	2681.517
912	572.673	2615.85
913	573.2021	2582.517
914	573.731	2602.183
915	574.2597	2633.85
916	574.7883	2565.85
917	575.3167	2515.183
918	575.845	2441.85
919	576.3732	2386.85
920	576.9011	2373.517
921	577.429	2294.183
922	577.9567	2386.183
923	578.4842	2294.183
924	579.0116	2275.517
925	579.5388	2165.85
926	580.0659	2162.183
927	580.5928	2199.517
928	581.1196	2182.85
929	581.6463	2208.183
930	582.1727	2250.183
931	582.6991	2312.85
932	583.2253	2436.85
933	583.7513	2491.517
934	584.2772	2568.85
935	584.8029	2462.183
936	585.3285	2362.183
937	585.8539	2265.517
938	586.3792	2256.517
939	586.9044	2275.517
940	587.4293	2616.517
941	587.9542	2613.183
942	588.4788	2547.85
943	589.0034	2212.517
944	589.5277	2302.183
945	590.0519	2349.183
946	590.576	2339.183
947	591.1	2308.85
948	591.6237	2387.85
949	592.1473	2429.517
950	592.6708	2361.183
951	593.1942	2329.517
952	593.7173	2362.183
953	594.2404	2377.85
954	594.7632	2479.85
955	595.2859	2485.85
956	595.8085	2548.517
957	596.3309	2458.517
958	596.8531	2427.183
959	597.3753	2484.85
960	597.8973	2449.183
961	598.4191	2471.517
962	598.9407	2427.517
963	599.4622	2532.85
964	599.9836	2578.517
965	600.5048	2476.85
966	601.0259	2331.183
967	601.5468	2269.85
968	602.0676	2471.183
969	602.5881	2607.517
970	603.1086	2689.517
971	603.6289	2532.517
972	604.149	2588.85
973	604.6691	2495.183
974	605.1889	2451.183
975	605.7086	2703.517
976	606.2282	2643.183
977	606.7476	2612.517
978	607.2668	2163.85
979	607.7859	2127.183
980	608.3049	2135.183
981	608.8237	2176.85
982	609.3423	2206.183
983	609.8608	2183.85
984	610.3792	2087.85
985	610.8974	2039.517
986	611.4154	1958.183
987	611.9333	1899.183
988	612.451	1896.517
989	612.9686	1926.183
990	613.4861	1891.517
991	614.0034	1873.517
992	614.5205	1873.85
993	615.0375	1868.517
994	615.5543	2089.85
995	616.071	2040.517
996	616.5876	2205.183
997	617.1039	1843.85
998	617.6202	1780.85
999	618.1363	1634.85
1000	618.6522	1723.183
1001	619.168	1708.183
1002	619.6836	1573.85
1003	620.1991	1394.517
1004	620.7144	1370.183
1005	621.2296	1362.183
1006	621.7446	1374.85
1007	622.2595	1328.183
1008	622.7742	1391.85
1009	623.2888	1453.183
1010	623.8032	1477.183
1011	624.3175	1774.85
1012	624.8316	1702.517
1013	625.3456	2000.85
1014	625.8594	1701.517
1015	626.373	1714.85
1016	626.8865	1414.85
1017	627.3999	1308.85
1018	627.9131	1280.85
1019	628.4262	1335.517
1020	628.9391	1354.85
1021	629.4519	1409.85
1022	629.9645	1354.183
1023	630.4769	1302.85
1024	630.9893	1272.183
1025	631.5014	1208.183
1026	632.0134	1211.517
1027	632.5253	1288.183
1028	633.037	1234.183
1029	633.5485	1314.183
1030	634.0599	1248.183
1031	634.5712	1224.183
1032	635.0823	1237.517
1033	635.5932	1158.85
1034	636.104	1149.85
1035	636.6146	1014.517
1036	637.1251	967.5166
1037	637.6355	1055.85
1038	638.1457	1115.517
1039	638.6557	1163.85
1040	639.1656	1030.85
1041	639.6754	1081.517
1042	640.1849	1153.517
1043	640.6943	1234.183
1044	641.2036	1102.85
1045	641.7128	918.5166
1046	642.2217	840.5166
1047	642.7306	798.8499
1048	643.2393	869.5166
1049	643.7477	1346.517
1050	644.2562	1343.183
1051	644.7643	1271.85
1052	645.2725	1068.517
1053	645.7803	1081.183
1054	646.2881	1147.517
1055	646.7958	867.8499
1056	647.3032	856.8499
1057	647.8105	832.5166
1058	648.3177	847.5166
1059	648.8247	811.8499
1060	649.3315	832.1833
1061	649.8383	830.5166
1062	650.3448	835.8499
1063	650.8513	779.8499
1064	651.3575	685.1833
1065	651.8636	714.5166
1066	652.3696	711.1833
1067	652.8754	860.5166
1068	653.381	857.5166
1069	653.8865	906.1833
1070	654.3918	834.5166
1071	654.897	845.5166
1072	655.4021	757.5166
1073	655.907	690.8499
1074	656.4117	991.8499
1075	656.9163	980.5166
1076	657.4208	1032.85
1077	657.925	724.5166
1078	658.4292	756.5166
1079	658.9332	697.8499
1080	659.437	618.5167
1081	659.9407	547.85
1082	660.4442	560.1833
1083	660.9476	571.85
1084	661.4508	564.5167
1085	661.9539	602.5167
1086	662.4568	663.5167
1087	662.9596	670.1833
1088	663.4622	627.1833
1089	663.9647	511.85
1090	664.467	496.85
1091	664.9692	484.85
1092	665.4712	513.85
1093	665.9731	520.5167
1094	666.4748	648.5167
1095	666.9763	687.1833
1096	667.4777	660.85
1097	667.979	492.85
1098	668.4801	405.1833
1099	668.9811	382.5166
1100	669.4819	438.85
1101	669.9825	449.5166
1102	670.483	450.85
1103	670.9833	414.85
1104	671.4836	374.85
1105	671.9836	458.5166
1106	672.4835	672.5167
1107	672.9832	789.8499
1108	673.4828	712.5166
1109	673.9822	474.1833
1110	674.4816	384.1833
1111	674.9807	426.1833
1112	675.4797	457.1833
1113	675.9785	469.5166
1114	676.4772	449.1833
1115	676.9757	439.5166
1116	677.4741	426.5166
1117	677.9723	387.5166
1118	678.4704	298.5166
1119	678.9683	230.1833
1120	679.4661	233.1833
1121	679.9637	326.5166
1122	680.4611	482.85
1123	680.9584	474.85
1124	681.4556	415.5166
1125	681.9526	308.5166
1126	682.4495	283.1833
1127	682.9462	281.1833
1128	683.4427	298.5166
1129	683.9391	314.5166
1130	684.4354	325.1833
1131	684.9315	354.85
1132	685.4274	320.85
1133	685.9232	238.85
1134	686.4189	505.85
1135	686.9144	563.85
1136	687.4097	560.5167
1137	687.9049	379.85
1138	688.4	336.85
1139	688.8948	462.5166
1140	689.3896	283.85
1141	689.8842	327.1833
1142	690.3786	339.1833
1143	690.8729	362.5166
1144	691.367	337.85
1145	691.861	277.5166
1146	692.3548	313.1833
1147	692.8484	315.1833
1148	693.342	264.5166
1149	693.8353	173.85
1150	694.3286	170.5166
1151	694.8216	155.85
1152	695.3145	189.1833
1153	695.8073	248.85
1154	696.2999	307.1833
1155	696.7924	343.1833
1156	697.2847	222.5166
1157	697.7768	112.5166
1158	698.2688	73.51664
1159	698.7606	136.1833
1160	699.2523	172.85
1161	699.7439	159.5166
1162	700.2353	156.85
1163	700.7265	159.5166
1164	701.2176	211.85
1165	701.7085	157.1833
1166	702.1993	165.5166
1167	702.6899	149.5166
1168	703.1804	172.1833
1169	703.6707	255.5166
1170	704.1609	156.1833
1171	704.6509	215.5166
1172	705.1408	86.84998
1173	705.6305	100.85
1174	706.1201	0.0001
1175	706.6095	71.51664
1176	707.0988	110.85
1177	707.5879	138.1833
1178	708.0768	191.5166
1179	708.5656	676.85
1180	709.0543	710.1833
1181	709.5428	612.85
1182	710.0311	245.5166
1183	710.5193	227.5166
1184	711.0074	218.5166
1185	711.4953	44.18331
1186	711.983	85.18331
1187	712.4706	81.84998
1188	712.9581	165.1833
1189	713.4453	201.1833
1190	713.9324	152.5166
1191	714.4194	119.1833
1192	714.9063	267.1833
1193	715.3929	641.85
1194	715.8795	700.5166
1195	716.3658	461.85
1196	716.8521	92.51664
1197	717.3381	347.1833
1198	717.824	417.85
1199	718.3098	451.5166
1200	718.7954	128.1833
1201	719.2809	54.84998
1202	719.7662	25.51664
1203	720.2513	63.18331
1204	720.7363	126.1833
1205	721.2212	149.5166
1206	721.7059	64.18331
1207	722.1904	0.0001
1208	722.6748	0.0001
1209	723.1591	110.85
1210	723.6431	203.85
1211	724.1271	232.85
1212	724.6108	121.85
1213	725.0945	102.1833
1214	725.5779	78.51664
1215	726.0613	119.85
1216	726.5444	109.5166
1217	727.0275	84.18331
1218	727.5103	18.84998
1219	727.993	0.0001
1220	728.4756	4.849976
1221	728.958	63.84998
1222	729.4403	146.5166
1223	729.9224	84.51664
1224	730.4044	68.84998
1225	730.8862	62.18331
1226	731.3678	31.18331
1227	731.8493	11.84998
1228	732.3306	16.51664
1229	732.8118	0.0001
1230	733.2928	0.0001
1231	733.7737	0.0001
1232	734.2545	48.18331
1233	734.7351	28.18331
1234	735.2155	105.85
1235	735.6958	65.51664
1236	736.1759	82.18331
1237	736.6559	0.0001
1238	737.1357	0.0001
1239	737.6154	0.0001
1240	738.0949	25.51664
1241	738.5742	0.0001
1242	739.0535	41.51664
1243	739.5325	0.0001
1244	740.0114	0.0001
1245	740.4902	0.0001
1246	740.9688	0.0001
1247	741.4472	45.51664
1248	741.9255	172.85
1249	742.4036	157.1833
1250	742.8817	151.1833
1251	743.3595	0.0001
1252	743.8372	0.0001
1253	744.3147	0.0001
1254	744.7921	139.85
1255	745.2693	150.5166
1256	745.7464	173.5166
1257	746.2233	36.84998
1258	746.7001	46.18331
1259	747.1767	374.5166
1260	747.6531	370.1833
1261	748.1295	399.5166
1262	748.6056	0.0001
1263	749.0816	0.0001
1264	749.5575	0.0001
1265	750.0332	0.0001
1266	750.5087	0.0001
1267	750.9841	0.0001
1268	751.4594	55.84998
1269	751.9344	38.51664
1270	752.4094	0.0001
1271	752.8842	0.0001
1272	753.3588	0.0001
1273	753.8333	0.0001
1274	754.3076	0.0001
1275	754.7818	0.0001
1276	755.2558	78.51664
1277	755.7297	248.1833
1278	756.2034	430.1833
1279	756.6769	436.5166
1280	757.1503	259.1833
1281	757.6236	87.84998
1282	758.0967	0.0001
1283	758.5696	0.0001
1284	759.0425	0.0001
1285	759.5151	0.0001
1286	759.9876	333.85
1287	760.46	395.85
1288	760.9321	426.85
1289	761.4042	0.0001
1290	761.876	0.0001
1291	762.3478	0.0001
1292	762.8193	16.51664
1293	763.2908	55.51664
1294	763.762	0.0001
1295	764.2332	0.0001
1296	764.7042	0.0001
1297	765.1749	0.0001
1298	765.6456	0.0001
1299	766.1161	0.0001
1300	766.5865	0.0001
1301	767.0566	5.516642
1302	767.5267	21.51664
1303	767.9966	44.18331
1304	768.4664	33.51664
1305	768.9359	23.18331
1306	769.4054	0.0001
1307	769.8746	0.0001
1308	770.3438	0.0001
1309	770.8127	0.0001
1310	771.2816	0.0001
1311	771.7502	1.183309
1312	772.2188	165.1833
1313	772.6871	78.18331
1314	773.1553	230.1833
1315	773.6234	176.5166
1316	774.0913	180.1833
1317	774.5591	50.84998
1318	775.0267	0.0001
1319	775.4941	0.0001
1320	775.9614	0.0001
1321	776.4286	0.0001
1322	776.8956	0.0001
1323	777.3624	0.0001
1324	777.829	0.0001
1325	778.2956	0.0001
1326	778.762	0.0001
1327	779.2282	0.0001
1328	779.6943	11.84998
1329	780.1602	0.0001
1330	780.626	55.84998
1331	781.0916	69.18331
1332	781.557	28.84998
1333	782.0223	874.85
1334	782.4875	827.5168
1335	782.9525	902.1834
1336	783.4173	4.849976
1337	783.882	0.0001
1338	784.3466	0.0001
1339	784.8109	0.0001
1340	785.2751	0.0001
1341	785.7393	0.0001
1342	786.2032	0.0001
1343	786.6669	0.0001
1344	787.1306	0.0001
1345	787.5941	0.0001
1346	788.0574	0.0001
1347	788.5205	0.0001
1348	788.9835	148.1833
1349	789.4464	152.1833
1350	789.9091	226.85
1351	790.3716	0.0001
1352	790.834	55.84998
1353	791.2963	19.51664
1354	791.7584	0.0001
1355	792.2203	0.0001
1356	792.6821	0.0001
1357	793.1437	16.18331
1358	793.6052	30.51664
1359	794.0665	435.85
1360	794.5276	386.1833
1361	794.9887	333.5166
1362	795.4495	0.0001
1363	795.9103	0.0001
1364	796.3708	0.0001
1365	796.8312	0.0001
1366	797.2914	0.0001
1367	797.7515	0.0001
1368	798.2115	0.0001
1369	798.6713	0.0001
1370	799.1309	0.0001
1371	799.5904	0.0001
1372	800.0497	0.0001
1373	800.5089	0.0001
1374	800.968	0.0001
1375	801.4268	0.0001
1376	801.8855	31.84998
1377	802.3441	0.0001
1378	802.8025	0.0001
1379	803.2607	0.0001
1380	803.7189	0.0001
1381	804.1768	0.0001
1382	804.6346	0.0001
1383	805.0922	0.0001
1384	805.5497	0.0001
1385	806.0071	0.0001
1386	806.4642	0.0001
1387	806.9213	0.0001
1388	807.3782	0.0001
1389	807.8349	0.0001
1390	808.2914	0.0001
1391	808.7479	0.0001
1392	809.2041	0.0001
1393	809.6602	0.0001
1394	810.1161	0.0001
1395	810.572	0.0001
1396	811.0276	0.0001
1397	811.4831	52.84998
1398	811.9385	26.84998
1399	812.3937	0.0001
1400	812.8487	0.0001
1401	813.3036	0.0001
1402	813.7583	12.84998
1403	814.2128	0.0001
1404	814.6673	0.0001
1405	815.1215	0.0001
1406	815.5757	0.0001
1407	816.0296	0.0001
1408	816.4834	0.0001
1409	816.9371	0.0001
1410	817.3906	0.0001
1411	817.8439	99.18331
1412	818.2971	124.85
1413	818.7501	53.84998
1414	819.203	74.51664
1415	819.6558	0.0001
1416	820.1083	0.0001
1417	820.5607	0.0001
1418	821.013	0.0001
1419	821.4651	0.0001
1420	821.9171	0.0001
1421	822.3689	0.0001
1422	822.8206	113.5166
1423	823.2721	197.5166
1424	823.7234	186.1833
1425	824.1746	71.51664
1426	824.6257	57.51664
1427	825.0765	102.1833
1428	825.5273	9.516643
1429	825.9778	0.0001
1430	826.4283	0.0001
1431	826.8785	0.0001
1432	827.3287	0.0001
1433	827.7786	0.0001
1434	828.2285	0.0001
1435	828.6781	0.0001
1436	829.1276	0.0001
1437	829.577	0.0001
1438	830.0261	0.0001
1439	830.4752	0.0001
1440	830.9241	0.0001
1441	831.3728	29.18331
1442	831.8214	200.5166
1443	832.2698	195.85
1444	832.7181	124.85
1445	833.1662	0.0001
1446	833.6141	11.18331
1447	834.062	0.0001
1448	834.5096	0.0001
1449	834.9572	0.0001
1450	835.4045	153.5166
1451	835.8517	278.85
1452	836.2987	302.85
1453	836.7456	0.0001
1454	837.1923	0.0001
1455	837.6389	0.0001
1456	838.0853	0.0001
1457	838.5316	0.0001
1458	838.9777	0.0001
1459	839.4237	42.18331
1460	839.8695	68.18331
1461	840.3152	0.0001
1462	840.7607	0.0001
1463	841.206	0.0001
1464	841.6512	162.85
1465	842.0963	166.1833
1466	842.5411	316.85
1467	842.9859	92.84998
1468	843.4305	93.51664
1469	843.8749	0.0001
1470	844.3192	0.0001
1471	844.7632	0.0001
1472	845.2072	0.0001
1473	845.6511	0.0001
1474	846.0947	18.84998
1475	846.5382	0.0001
1476	846.9816	0.0001
1477	847.4247	0.0001
1478	847.8678	0.0001
1479	848.3107	0.0001
1480	848.7534	0.0001
1481	849.196	0.0001
1482	849.6384	0.0001
1483	850.0807	0.0001
1484	850.5228	0.0001
1485	850.9647	156.85
1486	851.4066	116.85
1487	851.8482	69.18331
1488	852.2897	0.0001
1489	852.7311	0.0001
1490	853.1722	31.51664
1491	853.6133	0.0001
1492	854.0541	0.0001
1493	854.4949	0.0001
1494	854.9355	0.0001
1495	855.3759	0.0001
1496	855.8162	0.0001
1497	856.2563	0.0001
1498	856.6962	25.18331
1499	857.136	0.0001
1500	857.5757	120.85
1501	858.0152	59.51664
1502	858.4545	124.85
1503	858.8937	0.0001
1504	859.3328	0.0001
1505	859.7716	0.0001
1506	860.2103	10.84998
1507	860.6489	89.18331
1508	861.0873	124.85
1509	861.5256	0.0001
1510	861.9637	0.0001
1511	862.4017	0.0001
1512	862.8395	0.0001
1513	863.2771	0.0001
1514	863.7146	0.0001
1515	864.1519	0.0001
1516	864.5891	0.0001
1517	865.0261	0.0001
1518	865.463	43.51664
1519	865.8997	0.0001
1520	866.3363	27.51664
1521	866.7727	0.0001
1522	867.209	0.0001
1523	867.6451	0.0001
1524	868.081	0.0001
1525	868.5168	0.0001
1526	868.9525	0.0001
1527	869.3879	0.0001
1528	869.8232	0.0001
1529	870.2584	0.0001
1530	870.6935	0.0001
1531	871.1284	0.0001
1532	871.563	0.0001
1533	871.9976	0.0001
1534	872.432	11.84998
1535	872.8663	0.0001
1536	873.3004	55.84998
1537	873.7343	44.51664
1538	874.1681	49.51664
1539	874.6017	0.0001
1540	875.0352	0.0001
1541	875.4685	0.0001
1542	875.9017	0.0001
1543	876.3347	0.0001
1544	876.7676	0.0001
1545	877.2003	0.0001
1546	877.6328	0.0001
1547	878.0652	0.0001
1548	878.4974	56.18331
1549	878.9296	0.0001
1550	879.3615	44.51664
1551	879.7933	22.51664
1552	880.2249	196.1833
1553	880.6564	150.85
1554	881.0877	39.84998
1555	881.5189	0.0001
1556	881.9498	0.0001
1557	882.3807	0.0001
1558	882.8114	0.0001
1559	883.2419	0.0001
1560	883.6723	220.1833
1561	884.1025	223.1833
1562	884.5327	223.5166
1563	884.9626	0.0001
1564	885.3923	98.84998
1565	885.822	117.5166
1566	886.2514	47.51664
1567	886.6807	0.0001
1568	887.1099	0.0001
1569	887.5389	0.0001
1570	887.9677	0.0001
1571	888.3964	3.183309
1572	888.825	0.0001
1573	889.2533	120.1833
1574	889.6815	130.5166
1575	890.1096	105.1833
1576	890.5375	0.0001
1577	890.9653	0.0001
1578	891.3929	0.0001
1579	891.8204	46.18331
1580	892.2477	0.0001
1581	892.6748	0.0001
1582	893.1018	211.85
1583	893.5286	241.85
1584	893.9553	289.1833
1585	894.3818	0.0001
1586	894.8082	0.0001
1587	895.2344	0.0001
1588	895.6605	0.0001
1589	896.0864	0.0001
1590	896.5121	0.0001
1591	896.9377	50.18331
1592	897.3632	396.85
1593	897.7885	795.8499
1594	898.2136	721.8499
1595	898.6385	339.1833
1596	899.0634	0.0001
1597	899.488	0.0001
1598	899.9125	0.0001
1599	900.3369	0.0001
1600	900.7611	0.0001
1601	901.1852	0.0001
1602	901.6091	0.0001
1603	902.0328	0.0001
1604	902.4564	0.0001
1605	902.8798	0.0001
1606	903.303	0.0001
1607	903.7262	0.0001
1608	904.1492	0.0001
1609	904.572	0.0001
1610	904.9946	0.0001
1611	905.4171	0.0001
1612	905.8395	14.84998
1613	906.2617	0.0001
1614	906.6837	0.0001
1615	907.1056	0.0001
1616	907.5273	0.0001
1617	907.9489	3.183309
1618	908.3703	0.0001
1619	908.7915	0.0001
1620	909.2126	0.0001
1621	909.6336	0.0001
1622	910.0544	0.0001
1623	910.475	0.0001
1624	910.8955	0.0001
1625	911.3159	0.0001
1626	911.736	0.0001
1627	912.1561	0.0001
1628	912.5759	0.0001
1629	912.9956	94.18331
1630	913.4152	53.84998
1631	913.8346	53.51664
1632	914.2538	0.0001
1633	914.6729	0.0001
1634	915.0919	0.0001
1635	915.5106	0.0001
1636	915.9293	0.0001
1637	916.3477	0.0001
1638	916.7661	0.0001
1639	917.1842	0.0001
1640	917.6022	0.0001
1641	918.0201	0.0001
1642	918.4377	0.0001
1643	918.8553	0.0001
1644	919.2727	0.0001
1645	919.6899	0.0001
1646	920.107	0.0001
1647	920.5239	60.18331
1648	920.9407	52.18331
1649	921.3573	6.516642
1650	921.7737	0.0001
1651	922.19	0.0001
1652	922.6062	0.0001
1653	923.0222	0.0001
1654	923.438	0.0001
1655	923.8537	0.0001
1656	924.2692	0.0001
1657	924.6846	0.0001
1658	925.0998	0.0001
1659	925.5148	141.1833
1660	925.9297	126.1833
1661	926.3445	102.1833
1662	926.7591	0.0001
1663	927.1735	0.0001
1664	927.5878	0.0001
1665	928.002	0.0001
1666	928.4159	0.0001
1667	928.8297	0.0001
1668	929.2434	79.18331
1669	929.6569	88.84998
1670	930.0703	392.1833
1671	930.4835	299.5166
1672	930.8965	295.5166
1673	931.3094	0.0001
1674	931.7221	0.0001
1675	932.1347	0.0001
1676	932.5471	0.0001
1677	932.9594	0.0001
1678	933.3715	0.0001
1679	933.7834	0.0001
1680	934.1953	0.0001
1681	934.6069	0.0001
1682	935.0184	14.51664
1683	935.4297	0.0001
1684	935.8409	0.0001
1685	936.2519	0.0001
1686	936.6628	0.0001
1687	937.0735	0.0001
1688	937.484	0.0001
1689	937.8944	0.0001
1690	938.3047	0.0001
1691	938.7148	0.0001
1692	939.1247	0.0001
1693	939.5345	252.85
1694	939.9441	412.85
1695	940.3536	385.5166
1696	940.7629	111.5166
1697	941.1721	38.84998
1698	941.5811	67.51664
1699	941.9899	0.0001
1700	942.3986	0.0001
1701	942.8071	0.0001
1702	943.2155	89.84998
1703	943.6237	106.5166
1704	944.0318	74.51664
1705	944.4397	0.0001
1706	944.8475	0.0001
1707	945.2551	0.0001
1708	945.6625	0.0001
1709	946.0698	0.0001
1710	946.4769	0.0001
1711	946.8839	0.0001
1712	947.2908	0.0001
1713	947.6974	0.0001
1714	948.1039	0.0001
1715	948.5103	0.0001
1716	948.9165	61.84998
1717	949.3226	121.85
1718	949.7285	57.51664
1719	950.1342	3.183309
1720	950.5397	0.0001
1721	950.9452	0.0001
1722	951.3505	64.18331
1723	951.7556	72.84998
1724	952.1605	110.1833
1725	952.5653	0.0001
1726	952.97	0.0001
1727	953.3745	0.0001
1728	953.7788	0.0001
1729	954.183	0.0001
1730	954.587	0.0001
1731	954.9909	0.0001
1732	955.3946	0.0001
1733	955.7982	0.0001
1734	956.2015	0.0001
1735	956.6048	0.0001
1736	957.0079	0.0001
1737	957.4108	0.0001
1738	957.8136	92.84998
1739	958.2162	0.0001
1740	958.6187	0.0001
1741	959.0211	0.0001
1742	959.4232	0.0001
1743	959.8252	211.1833
1744	960.2271	291.85
1745	960.6287	253.85
1746	961.0303	0.0001
1747	961.4316	0.0001
1748	961.8329	0.0001
1749	962.2339	0.0001
1750	962.6348	0.0001
1751	963.0356	0.0001
1752	963.4362	0.0001
1753	963.8367	0.0001
1754	964.2369	0.0001
1755	964.6371	0.0001
1756	965.037	34.84998
1757	965.4369	161.5166
1758	965.8365	140.1833
1759	966.236	73.18331
1760	966.6354	0.0001
1761	967.0346	0.0001
1762	967.4337	0.0001
1763	967.8325	0.0001
1764	968.2313	0.0001
1765	968.6298	0.0001
1766	969.0283	0.0001
1767	969.4265	34.18331
1768	969.8246	0.0001
1769	970.2226	0.0001
1770	970.6204	0.0001
1771	971.018	0.0001
1772	971.4155	0.0001
1773	971.8128	58.84998
1774	972.21	0.0001
1775	972.607	0.0001
1776	973.0039	0.0001
1777	973.4006	0.0001
1778	973.7971	0.0001
1779	974.1935	494.85
1780	974.5898	582.85
1781	974.9858	459.85
1782	975.3818	68.84998
1783	975.7775	23.84998
1784	976.1732	10.51664
1785	976.5686	0.0001
1786	976.9639	25.18331
1787	977.3591	0.0001
1788	977.754	0.0001
1789	978.1489	0.0001
1790	978.5436	0.0001
1791	978.938	11.18331
1792	979.3325	89.84998
1793	979.7266	100.5166
1794	980.1207	184.85
1795	980.5146	84.18331
1796	980.9083	56.18331
1797	981.3019	0.0001
1798	981.6954	0.0001
1799	982.0886	0.0001
1800	982.4818	8.183309
1801	982.8747	0.0001
1802	983.2675	0.0001
1803	983.6602	0.0001
1804	984.0527	0.0001
1805	984.445	0.0001
1806	984.8372	0.0001
1807	985.2292	0.0001
1808	985.621	0.0001
1809	986.0128	0.0001
1810	986.4044	27.84998
1811	986.7957	0.0001
1812	987.187	0.0001
1813	987.5781	0.0001
1814	987.969	19.51664
1815	988.3597	95.51664
1816	988.7504	114.85
1817	989.1409	37.51664
1818	989.5311	4.849976
1819	989.9213	0.0001
1820	990.3113	37.51664
1821	990.7011	30.84998
1822	991.0908	7.516642
1823	991.4803	0.0001
1824	991.8697	0.0001
1825	992.2589	0.0001
1826	992.648	121.1833
1827	993.0369	158.85
1828	993.4257	179.85
1829	993.8142	0.0001
1830	994.2026	59.18331
1831	994.5909	94.51664
1832	994.9791	217.85
1833	995.367	0.0001
1834	995.7548	0.0001
1835	996.1425	0.0001
1836	996.53	0.0001
1837	996.9173	0.0001
1838	997.3045	0.0001
1839	997.6915	0.0001
1840	998.0784	0.0001
1841	998.4651	0.0001
1842	998.8516	79.51664
1843	999.238	80.84998
1844	999.6243	54.18331
1845	1000.01	0.0001
1846	1000.396	34.18331
1847	1000.782	0.0001
1848	1001.168	0.0001
1849	1001.553	297.5166
1850	1001.938	361.5166
1851	1002.324	361.1833
1852	1002.709	0.0001
1853	1003.093	0.0001
1854	1003.478	0.0001
1855	1003.863	0.0001
1856	1004.247	0.0001
1857	1004.631	0.0001
1858	1005.015	0.0001
1859	1005.399	0.0001
1860	1005.783	0.0001
1861	1006.167	0.0001
1862	1006.55	0.0001
1863	1006.933	0.0001
1864	1007.316	0.0001
1865	1007.699	13.51664
1866	1008.082	19.18331
1867	1008.465	0.0001
1868	1008.847	0.0001
1869	1009.23	0.0001
1870	1009.612	0.0001
1871	1009.994	0.0001
1872	1010.376	0.0001
1873	1010.757	0.0001
1874	1011.139	0.0001
1875	1011.52	0.0001
1876	1011.901	0.0001
1877	1012.283	0.0001
1878	1012.664	0.0001
1879	1013.044	0.0001
1880	1013.425	0.0001
1881	1013.805	0.0001
1882	1014.186	0.0001
1883	1014.566	0.0001
1884	1014.946	0.0001
1885	1015.326	0.0001
1886	1015.705	0.0001
1887	1016.085	0.0001
1888	1016.464	46.51664
1889	1016.843	40.18331
1890	1017.222	0.0001
1891	1017.601	0.0001
1892	1017.98	0.0001
1893	1018.359	0.0001
1894	1018.737	0.0001
1895	1019.115	0.0001
1896	1019.493	0.0001
1897	1019.871	0.0001
1898	1020.249	0.0001
1899	1020.627	0.0001
1900	1021.004	0.0001
1901	1021.382	0.0001
1902	1021.759	22.18331
1903	1022.136	24.84998
1904	1022.513	0.0001
1905	1022.889	0.0001
1906	1023.266	0.0001
1907	1023.642	0.0001
1908	1024.018	0.0001
1909	1024.395	0.0001
1910	1024.77	13.18331
1911	1025.146	6.516642
1912	1025.522	3.516642
1913	1025.897	0.0001
1914	1026.272	0.0001
1915	1026.648	0.0001
1916	1027.023	0.0001
1917	1027.397	0.0001
1918	1027.772	18.84998
1919	1028.146	0.0001
1920	1028.521	0.0001
1921	1028.895	0.0001
1922	1029.269	0.0001
1923	1029.643	0.0001
1924	1030.017	0.0001
1925	1030.39	0.0001
1926	1030.764	0.0001
1927	1031.137	0.0001
1928	1031.51	0.0001
1929	1031.883	0.0001
1930	1032.256	331.85
1931	1032.628	557.5167
1932	1033.001	454.85
1933	1033.373	168.5166
1934	1033.745	0.0001
1935	1034.117	0.0001
1936	1034.489	0.0001
1937	1034.861	0.0001
1938	1035.232	0.0001
1939	1035.604	0.0001
1940	1035.975	0.0001
1941	1036.346	35.18331
1942	1036.717	0.0001
1943	1037.088	260.5166
1944	1037.458	255.85
1945	1037.828	234.5166
1946	1038.199	0.0001
1947	1038.569	0.0001
1948	1038.939	0.0001
1949	1039.309	0.0001
1950	1039.678	0.0001
1951	1040.048	0.0001
1952	1040.417	0.0001
1953	1040.786	0.0001
1954	1041.155	0.0001
1955	1041.524	0.0001
1956	1041.893	0.0001
1957	1042.261	0.0001
1958	1042.63	0.0001
1959	1042.998	0.0001
1960	1043.366	0.0001
1961	1043.734	11.84998
1962	1044.102	21.18331
1963	1044.469	0.0001
1964	1044.837	0.0001
1965	1045.204	0.0001
1966	1045.571	2.849976
1967	1045.938	0.0001
1968	1046.305	0.0001
1969	1046.672	0.0001
1970	1047.038	0.0001
1971	1047.404	0.0001
1972	1047.771	0.0001
1973	1048.136	0.0001
1974	1048.502	47.84998
1975	1048.868	78.84998
1976	1049.234	97.51664
1977	1049.599	0.0001
1978	1049.964	0.0001
1979	1050.329	0.0001
1980	1050.694	14.84998
1981	1051.059	101.5166
1982	1051.424	168.1833
1983	1051.788	0.0001
1984	1052.152	0.0001
1985	1052.516	0.0001
1986	1052.88	65.51664
1987	1053.244	108.1833
1988	1053.608	125.1833
1989	1053.971	159.85
1990	1054.335	142.5166
1991	1054.698	266.5166
1992	1055.061	69.18331
1993	1055.424	34.18331
1994	1055.787	45.84998
1995	1056.149	67.84998
1996	1056.512	161.85
1997	1056.874	0.0001
1998	1057.236	0.0001
1999	1057.598	0.0001
2000	1057.96	0.0001
2001	1058.321	0.0001
2002	1058.683	0.0001
2003	1059.044	0.0001
2004	1059.405	35.84998
2005	1059.766	71.51664
2006	1060.127	31.51664
2007	1060.488	0.0001
2008	1060.848	0.0001
2009	1061.209	0.0001
2010	1061.569	1.516642
2011	1061.929	88.84998
2012	1062.289	62.84998
2013	1062.648	12.18331
2014	1063.008	50.84998
2015	1063.367	516.1833
2016	1063.727	603.5167
2017	1064.086	498.1833
2018	1064.445	107.5166
2019	1064.804	0.0001
2020	1065.162	0.0001
2021	1065.521	253.5166
2022	1065.879	344.85
2023	1066.237	308.85
2024	1066.595	0.0001
2025	1066.953	0.0001
2026	1067.311	0.0001
2027	1067.668	0.0001
2028	1068.026	0.0001
2029	1068.383	0.0001
2030	1068.74	0.0001
2031	1069.097	0.0001
2032	1069.453	0.0001
2033	1069.81	14.84998
2034	1070.166	104.1833
2035	1070.523	45.18331
2036	1070.879	0.0001
2037	1071.235	0.0001
2038	1071.591	0.0001
2039	1071.946	18.51664
2040	1072.302	51.51664
2041	1072.657	107.85
2042	1073.012	1.516642
2043	1073.367	38.18331
2044	1073.722	0.0001
2045	1074.077	0.0001
2046	1074.431	0.0001
2047	1074.786	0.0001
