0	28.36968	426.425
1	29.03326	247.2334
2	29.69669	0.0001
3	30.35998	0.0001
4	31.02312	0.0001
5	31.68612	0.0001
6	32.34897	0.0001
7	33.01168	0.0001
8	33.67424	0.0001
9	34.33666	0.0001
10	34.99894	0.0001
11	35.66106	0.0001
12	36.32305	0.0001
13	36.98489	0.0001
14	37.64658	0.0001
15	38.30814	1025.183
16	38.96954	1179.85
17	39.6308	1220.517
18	40.29192	0.0001
19	40.95289	0.0001
20	41.61372	0.0001
21	42.2744	0.0001
22	42.93494	8.516765
23	43.59533	58.8501
24	44.25558	15.8501
25	44.91568	798.5168
26	45.57564	804.5168
27	46.23545	805.8501
28	46.89512	0.0001
29	47.55465	0.0001
30	48.21402	0.0001
31	48.87326	95.8501
32	49.53235	18.8501
33	50.1913	68.51676
34	50.85009	0.0001
35	51.50875	0.183431
36	52.16726	0.0001
37	52.82563	0.0001
38	53.48384	0.0001
39	54.14192	30.51676
40	54.79985	0.0001
41	55.45764	0.0001
42	56.11528	0.0001
43	56.77278	0.0001
44	57.43013	0.0001
45	58.08733	0.0001
46	58.7444	170.8501
47	59.40131	187.5168
48	60.05809	528.5168
49	60.71471	215.1834
50	61.3712	215.8501
51	62.02753	0.0001
52	62.68372	0.0001
53	63.33977	0.0001
54	63.99567	28.51676
55	64.65143	126.1834
56	65.30704	108.1834
57	65.96251	210.8501
58	66.61784	218.5168
59	67.27301	219.8501
60	67.92805	0.0001
61	68.58293	18.18343
62	69.23768	30.8501
63	69.89227	64.51676
64	70.54672	0.0001
65	71.20103	0.0001
66	71.85519	0.0001
67	72.50922	36.51677
68	73.16309	30.18343
69	73.81681	0.0001
70	74.4704	0.0001
71	75.12383	0.0001
72	75.77712	0.0001
73	76.43027	22.18343
74	77.08327	0.0001
75	77.73613	0.0001
76	78.38884	0.0001
77	79.04141	17.8501
78	79.69383	60.18343
79	80.34611	81.8501
80	80.99824	3.183431
81	81.65022	35.8501
82	82.30207	72.51676
83	82.95377	193.8501
84	83.60532	112.1834
85	84.25672	75.51676
86	84.90798	0.0001
87	85.5591	0.0001
88	86.21007	0.0001
89	86.86089	0.0001
90	87.51157	39.8501
91	88.16211	0.5167643
92	88.8125	0.0001
93	89.46274	0.0001
94	90.11284	0.0001
95	90.76279	0.0001
96	91.41261	58.18343
97	92.06227	40.51677
98	92.71178	7.516764
99	93.36116	0.0001
100	94.01038	0.0001
101	94.65947	0.0001
102	95.30841	0.0001
103	95.9572	0.0001
104	96.60584	0.0001
105	97.25435	0.0001
106	97.9027	0.0001
107	98.55092	0.0001
108	99.19898	0.0001
109	99.8469	0.0001
110	100.4947	0.0001
111	101.1423	594.8501
112	101.7898	655.5168
113	102.4371	621.5168
114	103.0843	59.18343
115	103.7314	6.850098
116	104.3783	42.51677
117	105.025	0.0001
118	105.6716	0.0001
119	106.3181	0.0001
120	106.9644	0.0001
121	107.6106	0.0001
122	108.2566	0.0001
123	108.9025	0.0001
124	109.5483	0.0001
125	110.1939	12.18343
126	110.8393	296.1834
127	111.4846	120.8501
128	112.1298	410.8501
129	112.7748	126.1834
130	113.4197	361.5168
131	114.0644	89.18343
132	114.709	76.51676
133	115.3534	0.0001
134	115.9977	0.0001
135	116.6418	0.0001
136	117.2858	0.0001
137	117.9297	0.0001
138	118.5734	0.0001
139	119.2169	0.0001
140	119.8603	0.0001
141	120.5036	0.0001
142	121.1467	0.0001
143	121.7897	0.0001
144	122.4325	0.0001
145	123.0752	0.0001
146	123.7178	0.0001
147	124.3602	0.0001
148	125.0024	0.0001
149	125.6445	0.0001
150	126.2865	0.0001
151	126.9283	0.0001
152	127.5699	0.0001
153	128.2115	0.0001
154	128.8528	0.0001
155	129.4941	0.0001
156	130.1351	75.18343
157	130.7761	95.8501
158	131.4169	477.8501
159	132.0575	358.8501
160	132.698	278.8501
161	133.3384	0.0001
162	133.9786	0.0001
163	134.6187	0.0001
164	135.2586	0.0001
165	135.8984	0.0001
166	136.538	0.0001
167	137.1775	3.183431
168	137.8168	44.51677
169	138.456	1.850098
170	139.095	0.0001
171	139.7339	0.0001
172	140.3727	0.0001
173	141.0113	19.51676
174	141.6498	21.8501
175	142.2881	8.850098
176	142.9263	60.18343
177	143.5643	81.51676
178	144.2022	100.8501
179	144.8399	86.51676
180	145.4775	129.5168
181	146.1149	57.51677
182	146.7522	0.0001
183	147.3894	0.0001
184	148.0264	0.0001
185	148.6632	0.0001
186	149.3	0.0001
187	149.9365	0.0001
188	150.5729	0.0001
189	151.2092	0.0001
190	151.8454	0.0001
191	152.4813	14.51676
192	153.1172	106.1834
193	153.7529	24.18343
194	154.3884	100.1834
195	155.0238	6.516764
196	155.6591	0.0001
197	156.2942	0.0001
198	156.9291	0.0001
199	157.564	42.51677
200	158.1986	62.8501
201	158.8332	0.0001
202	159.4675	0.0001
203	160.1018	0.0001
204	160.7359	0.0001
205	161.3698	51.8501
206	162.0036	0.0001
207	162.6373	41.18343
208	163.2708	0.0001
209	163.9041	90.8501
210	164.5373	20.8501
211	165.1704	0.0001
212	165.8033	0.0001
213	166.4361	0.0001
214	167.0687	0.0001
215	167.7012	0.0001
216	168.3335	0.0001
217	168.9657	0.0001
218	169.5978	0.0001
219	170.2297	0.0001
220	170.8614	0.0001
221	171.493	0.0001
222	172.1245	0.0001
223	172.7558	0.0001
224	173.387	12.8501
225	174.018	48.8501
226	174.6489	0.0001
227	175.2796	0.0001
228	175.9102	0.0001
229	176.5406	25.18343
230	177.1709	52.8501
231	177.8011	14.18343
232	178.4311	0.0001
233	179.0609	16.51676
234	179.6906	32.51677
235	180.3202	65.18343
236	180.9496	27.18343
237	181.5789	0.0001
238	182.208	0.0001
239	182.837	0.0001
240	183.4658	0.0001
241	184.0945	0.0001
242	184.723	0.0001
243	185.3514	0.0001
244	185.9797	27.51676
245	186.6078	0.0001
246	187.2357	0.0001
247	187.8635	0.0001
248	188.4912	0.0001
249	189.1187	0.0001
250	189.7461	0.0001
251	190.3733	0.0001
252	191.0004	0.0001
253	191.6273	0.0001
254	192.2541	0.0001
255	192.8808	0.0001
256	193.5072	19.8501
257	194.1336	0.0001
258	194.7598	0.0001
259	195.3858	58.8501
260	196.0117	87.18343
261	196.6375	77.8501
262	197.2631	220.8501
263	197.8886	150.5168
264	198.5139	243.8501
265	199.1391	0.0001
266	199.7641	0.0001
267	200.389	404.8501
268	201.0137	427.1834
269	201.6383	443.1834
270	202.2628	0.0001
271	202.8871	0.0001
272	203.5112	0.0001
273	204.1352	0.0001
274	204.7591	0.0001
275	205.3828	0.0001
276	206.0064	49.8501
277	206.6298	0.0001
278	207.2531	0.0001
279	207.8762	0.0001
280	208.4992	2.183431
281	209.122	51.51677
282	209.7447	0.0001
283	210.3672	13.8501
284	210.9896	0.0001
285	211.6119	3.850098
286	212.234	0.0001
287	212.8559	0.0001
288	213.4778	0.0001
289	214.0994	0.0001
290	214.7209	0.0001
291	215.3423	0.0001
292	215.9635	0.0001
293	216.5846	0.0001
294	217.2055	164.1834
295	217.8263	180.1834
296	218.447	353.8501
297	219.0675	135.1834
298	219.6878	251.1834
299	220.308	184.1834
300	220.9281	395.1834
301	221.548	258.1834
302	222.1677	159.1834
303	222.7873	0.0001
304	223.4068	0.0001
305	224.0261	0.0001
306	224.6453	2.183431
307	225.2643	8.850098
308	225.8832	5.516764
309	226.5019	51.18343
310	227.1205	115.1834
311	227.739	127.8501
312	228.3573	91.51676
313	228.9754	94.18343
314	229.5934	26.18343
315	230.2112	0.0001
316	230.8289	0.0001
317	231.4465	0.0001
318	232.0639	0.0001
319	232.6812	0.0001
320	233.2983	0.0001
321	233.9153	19.51676
322	234.5321	47.8501
323	235.1488	254.8501
324	235.7653	178.8501
325	236.3817	86.51676
326	236.998	0.0001
327	237.6141	0.0001
328	238.23	0.0001
329	238.8458	0.0001
330	239.4615	0.0001
331	240.077	0.0001
332	240.6923	0.0001
333	241.3075	0.0001
334	241.9226	0.0001
335	242.5375	0.0001
336	243.1523	0.0001
337	243.7669	0.0001
338	244.3814	0.0001
339	244.9957	0.0001
340	245.6099	0.0001
341	246.224	0.0001
342	246.8379	0.0001
343	247.4516	0.0001
344	248.0652	0.0001
345	248.6786	0.0001
346	249.292	0.0001
347	249.9051	0.0001
348	250.5181	0.0001
349	251.131	0.0001
350	251.7437	0.0001
351	252.3563	0.0001
352	252.9687	0.0001
353	253.581	0.0001
354	254.1931	0.0001
355	254.8051	0.0001
356	255.4169	0.0001
357	256.0286	0.0001
358	256.6402	167.8501
359	257.2516	166.1834
360	257.8628	274.1834
361	258.4739	64.18343
362	259.0849	13.8501
363	259.6957	379.8501
364	260.3063	391.1834
365	260.9169	441.8501
366	261.5272	0.5167643
367	262.1375	0.0001
368	262.7475	0.0001
369	263.3575	0.0001
370	263.9672	0.0001
371	264.5769	25.8501
372	265.1864	15.8501
373	265.7957	11.8501
374	266.4049	0.0001
375	267.0139	0.0001
376	267.6228	0.0001
377	268.2316	251.5168
378	268.8402	533.5168
379	269.4486	548.1834
380	270.0569	237.8501
381	270.6651	25.18343
382	271.2731	39.51677
383	271.881	0.0001
384	272.4887	0.0001
385	273.0963	0.0001
386	273.7037	0.0001
387	274.311	4.516764
388	274.9182	60.8501
389	275.5251	122.5168
390	276.132	33.8501
391	276.7387	0.0001
392	277.3452	0.0001
393	277.9516	0.0001
394	278.5579	0.0001
395	279.164	0.0001
396	279.7699	0.0001
397	280.3757	34.18343
398	280.9814	57.51677
399	281.5869	0.0001
400	282.1923	0.0001
401	282.7975	0.0001
402	283.4026	0.0001
403	284.0075	0.0001
404	284.6123	0.0001
405	285.2169	0.0001
406	285.8214	167.8501
407	286.4258	566.1834
408	287.0299	994.1834
409	287.634	743.5168
410	288.2379	503.8501
411	288.8416	20.8501
412	289.4452	0.0001
413	290.0487	0.0001
414	290.652	0.0001
415	291.2552	0.0001
416	291.8582	0.0001
417	292.461	0.0001
418	293.0638	0.0001
419	293.6663	0.0001
420	294.2687	104.5168
421	294.871	177.8501
422	295.4731	145.5168
423	296.0751	0.0001
424	296.677	0.0001
425	297.2787	1.850098
426	297.8802	0.0001
427	298.4816	58.18343
428	299.0828	166.8501
429	299.6839	101.5168
430	300.2849	0.0001
431	300.8857	0.0001
432	301.4864	0.0001
433	302.0869	0.0001
434	302.6872	0.0001
435	303.2874	50.51677
436	303.8875	42.18343
437	304.4874	0.0001
438	305.0872	0.0001
439	305.6868	158.1834
440	306.2863	640.8501
441	306.8856	744.1834
442	307.4848	512.8501
443	308.0838	11.51676
444	308.6827	0.0001
445	309.2815	0.0001
446	309.8801	0.0001
447	310.4785	0.0001
448	311.0768	0.0001
449	311.675	0.0001
450	312.2729	0.0001
451	312.8708	0.0001
452	313.4685	5.516764
453	314.0661	45.51677
454	314.6635	7.850098
455	315.2608	0.0001
456	315.8579	432.8501
457	316.4549	476.1834
458	317.0517	595.5168
459	317.6483	6.183431
460	318.2449	0.0001
461	318.8412	0.0001
462	319.4375	0.0001
463	320.0336	0.0001
464	320.6295	0.0001
465	321.2253	0.0001
466	321.821	0.0001
467	322.4164	0.0001
468	323.0118	0.0001
469	323.607	0.0001
470	324.2021	0.0001
471	324.797	0.0001
472	325.3917	0.0001
473	325.9863	0.0001
474	326.5808	0.0001
475	327.1751	0.0001
476	327.7693	22.51676
477	328.3633	5.516764
478	328.9572	13.51676
479	329.5509	0.0001
480	330.1444	0.0001
481	330.7379	0.0001
482	331.3312	235.8501
483	331.9243	249.1834
484	332.5173	537.1834
485	333.1101	275.5168
486	333.7028	323.5168
487	334.2953	31.18343
488	334.8878	66.18343
489	335.48	0.0001
490	336.0721	0.0001
491	336.664	0.0001
492	337.2559	0.0001
493	337.8475	0.0001
494	338.439	0.0001
495	339.0304	0.0001
496	339.6216	72.18343
497	340.2126	48.8501
498	340.8036	0.0001
499	341.3943	0.0001
500	341.985	0.0001
501	342.5754	0.0001
502	343.1658	0.0001
503	343.756	75.18343
504	344.346	148.5168
505	344.9359	152.1834
506	345.5256	8.516765
507	346.1152	0.0001
508	346.7046	0.0001
509	347.2939	0.0001
510	347.8831	0.0001
511	348.472	76.51676
512	349.0609	0.0001
513	349.6496	2.850098
514	350.2381	0.0001
515	350.8265	0.0001
516	351.4148	0.0001
517	352.0029	0.0001
518	352.5909	0.0001
519	353.1787	0.0001
520	353.7664	0.0001
521	354.3539	0.0001
522	354.9412	0.0001
523	355.5284	0.0001
524	356.1155	0.0001
525	356.7025	0.0001
526	357.2892	1.516764
527	357.8759	0.183431
528	358.4623	91.18343
529	359.0487	50.51677
530	359.6349	55.8501
531	360.2209	0.0001
532	360.8068	0.0001
533	361.3925	0.0001
534	361.9781	0.0001
535	362.5636	0.0001
536	363.1489	0.0001
537	363.734	0.0001
538	364.319	0.0001
539	364.9039	0.0001
540	365.4886	0.0001
541	366.0731	0.0001
542	366.6575	0.0001
543	367.2418	0.0001
544	367.8259	0.0001
545	368.4099	0.0001
546	368.9937	0.0001
547	369.5774	0.0001
548	370.1609	0.0001
549	370.7443	0.0001
550	371.3275	0.0001
551	371.9106	2.183431
552	372.4935	75.8501
553	373.0763	61.51677
554	373.6589	32.51677
555	374.2414	0.0001
556	374.8237	41.8501
557	375.4059	18.8501
558	375.9879	52.18343
559	376.5698	0.0001
560	377.1516	18.18343
561	377.7332	90.18343
562	378.3146	63.51677
563	378.8959	38.18343
564	379.4771	0.0001
565	380.0581	0.0001
566	380.6389	0.0001
567	381.2196	0.0001
568	381.8002	0.0001
569	382.3806	0.0001
570	382.9608	22.18343
571	383.541	0.0001
572	384.1209	71.8501
573	384.7007	51.51677
574	385.2804	24.51676
575	385.8599	0.0001
576	386.4393	0.0001
577	387.0185	13.18343
578	387.5976	11.18343
579	388.1765	69.8501
580	388.7553	17.8501
581	389.3339	0.0001
582	389.9124	0.0001
583	390.4908	0.0001
584	391.0689	240.8501
585	391.647	214.8501
586	392.2249	207.1834
587	392.8026	0.0001
588	393.3802	0.0001
589	393.9576	0.0001
590	394.5349	0.0001
591	395.1121	0.0001
592	395.6891	3.183431
593	396.2659	147.5168
594	396.8426	0.0001
595	397.4192	50.8501
596	397.9956	0.0001
597	398.5718	254.5168
598	399.1479	206.1834
599	399.7239	155.1834
600	400.2997	0.0001
601	400.8754	0.0001
602	401.4509	0.0001
603	402.0262	0.0001
604	402.6015	139.1834
605	403.1765	187.1834
606	403.7515	177.1834
607	404.3262	0.0001
608	404.9008	0.0001
609	405.4753	0.0001
610	406.0497	0.0001
611	406.6238	0.0001
612	407.1979	0.0001
613	407.7718	0.0001
614	408.3455	0.0001
615	408.9191	0.0001
616	409.4925	0.0001
617	410.0658	0.0001
618	410.6389	190.5168
619	411.2119	241.8501
620	411.7848	343.5168
621	412.3575	65.51676
622	412.93	0.8500977
623	413.5024	0.0001
624	414.0746	0.0001
625	414.6467	0.0001
626	415.2187	0.0001
627	415.7905	0.0001
628	416.3621	12.8501
629	416.9336	0.0001
630	417.505	0.0001
631	418.0762	0.0001
632	418.6472	0.0001
633	419.2182	0.0001
634	419.7889	0.0001
635	420.3595	0.0001
636	420.93	0.0001
637	421.5003	0.0001
638	422.0705	33.8501
639	422.6405	0.0001
640	423.2104	0.0001
641	423.7801	5.850098
642	424.3497	14.8501
643	424.9191	57.8501
644	425.4884	0.0001
645	426.0575	17.8501
646	426.6265	0.0001
647	427.1953	0.0001
648	427.764	0.0001
649	428.3325	0.0001
650	428.9009	0.0001
651	429.4691	0.0001
652	430.0372	0.0001
653	430.6051	0.0001
654	431.1729	25.18343
655	431.7406	35.8501
656	432.308	13.8501
657	432.8754	409.1834
658	433.4426	471.8501
659	434.0096	798.5168
660	434.5765	466.1834
661	435.1432	477.8501
662	435.7099	91.18343
663	436.2763	0.0001
664	436.8426	0.0001
665	437.4088	0.0001
666	437.9748	10.51676
667	438.5406	15.8501
668	439.1063	0.0001
669	439.6719	0.0001
670	440.2373	17.18343
671	440.8025	51.18343
672	441.3676	146.8501
673	441.9326	82.51676
674	442.4974	27.18343
675	443.0621	0.0001
676	443.6266	0.0001
677	444.1909	0.0001
678	444.7552	0.0001
679	445.3192	44.8501
680	445.8831	0.0001
681	446.4469	0.0001
682	447.0105	0.0001
683	447.574	0.0001
684	448.1373	0.0001
685	448.7005	0.0001
686	449.2635	0.0001
687	449.8264	0.0001
688	450.3891	3.516764
689	450.9517	0.0001
690	451.5141	6.850098
691	452.0764	0.0001
692	452.6385	0.0001
693	453.2005	12.8501
694	453.7623	34.51677
695	454.324	59.51677
696	454.8855	19.18343
697	455.4469	21.18343
698	456.0081	34.51677
699	456.5692	72.8501
700	457.1302	0.0001
701	457.691	0.0001
702	458.2516	0.0001
703	458.8121	0.0001
704	459.3724	0.0001
705	459.9326	0.0001
706	460.4927	0.0001
707	461.0526	0.0001
708	461.6123	0.0001
709	462.1719	0.0001
710	462.7314	0.0001
711	463.2906	0.0001
712	463.8498	278.5168
713	464.4088	315.8501
714	464.9676	238.5168
715	465.5263	0.0001
716	466.0849	0.0001
717	466.6433	160.1834
718	467.2015	278.1834
719	467.7596	243.1834
720	468.3176	0.0001
721	468.8754	0.0001
722	469.433	0.0001
723	469.9906	184.5168
724	470.5479	271.1834
725	471.1051	296.5168
726	471.6622	0.0001
727	472.2191	0.0001
728	472.7758	0.0001
729	473.3325	5.850098
730	473.8889	113.1834
731	474.4453	8.850098
732	475.0014	0.0001
733	475.5574	0.0001
734	476.1133	0.0001
735	476.669	0.0001
736	477.2246	0.0001
737	477.78	0.0001
738	478.3353	0.0001
739	478.8904	0.0001
740	479.4453	0.0001
741	480.0002	0.0001
742	480.5548	0.0001
743	481.1093	0.0001
744	481.6637	0.0001
745	482.218	0.0001
746	482.772	0.0001
747	483.3259	0.0001
748	483.8797	0.0001
749	484.4333	0.0001
750	484.9868	0.0001
751	485.5401	0.0001
752	486.0933	293.8501
753	486.6463	294.8501
754	487.1992	367.5168
755	487.752	0.0001
756	488.3045	0.0001
757	488.857	0.0001
758	489.4092	0.0001
759	489.9614	20.51676
760	490.5134	0.0001
761	491.0652	0.0001
762	491.6169	0.0001
763	492.1684	0.0001
764	492.7198	0.0001
765	493.271	0.0001
766	493.8221	0.0001
767	494.373	445.1834
768	494.9238	465.1834
769	495.4745	498.1834
770	496.0249	36.8501
771	496.5753	41.18343
772	497.1255	0.0001
773	497.6755	11.51676
774	498.2254	0.0001
775	498.7751	0.0001
776	499.3247	0.0001
777	499.8742	0.0001
778	500.4235	21.8501
779	500.9726	6.850098
780	501.5216	101.5168
781	502.0704	12.51676
782	502.6191	99.8501
783	503.1677	32.18343
784	503.7161	67.51676
785	504.2643	0.0001
786	504.8124	10.18343
787	505.3604	25.51676
788	505.9081	63.51677
789	506.4558	37.8501
790	507.0033	100.1834
791	507.5506	187.1834
792	508.0978	270.1834
793	508.6449	190.1834
794	509.1917	156.1834
795	509.7385	76.18343
796	510.2851	121.5168
797	510.8315	131.8501
798	511.3778	143.8501
799	511.924	91.18343
800	512.47	73.18343
801	513.0159	255.1834
802	513.5615	251.1834
803	514.1071	215.1834
804	514.6525	43.18343
805	515.1978	103.1834
806	515.7429	164.5168
807	516.2878	238.5168
808	516.8326	250.5168
809	517.3773	258.5168
810	517.9218	215.8501
811	518.4661	243.8501
812	519.0103	267.8501
813	519.5543	285.1834
814	520.0983	266.1834
815	520.642	326.1834
816	521.1856	343.5168
817	521.7291	390.8501
818	522.2723	342.1834
819	522.8155	388.8501
820	523.3585	417.8501
821	523.9014	473.1834
822	524.4441	503.8501
823	524.9866	533.5168
824	525.5291	605.8501
825	526.0713	788.5168
826	526.6134	918.8501
827	527.1553	953.1834
828	527.6971	879.1834
829	528.2388	809.1834
830	528.7803	930.5168
831	529.3217	957.5168
832	529.8629	1108.85
833	530.4039	1049.85
834	530.9448	1092.517
835	531.4856	1182.85
836	532.0262	1284.85
837	532.5667	1424.517
838	533.1069	1561.183
839	533.6471	1710.517
840	534.1871	1749.85
841	534.727	1663.183
842	535.2667	1768.517
843	535.8062	1834.85
844	536.3456	2021.85
845	536.8849	1986.85
846	537.424	2110.517
847	537.963	2178.85
848	538.5018	2372.183
849	539.0404	2464.85
850	539.5789	2565.85
851	540.1172	2691.85
852	540.6555	2785.85
853	541.1935	2879.517
854	541.7314	2941.517
855	542.2692	3059.184
856	542.8068	3196.517
857	543.3442	3288.517
858	543.8815	3434.184
859	544.4187	3430.184
860	544.9557	3499.517
861	545.4926	3672.85
862	546.0293	3887.85
863	546.5659	3979.85
864	547.1022	3997.517
865	547.6385	4064.184
866	548.1746	4185.517
867	548.7106	4237.184
868	549.2463	4334.85
869	549.782	4545.517
870	550.3175	4657.517
871	550.8528	4690.517
872	551.3881	4679.85
873	551.9232	4785.184
874	552.458	4873.85
875	552.9928	4874.517
876	553.5274	4918.517
877	554.0618	4933.517
878	554.5961	4990.85
879	555.1303	4945.517
880	555.6643	4924.517
881	556.1981	4870.184
882	556.7319	4935.184
883	557.2654	4872.184
884	557.7988	4869.85
885	558.332	5384.517
886	558.8652	5453.85
887	559.3981	5398.85
888	559.9309	4804.184
889	560.4636	4748.517
890	560.996	4749.85
891	561.5284	4697.184
892	562.0606	4595.517
893	562.5927	4487.85
894	563.1246	4349.85
895	563.6563	4359.517
896	564.1879	4331.517
897	564.7194	4281.85
898	565.2507	4143.184
899	565.7818	3998.517
900	566.3128	3956.517
901	566.8436	3924.517
902	567.3743	4129.85
903	567.9049	4137.184
904	568.4353	4081.85
905	568.9655	3786.517
906	569.4956	3656.184
907	570.0256	3704.85
908	570.5554	3687.517
909	571.085	3610.184
910	571.6145	3350.85
911	572.1439	3245.184
912	572.673	3156.184
913	573.2021	3145.85
914	573.731	3203.517
915	574.2597	3227.517
916	574.7883	3207.85
917	575.3167	3107.85
918	575.845	3065.85
919	576.3732	2990.517
920	576.9011	2975.85
921	577.429	2904.517
922	577.9567	2977.517
923	578.4842	2926.184
924	579.0116	2889.517
925	579.5388	2789.184
926	580.0659	2741.184
927	580.5928	2787.184
928	581.1196	2801.85
929	581.6463	2819.184
930	582.1727	2792.517
931	582.6991	2841.517
932	583.2253	2940.85
933	583.7513	3050.184
934	584.2772	3098.85
935	584.8029	3098.517
936	585.3285	2964.85
937	585.8539	2912.517
938	586.3792	2852.517
939	586.9044	2884.517
940	587.4293	3169.184
941	587.9542	3160.517
942	588.4788	3115.184
943	589.0034	2779.184
944	589.5277	2830.85
945	590.0519	2876.184
946	590.576	2912.184
947	591.1	2948.184
948	591.6237	3009.184
949	592.1473	3039.184
950	592.6708	2950.517
951	593.1942	2909.85
952	593.7173	2936.517
953	594.2404	2959.85
954	594.7632	3080.517
955	595.2859	3072.517
956	595.8085	3128.184
957	596.3309	3056.517
958	596.8531	3023.184
959	597.3753	2996.85
960	597.8973	2939.85
961	598.4191	2913.184
962	598.9407	2897.184
963	599.4622	3005.184
964	599.9836	3158.517
965	600.5048	3171.85
966	601.0259	3134.517
967	601.5468	3028.184
968	602.0676	3180.184
969	602.5881	3216.85
970	603.1086	3307.85
971	603.6289	3159.184
972	604.149	3215.184
973	604.6691	3035.85
974	605.1889	2924.517
975	605.7086	3118.517
976	606.2282	3107.85
977	606.7476	3053.184
978	607.2668	2614.517
979	607.7859	2577.517
980	608.3049	2615.517
981	608.8237	2690.85
982	609.3423	2722.85
983	609.8608	2680.85
984	610.3792	2650.85
985	610.8974	2602.85
986	611.4154	2556.183
987	611.9333	2452.183
988	612.451	2424.85
989	612.9686	2424.85
990	613.4861	2316.183
991	614.0034	2244.85
992	614.5205	2236.85
993	615.0375	2286.517
994	615.5543	2583.517
995	616.071	2538.85
996	616.5876	2626.517
997	617.1039	2241.183
998	617.6202	2159.183
999	618.1363	1998.517
1000	618.6522	2061.183
1001	619.168	2068.517
1002	619.6836	1972.517
1003	620.1991	1863.183
1004	620.7144	1851.85
1005	621.2296	1787.183
1006	621.7446	1756.183
1007	622.2595	1699.517
1008	622.7742	1731.85
1009	623.2888	1717.517
1010	623.8032	1672.517
1011	624.3175	2030.517
1012	624.8316	2022.183
1013	625.3456	2331.517
1014	625.8594	2030.517
1015	626.373	2023.85
1016	626.8865	1765.183
1017	627.3999	1680.183
1018	627.9131	1646.517
1019	628.4262	1666.517
1020	628.9391	1714.183
1021	629.4519	1727.85
1022	629.9645	1636.85
1023	630.4769	1544.183
1024	630.9893	1549.85
1025	631.5014	1519.183
1026	632.0134	1512.85
1027	632.5253	1563.517
1028	633.037	1440.85
1029	633.5485	1508.517
1030	634.0599	1407.183
1031	634.5712	1436.85
1032	635.0823	1429.85
1033	635.5932	1416.517
1034	636.104	1480.85
1035	636.6146	1337.517
1036	637.1251	1262.85
1037	637.6355	1293.183
1038	638.1457	1370.183
1039	638.6557	1449.85
1040	639.1656	1304.517
1041	639.6754	1369.183
1042	640.1849	1419.517
1043	640.6943	1503.183
1044	641.2036	1435.183
1045	641.7128	1245.183
1046	642.2217	1165.85
1047	642.7306	1021.183
1048	643.2393	1094.517
1049	643.7477	1572.517
1050	644.2562	1603.183
1051	644.7643	1493.85
1052	645.2725	1291.85
1053	645.7803	1249.183
1054	646.2881	1316.85
1055	646.7958	996.8501
1056	647.3032	1052.85
1057	647.8105	1041.183
1058	648.3177	1078.517
1059	648.8247	1004.85
1060	649.3315	981.8501
1061	649.8383	946.5168
1062	650.3448	980.8501
1063	650.8513	958.1834
1064	651.3575	928.8501
1065	651.8636	941.8501
1066	652.3696	950.8501
1067	652.8754	1052.183
1068	653.381	990.1834
1069	653.8865	1062.183
1070	654.3918	967.5168
1071	654.897	1015.183
1072	655.4021	875.5168
1073	655.907	822.1834
1074	656.4117	1159.85
1075	656.9163	1166.85
1076	657.4208	1236.85
1077	657.925	847.5168
1078	658.4292	873.5168
1079	658.9332	801.1834
1080	659.437	762.5168
1081	659.9407	657.5168
1082	660.4442	692.5168
1083	660.9476	709.1834
1084	661.4508	734.5168
1085	661.9539	737.1834
1086	662.4568	765.5168
1087	662.9596	761.8501
1088	663.4622	734.8501
1089	663.9647	651.1834
1090	664.467	667.1834
1091	664.9692	647.5168
1092	665.4712	679.8501
1093	665.9731	638.5168
1094	666.4748	771.1834
1095	666.9763	801.8501
1096	667.4777	790.8501
1097	667.979	625.5168
1098	668.4801	544.8501
1099	668.9811	536.1834
1100	669.4819	563.5168
1101	669.9825	593.5168
1102	670.483	587.8501
1103	670.9833	579.8501
1104	671.4836	534.5168
1105	671.9836	587.1834
1106	672.4835	741.8501
1107	672.9832	792.8501
1108	673.4828	705.5168
1109	673.9822	507.8501
1110	674.4816	441.8501
1111	674.9807	491.5168
1112	675.4797	539.8501
1113	675.9785	540.1834
1114	676.4772	522.5168
1115	676.9757	503.8501
1116	677.4741	530.5168
1117	677.9723	522.1834
1118	678.4704	432.8501
1119	678.9683	363.5168
1120	679.4661	308.5168
1121	679.9637	378.8501
1122	680.4611	459.5168
1123	680.9584	503.5168
1124	681.4556	458.5168
1125	681.9526	396.1834
1126	682.4495	343.8501
1127	682.9462	311.1834
1128	683.4427	354.5168
1129	683.9391	370.1834
1130	684.4354	379.8501
1131	684.9315	364.5168
1132	685.4274	326.8501
1133	685.9232	277.5168
1134	686.4189	597.5168
1135	686.9144	665.5168
1136	687.4097	667.8501
1137	687.9049	433.1834
1138	688.4	398.5168
1139	688.8948	458.8501
1140	689.3896	313.8501
1141	689.8842	331.5168
1142	690.3786	363.1834
1143	690.8729	364.5168
1144	691.367	307.1834
1145	691.861	297.1834
1146	692.3548	330.5168
1147	692.8484	402.5168
1148	693.342	348.1834
1149	693.8353	284.1834
1150	694.3286	225.5168
1151	694.8216	185.1834
1152	695.3145	195.8501
1153	695.8073	270.1834
1154	696.2999	348.8501
1155	696.7924	376.8501
1156	697.2847	255.8501
1157	697.7768	172.8501
1158	698.2688	128.5168
1159	698.7606	240.5168
1160	699.2523	257.5168
1161	699.7439	279.1834
1162	700.2353	249.1834
1163	700.7265	215.1834
1164	701.2176	241.1834
1165	701.7085	167.8501
1166	702.1993	239.1834
1167	702.6899	232.5168
1168	703.1804	236.5168
1169	703.6707	285.1834
1170	704.1609	240.5168
1171	704.6509	344.5168
1172	705.1408	227.8501
1173	705.6305	180.1834
1174	706.1201	52.51677
1175	706.6095	124.5168
1176	707.0988	159.5168
1177	707.5879	158.5168
1178	708.0768	168.1834
1179	708.5656	624.1834
1180	709.0543	678.8501
1181	709.5428	604.8501
1182	710.0311	244.5168
1183	710.5193	198.8501
1184	711.0074	176.8501
1185	711.4953	32.18343
1186	711.983	115.1834
1187	712.4706	120.5168
1188	712.9581	220.8501
1189	713.4453	212.8501
1190	713.9324	202.5168
1191	714.4194	171.8501
1192	714.9063	315.5168
1193	715.3929	682.1834
1194	715.8795	729.5168
1195	716.3658	536.1834
1196	716.8521	146.8501
1197	717.3381	408.5168
1198	717.824	474.5168
1199	718.3098	510.8501
1200	718.7954	189.8501
1201	719.2809	81.18343
1202	719.7662	48.8501
1203	720.2513	13.8501
1204	720.7363	87.51676
1205	721.2212	135.5168
1206	721.7059	107.8501
1207	722.1904	27.8501
1208	722.6748	43.8501
1209	723.1591	204.8501
1210	723.6431	308.8501
1211	724.1271	287.1834
1212	724.6108	146.1834
1213	725.0945	116.8501
1214	725.5779	105.1834
1215	726.0613	153.1834
1216	726.5444	134.5168
1217	727.0275	114.5168
1218	727.5103	61.8501
1219	727.993	0.0001
1220	728.4756	56.51677
1221	728.958	73.8501
1222	729.4403	139.8501
1223	729.9224	98.18343
1224	730.4044	108.1834
1225	730.8862	74.18343
1226	731.3678	38.18343
1227	731.8493	10.8501
1228	732.3306	41.51677
1229	732.8118	30.18343
1230	733.2928	53.8501
1231	733.7737	40.18343
1232	734.2545	166.1834
1233	734.7351	126.8501
1234	735.2155	178.8501
1235	735.6958	125.5168
1236	736.1759	171.5168
1237	736.6559	68.18343
1238	737.1357	22.51676
1239	737.6154	0.0001
1240	738.0949	84.8501
1241	738.5742	14.8501
1242	739.0535	43.18343
1243	739.5325	0.0001
1244	740.0114	0.0001
1245	740.4902	0.0001
1246	740.9688	5.850098
1247	741.4472	53.18343
1248	741.9255	121.1834
1249	742.4036	88.8501
1250	742.8817	104.8501
1251	743.3595	0.0001
1252	743.8372	6.516764
1253	744.3147	0.0001
1254	744.7921	140.1834
1255	745.2693	125.1834
1256	745.7464	183.5168
1257	746.2233	26.51676
1258	746.7001	85.18343
1259	747.1767	383.1834
1260	747.6531	390.1834
1261	748.1295	399.5168
1262	748.6056	12.8501
1263	749.0816	42.18343
1264	749.5575	23.51676
1265	750.0332	11.8501
1266	750.5087	0.0001
1267	750.9841	0.0001
1268	751.4594	12.18343
1269	751.9344	18.8501
1270	752.4094	0.0001
1271	752.8842	0.0001
1272	753.3588	0.0001
1273	753.8333	0.0001
1274	754.3076	0.0001
1275	754.7818	0.0001
1276	755.2558	164.8501
1277	755.7297	316.8501
1278	756.2034	466.1834
1279	756.6769	424.8501
1280	757.1503	233.8501
1281	757.6236	56.18343
1282	758.0967	0.0001
1283	758.5696	0.0001
1284	759.0425	0.0001
1285	759.5151	0.0001
1286	759.9876	284.8501
1287	760.46	339.1834
1288	760.9321	364.5168
1289	761.4042	0.0001
1290	761.876	0.0001
1291	762.3478	37.51677
1292	762.8193	41.8501
1293	763.2908	83.51676
1294	763.762	0.0001
1295	764.2332	0.0001
1296	764.7042	10.18343
1297	765.1749	34.8501
1298	765.6456	0.8500977
1299	766.1161	0.0001
1300	766.5865	0.0001
1301	767.0566	1.183431
1302	767.5267	16.18343
1303	767.9966	93.18343
1304	768.4664	25.18343
1305	768.9359	0.0001
1306	769.4054	0.0001
1307	769.8746	0.0001
1308	770.3438	0.0001
1309	770.8127	0.0001
1310	771.2816	0.0001
1311	771.7502	0.0001
1312	772.2188	139.8501
1313	772.6871	25.18343
1314	773.1553	108.1834
1315	773.6234	74.51676
1316	774.0913	143.1834
1317	774.5591	85.18343
1318	775.0267	3.183431
1319	775.4941	0.0001
1320	775.9614	0.0001
1321	776.4286	0.0001
1322	776.8956	0.0001
1323	777.3624	0.0001
1324	777.829	0.0001
1325	778.2956	4.183431
1326	778.762	11.51676
1327	779.2282	8.516765
1328	779.6943	42.8501
1329	780.1602	47.18343
1330	780.626	145.5168
1331	781.0916	148.1834
1332	781.557	100.8501
1333	782.0223	890.8501
1334	782.4875	858.8501
1335	782.9525	866.8501
1336	783.4173	0.0001
1337	783.882	0.0001
1338	784.3466	0.0001
1339	784.8109	0.0001
1340	785.2751	0.0001
1341	785.7393	0.0001
1342	786.2032	0.0001
1343	786.6669	0.0001
1344	787.1306	0.0001
1345	787.5941	0.0001
1346	788.0574	0.0001
1347	788.5205	0.0001
1348	788.9835	199.8501
1349	789.4464	198.8501
1350	789.9091	285.5168
1351	790.3716	22.8501
1352	790.834	39.8501
1353	791.2963	0.0001
1354	791.7584	0.0001
1355	792.2203	0.0001
1356	792.6821	0.0001
1357	793.1437	0.0001
1358	793.6052	0.0001
1359	794.0665	393.8501
1360	794.5276	414.1834
1361	794.9887	379.5168
1362	795.4495	0.0001
1363	795.9103	0.0001
1364	796.3708	0.0001
1365	796.8312	0.0001
1366	797.2914	0.0001
1367	797.7515	0.0001
1368	798.2115	0.0001
1369	798.6713	0.0001
1370	799.1309	0.0001
1371	799.5904	0.0001
1372	800.0497	0.0001
1373	800.5089	0.0001
1374	800.968	0.0001
1375	801.4268	0.0001
1376	801.8855	54.18343
1377	802.3441	7.183431
1378	802.8025	0.0001
1379	803.2607	0.0001
1380	803.7189	0.0001
1381	804.1768	0.0001
1382	804.6346	0.0001
1383	805.0922	0.0001
1384	805.5497	0.0001
1385	806.0071	0.0001
1386	806.4642	0.0001
1387	806.9213	0.0001
1388	807.3782	0.0001
1389	807.8349	0.0001
1390	808.2914	0.0001
1391	808.7479	0.0001
1392	809.2041	0.0001
1393	809.6602	0.0001
1394	810.1161	0.0001
1395	810.572	0.0001
1396	811.0276	0.0001
1397	811.4831	42.51677
1398	811.9385	0.0001
1399	812.3937	0.0001
1400	812.8487	0.0001
1401	813.3036	0.0001
1402	813.7583	0.0001
1403	814.2128	0.0001
1404	814.6673	0.0001
1405	815.1215	0.0001
1406	815.5757	0.0001
1407	816.0296	0.0001
1408	816.4834	3.183431
1409	816.9371	0.0001
1410	817.3906	0.0001
1411	817.8439	67.18343
1412	818.2971	111.1834
1413	818.7501	26.18343
1414	819.203	44.18343
1415	819.6558	0.0001
1416	820.1083	0.0001
1417	820.5607	0.0001
1418	821.013	0.0001
1419	821.4651	0.0001
1420	821.9171	0.0001
1421	822.3689	0.0001
1422	822.8206	12.51676
1423	823.2721	130.1834
1424	823.7234	157.5168
1425	824.1746	82.8501
1426	824.6257	35.51677
1427	825.0765	51.8501
1428	825.5273	11.51676
1429	825.9778	0.0001
1430	826.4283	0.0001
1431	826.8785	0.0001
1432	827.3287	0.0001
1433	827.7786	0.0001
1434	828.2285	0.0001
1435	828.6781	0.0001
1436	829.1276	0.0001
1437	829.577	0.0001
1438	830.0261	0.0001
1439	830.4752	0.0001
1440	830.9241	0.0001
1441	831.3728	34.8501
1442	831.8214	228.8501
1443	832.2698	219.1834
1444	832.7181	145.1834
1445	833.1662	0.0001
1446	833.6141	7.850098
1447	834.062	0.0001
1448	834.5096	0.0001
1449	834.9572	0.0001
1450	835.4045	111.1834
1451	835.8517	172.5168
1452	836.2987	231.5168
1453	836.7456	0.0001
1454	837.1923	0.0001
1455	837.6389	0.0001
1456	838.0853	0.0001
1457	838.5316	0.0001
1458	838.9777	19.8501
1459	839.4237	143.1834
1460	839.8695	137.1834
1461	840.3152	95.8501
1462	840.7607	0.0001
1463	841.206	15.8501
1464	841.6512	155.1834
1465	842.0963	123.8501
1466	842.5411	244.5168
1467	842.9859	18.51676
1468	843.4305	29.18343
1469	843.8749	0.0001
1470	844.3192	0.0001
1471	844.7632	0.0001
1472	845.2072	0.0001
1473	845.6511	0.0001
1474	846.0947	0.0001
1475	846.5382	0.0001
1476	846.9816	0.0001
1477	847.4247	0.0001
1478	847.8678	0.0001
1479	848.3107	0.0001
1480	848.7534	0.0001
1481	849.196	0.0001
1482	849.6384	0.0001
1483	850.0807	0.0001
1484	850.5228	0.0001
1485	850.9647	58.51677
1486	851.4066	67.8501
1487	851.8482	56.18343
1488	852.2897	0.0001
1489	852.7311	0.0001
1490	853.1722	0.0001
1491	853.6133	0.0001
1492	854.0541	0.0001
1493	854.4949	0.0001
1494	854.9355	0.0001
1495	855.3759	0.0001
1496	855.8162	0.0001
1497	856.2563	0.0001
1498	856.6962	31.51676
1499	857.136	0.0001
1500	857.5757	123.1834
1501	858.0152	89.8501
1502	858.4545	112.5168
1503	858.8937	0.0001
1504	859.3328	0.0001
1505	859.7716	0.0001
1506	860.2103	0.0001
1507	860.6489	45.8501
1508	861.0873	93.8501
1509	861.5256	0.0001
1510	861.9637	0.0001
1511	862.4017	0.0001
1512	862.8395	0.0001
1513	863.2771	0.0001
1514	863.7146	0.0001
1515	864.1519	0.0001
1516	864.5891	8.516765
1517	865.0261	0.0001
1518	865.463	35.8501
1519	865.8997	0.0001
1520	866.3363	0.0001
1521	866.7727	0.0001
1522	867.209	0.0001
1523	867.6451	0.0001
1524	868.081	0.0001
1525	868.5168	0.0001
1526	868.9525	0.0001
1527	869.3879	0.0001
1528	869.8232	0.0001
1529	870.2584	0.0001
1530	870.6935	0.0001
1531	871.1284	0.0001
1532	871.563	0.0001
1533	871.9976	0.0001
1534	872.432	41.51677
1535	872.8663	0.0001
1536	873.3004	102.8501
1537	873.7343	99.18343
1538	874.1681	106.1834
1539	874.6017	0.0001
1540	875.0352	0.0001
1541	875.4685	0.0001
1542	875.9017	0.0001
1543	876.3347	0.0001
1544	876.7676	0.0001
1545	877.2003	0.0001
1546	877.6328	0.0001
1547	878.0652	0.0001
1548	878.4974	140.5168
1549	878.9296	72.8501
1550	879.3615	107.1834
1551	879.7933	7.183431
1552	880.2249	152.8501
1553	880.6564	92.51676
1554	881.0877	20.8501
1555	881.5189	0.0001
1556	881.9498	0.0001
1557	882.3807	0.0001
1558	882.8114	0.0001
1559	883.2419	0.0001
1560	883.6723	289.8501
1561	884.1025	270.8501
1562	884.5327	236.8501
1563	884.9626	0.0001
1564	885.3923	83.8501
1565	885.822	131.1834
1566	886.2514	37.18343
1567	886.6807	0.0001
1568	887.1099	0.0001
1569	887.5389	0.0001
1570	887.9677	0.0001
1571	888.3964	0.0001
1572	888.825	0.0001
1573	889.2533	115.8501
1574	889.6815	185.5168
1575	890.1096	155.8501
1576	890.5375	0.0001
1577	890.9653	0.0001
1578	891.3929	0.0001
1579	891.8204	0.0001
1580	892.2477	0.0001
1581	892.6748	0.0001
1582	893.1018	215.1834
1583	893.5286	231.5168
1584	893.9553	237.1834
1585	894.3818	0.0001
1586	894.8082	0.0001
1587	895.2344	0.0001
1588	895.6605	0.0001
1589	896.0864	0.0001
1590	896.5121	0.0001
1591	896.9377	69.8501
1592	897.3632	409.1834
1593	897.7885	812.5168
1594	898.2136	778.5168
1595	898.6385	417.1834
1596	899.0634	7.516764
1597	899.488	0.0001
1598	899.9125	0.0001
1599	900.3369	0.0001
1600	900.7611	0.0001
1601	901.1852	0.0001
1602	901.6091	0.0001
1603	902.0328	0.0001
1604	902.4564	0.0001
1605	902.8798	0.0001
1606	903.303	0.0001
1607	903.7262	0.0001
1608	904.1492	0.0001
1609	904.572	0.0001
1610	904.9946	0.0001
1611	905.4171	0.0001
1612	905.8395	9.183431
1613	906.2617	0.0001
1614	906.6837	0.0001
1615	907.1056	0.0001
1616	907.5273	0.0001
1617	907.9489	0.0001
1618	908.3703	0.0001
1619	908.7915	0.0001
1620	909.2126	0.0001
1621	909.6336	0.0001
1622	910.0544	0.0001
1623	910.475	0.0001
1624	910.8955	0.0001
1625	911.3159	0.0001
1626	911.736	0.0001
1627	912.1561	0.0001
1628	912.5759	0.0001
1629	912.9956	129.1834
1630	913.4152	53.8501
1631	913.8346	42.18343
1632	914.2538	0.0001
1633	914.6729	0.0001
1634	915.0919	2.516764
1635	915.5106	0.0001
1636	915.9293	0.0001
1637	916.3477	0.0001
1638	916.7661	0.0001
1639	917.1842	0.0001
1640	917.6022	0.0001
1641	918.0201	0.0001
1642	918.4377	0.0001
1643	918.8553	0.0001
1644	919.2727	0.0001
1645	919.6899	0.0001
1646	920.107	0.0001
1647	920.5239	55.51677
1648	920.9407	37.8501
1649	921.3573	44.51677
1650	921.7737	0.0001
1651	922.19	0.0001
1652	922.6062	0.0001
1653	923.0222	0.0001
1654	923.438	0.0001
1655	923.8537	0.0001
1656	924.2692	0.0001
1657	924.6846	0.0001
1658	925.0998	0.0001
1659	925.5148	96.8501
1660	925.9297	104.8501
1661	926.3445	101.1834
1662	926.7591	0.0001
1663	927.1735	0.0001
1664	927.5878	0.0001
1665	928.002	0.0001
1666	928.4159	0.0001
1667	928.8297	0.0001
1668	929.2434	106.8501
1669	929.6569	132.1834
1670	930.0703	442.8501
1671	930.4835	277.1834
1672	930.8965	271.5168
1673	931.3094	0.0001
1674	931.7221	0.0001
1675	932.1347	0.0001
1676	932.5471	0.0001
1677	932.9594	0.0001
1678	933.3715	0.0001
1679	933.7834	0.0001
1680	934.1953	0.0001
1681	934.6069	0.0001
1682	935.0184	0.0001
1683	935.4297	6.850098
1684	935.8409	0.0001
1685	936.2519	0.0001
1686	936.6628	0.0001
1687	937.0735	0.0001
1688	937.484	0.0001
1689	937.8944	0.0001
1690	938.3047	0.0001
1691	938.7148	0.0001
1692	939.1247	0.0001
1693	939.5345	258.8501
1694	939.9441	413.5168
1695	940.3536	369.8501
1696	940.7629	69.18343
1697	941.1721	19.18343
1698	941.5811	56.51677
1699	941.9899	12.8501
1700	942.3986	0.0001
1701	942.8071	0.0001
1702	943.2155	94.51676
1703	943.6237	82.51676
1704	944.0318	84.8501
1705	944.4397	0.0001
1706	944.8475	0.0001
1707	945.2551	0.0001
1708	945.6625	0.0001
1709	946.0698	0.0001
1710	946.4769	0.0001
1711	946.8839	0.0001
1712	947.2908	0.0001
1713	947.6974	0.0001
1714	948.1039	0.0001
1715	948.5103	23.8501
1716	948.9165	114.5168
1717	949.3226	165.1834
1718	949.7285	43.18343
1719	950.1342	0.0001
1720	950.5397	0.0001
1721	950.9452	0.0001
1722	951.3505	26.18343
1723	951.7556	32.51677
1724	952.1605	38.8501
1725	952.5653	0.0001
1726	952.97	0.0001
1727	953.3745	0.0001
1728	953.7788	0.0001
1729	954.183	0.0001
1730	954.587	0.0001
1731	954.9909	0.183431
1732	955.3946	0.0001
1733	955.7982	1.183431
1734	956.2015	0.0001
1735	956.6048	0.0001
1736	957.0079	0.0001
1737	957.4108	0.0001
1738	957.8136	63.18343
1739	958.2162	0.0001
1740	958.6187	0.0001
1741	959.0211	0.0001
1742	959.4232	0.0001
1743	959.8252	158.8501
1744	960.2271	245.8501
1745	960.6287	214.5168
1746	961.0303	0.0001
1747	961.4316	0.0001
1748	961.8329	0.0001
1749	962.2339	0.0001
1750	962.6348	0.0001
1751	963.0356	0.0001
1752	963.4362	0.0001
1753	963.8367	0.0001
1754	964.2369	0.0001
1755	964.6371	0.0001
1756	965.037	70.18343
1757	965.4369	164.1834
1758	965.8365	151.8501
1759	966.236	38.51677
1760	966.6354	0.0001
1761	967.0346	0.0001
1762	967.4337	0.0001
1763	967.8325	0.0001
1764	968.2313	0.0001
1765	968.6298	0.0001
1766	969.0283	0.0001
1767	969.4265	37.18343
1768	969.8246	0.0001
1769	970.2226	0.0001
1770	970.6204	0.0001
1771	971.018	0.0001
1772	971.4155	14.51676
1773	971.8128	101.5168
1774	972.21	14.8501
1775	972.607	0.0001
1776	973.0039	0.0001
1777	973.4006	0.0001
1778	973.7971	0.0001
1779	974.1935	495.5168
1780	974.5898	571.1834
1781	974.9858	448.5168
1782	975.3818	53.51677
1783	975.7775	10.8501
1784	976.1732	8.516765
1785	976.5686	0.0001
1786	976.9639	61.18343
1787	977.3591	27.8501
1788	977.754	0.0001
1789	978.1489	0.0001
1790	978.5436	30.18343
1791	978.938	66.8501
1792	979.3325	116.5168
1793	979.7266	92.8501
1794	980.1207	217.5168
1795	980.5146	109.5168
1796	980.9083	67.18343
1797	981.3019	0.0001
1798	981.6954	0.0001
1799	982.0886	0.0001
1800	982.4818	11.8501
1801	982.8747	0.0001
1802	983.2675	0.0001
1803	983.6602	25.18343
1804	984.0527	29.18343
1805	984.445	8.516765
1806	984.8372	0.0001
1807	985.2292	0.0001
1808	985.621	0.0001
1809	986.0128	0.0001
1810	986.4044	27.51676
1811	986.7957	0.0001
1812	987.187	0.0001
1813	987.5781	0.0001
1814	987.969	12.51676
1815	988.3597	74.51676
1816	988.7504	129.5168
1817	989.1409	47.51677
1818	989.5311	34.18343
1819	989.9213	0.0001
1820	990.3113	0.0001
1821	990.7011	0.0001
1822	991.0908	0.0001
1823	991.4803	0.0001
1824	991.8697	0.0001
1825	992.2589	0.0001
1826	992.648	144.1834
1827	993.0369	208.5168
1828	993.4257	177.8501
1829	993.8142	0.0001
1830	994.2026	53.18343
1831	994.5909	110.1834
1832	994.9791	238.5168
1833	995.367	0.0001
1834	995.7548	0.0001
1835	996.1425	0.0001
1836	996.53	0.0001
1837	996.9173	0.0001
1838	997.3045	0.0001
1839	997.6915	0.0001
1840	998.0784	0.0001
1841	998.4651	0.0001
1842	998.8516	88.51676
1843	999.238	141.5168
1844	999.6243	117.1834
1845	1000.01	62.51677
1846	1000.396	81.51676
1847	1000.782	0.0001
1848	1001.168	0.0001
1849	1001.553	258.5168
1850	1001.938	335.8501
1851	1002.324	334.8501
1852	1002.709	0.0001
1853	1003.093	0.0001
1854	1003.478	0.0001
1855	1003.863	0.0001
1856	1004.247	0.0001
1857	1004.631	0.0001
1858	1005.015	0.0001
1859	1005.399	0.0001
1860	1005.783	0.0001
1861	1006.167	0.0001
1862	1006.55	0.0001
1863	1006.933	0.0001
1864	1007.316	0.0001
1865	1007.699	1.850098
1866	1008.082	0.0001
1867	1008.465	0.0001
1868	1008.847	0.0001
1869	1009.23	0.0001
1870	1009.612	0.0001
1871	1009.994	0.0001
1872	1010.376	0.0001
1873	1010.757	0.0001
1874	1011.139	0.0001
1875	1011.52	0.0001
1876	1011.901	0.0001
1877	1012.283	0.0001
1878	1012.664	0.0001
1879	1013.044	0.0001
1880	1013.425	0.0001
1881	1013.805	0.0001
1882	1014.186	0.0001
1883	1014.566	0.0001
1884	1014.946	0.0001
1885	1015.326	0.0001
1886	1015.705	0.0001
1887	1016.085	0.0001
1888	1016.464	29.8501
1889	1016.843	38.51677
1890	1017.222	0.0001
1891	1017.601	0.0001
1892	1017.98	0.0001
1893	1018.359	0.0001
1894	1018.737	0.0001
1895	1019.115	0.0001
1896	1019.493	0.0001
1897	1019.871	0.0001
1898	1020.249	0.0001
1899	1020.627	0.0001
1900	1021.004	0.0001
1901	1021.382	0.0001
1902	1021.759	0.0001
1903	1022.136	0.0001
1904	1022.513	0.0001
1905	1022.889	0.0001
1906	1023.266	0.0001
1907	1023.642	0.0001
1908	1024.018	0.0001
1909	1024.395	0.0001
1910	1024.77	0.0001
1911	1025.146	0.0001
1912	1025.522	13.8501
1913	1025.897	58.51677
1914	1026.272	31.8501
1915	1026.648	0.0001
1916	1027.023	0.0001
1917	1027.397	0.0001
1918	1027.772	23.8501
1919	1028.146	0.0001
1920	1028.521	0.0001
1921	1028.895	0.0001
1922	1029.269	0.0001
1923	1029.643	0.0001
1924	1030.017	0.0001
1925	1030.39	0.0001
1926	1030.764	0.0001
1927	1031.137	0.0001
1928	1031.51	0.0001
1929	1031.883	10.51676
1930	1032.256	370.8501
1931	1032.628	631.8501
1932	1033.001	489.1834
1933	1033.373	182.5168
1934	1033.745	0.0001
1935	1034.117	0.0001
1936	1034.489	0.0001
1937	1034.861	0.0001
1938	1035.232	0.0001
1939	1035.604	0.0001
1940	1035.975	0.0001
1941	1036.346	0.0001
1942	1036.717	0.0001
1943	1037.088	255.8501
1944	1037.458	277.5168
1945	1037.828	247.5168
1946	1038.199	0.0001
1947	1038.569	0.0001
1948	1038.939	0.0001
1949	1039.309	0.0001
1950	1039.678	0.0001
1951	1040.048	0.0001
1952	1040.417	0.0001
1953	1040.786	0.0001
1954	1041.155	0.0001
1955	1041.524	0.0001
1956	1041.893	0.0001
1957	1042.261	0.0001
1958	1042.63	0.0001
1959	1042.998	0.0001
1960	1043.366	0.0001
1961	1043.734	25.8501
1962	1044.102	20.51676
1963	1044.469	0.0001
1964	1044.837	0.0001
1965	1045.204	0.0001
1966	1045.571	0.0001
1967	1045.938	0.0001
1968	1046.305	0.0001
1969	1046.672	0.0001
1970	1047.038	0.0001
1971	1047.404	0.0001
1972	1047.771	0.0001
1973	1048.136	0.0001
1974	1048.502	7.516764
1975	1048.868	60.8501
1976	1049.234	71.51676
1977	1049.599	0.0001
1978	1049.964	0.0001
1979	1050.329	0.0001
1980	1050.694	94.51676
1981	1051.059	186.5168
1982	1051.424	225.1834
1983	1051.788	0.0001
1984	1052.152	0.0001
1985	1052.516	0.0001
1986	1052.88	57.18343
1987	1053.244	66.51676
1988	1053.608	82.51676
1989	1053.971	91.18343
1990	1054.335	81.8501
1991	1054.698	201.1834
1992	1055.061	43.18343
1993	1055.424	0.0001
1994	1055.787	13.51676
1995	1056.149	56.18343
1996	1056.512	199.1834
1997	1056.874	0.0001
1998	1057.236	0.0001
1999	1057.598	0.0001
2000	1057.96	0.0001
2001	1058.321	0.0001
2002	1058.683	0.0001
2003	1059.044	0.0001
2004	1059.405	0.0001
2005	1059.766	0.0001
2006	1060.127	0.0001
2007	1060.488	0.0001
2008	1060.848	0.0001
2009	1061.209	0.0001
2010	1061.569	0.0001
2011	1061.929	93.51676
2012	1062.289	74.8501
2013	1062.648	44.8501
2014	1063.008	75.18343
2015	1063.367	499.1834
2016	1063.727	564.1834
2017	1064.086	435.1834
2018	1064.445	66.8501
2019	1064.804	0.0001
2020	1065.162	0.0001
2021	1065.521	218.8501
2022	1065.879	290.1834
2023	1066.237	313.8501
2024	1066.595	0.0001
2025	1066.953	0.0001
2026	1067.311	0.0001
2027	1067.668	0.0001
2028	1068.026	0.0001
2029	1068.383	0.0001
2030	1068.74	0.0001
2031	1069.097	0.0001
2032	1069.453	0.0001
2033	1069.81	3.850098
2034	1070.166	39.8501
2035	1070.523	0.0001
2036	1070.879	0.0001
2037	1071.235	0.0001
2038	1071.591	0.0001
2039	1071.946	9.183431
2040	1072.302	27.8501
2041	1072.657	69.18343
2042	1073.012	0.0001
2043	1073.367	34.51677
2044	1073.722	0.0001
2045	1074.077	0.0001
2046	1074.431	0.0001
2047	1074.786	0.0001
