0	28.36968	388.725
1	29.03326	209.9666
2	29.69669	0.0001
3	30.35998	0.0001
4	31.02312	0.0001
5	31.68612	0.0001
6	32.34897	0.0001
7	33.01168	0.0001
8	33.67424	0.0001
9	34.33666	0.0001
10	34.99894	0.0001
11	35.66106	0.0001
12	36.32305	0.0001
13	36.98489	0.0001
14	37.64658	0.0001
15	38.30814	952.7833
16	38.96954	1130.117
17	39.6308	1136.117
18	40.29192	0.0001
19	40.95289	0.0001
20	41.61372	0.0001
21	42.2744	0.0001
22	42.93494	0.0001
23	43.59533	17.44995
24	44.25558	0.0001
25	44.91568	745.7833
26	45.57564	744.45
27	46.23545	759.1166
28	46.89512	0.0001
29	47.55465	0.0001
30	48.21402	0.0001
31	48.87326	39.78328
32	49.53235	0.0001
33	50.1913	65.11662
34	50.85009	0.0001
35	51.50875	0.0001
36	52.16726	0.0001
37	52.82563	0.0001
38	53.48384	0.0001
39	54.14192	36.78328
40	54.79985	14.78328
41	55.45764	0.0001
42	56.11528	0.0001
43	56.77278	0.0001
44	57.43013	0.0001
45	58.08733	0.0001
46	58.7444	107.1166
47	59.40131	127.7833
48	60.05809	519.7833
49	60.71471	229.7833
50	61.3712	227.1166
51	62.02753	0.0001
52	62.68372	0.0001
53	63.33977	0.0001
54	63.99567	0.0001
55	64.65143	56.78328
56	65.30704	25.44995
57	65.96251	181.1166
58	66.61784	202.7833
59	67.27301	170.7833
60	67.92805	0.0001
61	68.58293	10.44995
62	69.23768	72.78329
63	69.89227	105.1166
64	70.54672	0.0001
65	71.20103	0.0001
66	71.85519	0.0001
67	72.50922	34.78328
68	73.16309	0.0001
69	73.81681	0.0001
70	74.4704	0.0001
71	75.12383	0.0001
72	75.77712	10.78328
73	76.43027	44.78328
74	77.08327	0.0001
75	77.73613	0.0001
76	78.38884	0.0001
77	79.04141	0.0001
78	79.69383	1.116618
79	80.34611	0.0001
80	80.99824	0.0001
81	81.65022	0.0001
82	82.30207	97.78329
83	82.95377	230.7833
84	83.60532	160.7833
85	84.25672	71.44995
86	84.90798	0.0001
87	85.5591	0.0001
88	86.21007	0.0001
89	86.86089	0.0001
90	87.51157	25.11662
91	88.16211	0.0001
92	88.8125	0.0001
93	89.46274	0.0001
94	90.11284	0.0001
95	90.76279	0.0001
96	91.41261	26.44995
97	92.06227	52.44995
98	92.71178	62.44995
99	93.36116	0.0001
100	94.01038	0.0001
101	94.65947	0.0001
102	95.30841	0.0001
103	95.9572	0.0001
104	96.60584	0.0001
105	97.25435	0.0001
106	97.9027	0.0001
107	98.55092	0.0001
108	99.19898	0.0001
109	99.8469	0.0001
110	100.4947	0.0001
111	101.1423	566.1166
112	101.7898	582.1166
113	102.4371	556.7833
114	103.0843	57.78328
115	103.7314	47.78328
116	104.3783	63.44995
117	105.025	0.0001
118	105.6716	0.0001
119	106.3181	0.0001
120	106.9644	0.0001
121	107.6106	0.0001
122	108.2566	0.0001
123	108.9025	0.0001
124	109.5483	0.0001
125	110.1939	30.11662
126	110.8393	260.45
127	111.4846	93.78329
128	112.1298	362.7833
129	112.7748	143.1166
130	113.4197	356.45
131	114.0644	79.78329
132	114.709	54.11662
133	115.3534	0.0001
134	115.9977	0.0001
135	116.6418	0.0001
136	117.2858	0.0001
137	117.9297	26.11662
138	118.5734	0.0001
139	119.2169	0.0001
140	119.8603	0.0001
141	120.5036	0.0001
142	121.1467	0.0001
143	121.7897	0.0001
144	122.4325	0.0001
145	123.0752	0.0001
146	123.7178	0.0001
147	124.3602	0.0001
148	125.0024	0.0001
149	125.6445	0.0001
150	126.2865	0.0001
151	126.9283	0.0001
152	127.5699	0.0001
153	128.2115	0.0001
154	128.8528	0.0001
155	129.4941	0.0001
156	130.1351	59.44995
157	130.7761	135.1166
158	131.4169	502.45
159	132.0575	359.45
160	132.698	261.1166
161	133.3384	0.0001
162	133.9786	0.0001
163	134.6187	0.0001
164	135.2586	0.0001
165	135.8984	0.0001
166	136.538	0.0001
167	137.1775	0.0001
168	137.8168	56.78328
169	138.456	18.44995
170	139.095	0.0001
171	139.7339	0.0001
172	140.3727	0.0001
173	141.0113	50.44995
174	141.6498	19.11662
175	142.2881	9.783284
176	142.9263	37.11662
177	143.5643	79.44995
178	144.2022	95.44995
179	144.8399	87.44995
180	145.4775	95.11662
181	146.1149	56.11662
182	146.7522	0.0001
183	147.3894	0.0001
184	148.0264	0.0001
185	148.6632	0.0001
186	149.3	0.0001
187	149.9365	0.0001
188	150.5729	0.0001
189	151.2092	0.0001
190	151.8454	0.0001
191	152.4813	19.44995
192	153.1172	131.45
193	153.7529	53.78328
194	154.3884	122.1166
195	155.0238	35.44995
196	155.6591	0.0001
197	156.2942	0.0001
198	156.9291	0.0001
199	157.564	45.78328
200	158.1986	39.11662
201	158.8332	0.0001
202	159.4675	0.0001
203	160.1018	0.0001
204	160.7359	0.0001
205	161.3698	0.4499512
206	162.0036	0.0001
207	162.6373	49.11662
208	163.2708	0.0001
209	163.9041	50.11662
210	164.5373	0.0001
211	165.1704	0.0001
212	165.8033	0.0001
213	166.4361	0.0001
214	167.0687	0.0001
215	167.7012	0.0001
216	168.3335	0.0001
217	168.9657	0.0001
218	169.5978	0.0001
219	170.2297	0.0001
220	170.8614	0.0001
221	171.493	0.0001
222	172.1245	0.0001
223	172.7558	0.0001
224	173.387	0.0001
225	174.018	34.11662
226	174.6489	0.0001
227	175.2796	0.0001
228	175.9102	0.0001
229	176.5406	79.11662
230	177.1709	105.1166
231	177.8011	23.44995
232	178.4311	0.0001
233	179.0609	0.0001
234	179.6906	48.78328
235	180.3202	68.11662
236	180.9496	43.44995
237	181.5789	0.0001
238	182.208	0.0001
239	182.837	0.0001
240	183.4658	0.0001
241	184.0945	0.0001
242	184.723	0.0001
243	185.3514	0.0001
244	185.9797	0.0001
245	186.6078	0.0001
246	187.2357	0.0001
247	187.8635	0.0001
248	188.4912	0.0001
249	189.1187	0.0001
250	189.7461	0.0001
251	190.3733	0.0001
252	191.0004	0.0001
253	191.6273	0.0001
254	192.2541	0.0001
255	192.8808	17.11662
256	193.5072	41.11662
257	194.1336	0.0001
258	194.7598	0.0001
259	195.3858	58.78328
260	196.0117	73.44995
261	196.6375	97.44995
262	197.2631	205.7833
263	197.8886	183.1166
264	198.5139	230.1166
265	199.1391	0.0001
266	199.7641	0.0001
267	200.389	354.7833
268	201.0137	366.7833
269	201.6383	360.1166
270	202.2628	0.0001
271	202.8871	0.0001
272	203.5112	0.0001
273	204.1352	0.0001
274	204.7591	0.0001
275	205.3828	0.0001
276	206.0064	3.116618
277	206.6298	0.0001
278	207.2531	0.0001
279	207.8762	0.0001
280	208.4992	0.0001
281	209.122	15.44995
282	209.7447	0.0001
283	210.3672	0.0001
284	210.9896	0.0001
285	211.6119	0.0001
286	212.234	0.0001
287	212.8559	0.0001
288	213.4778	0.0001
289	214.0994	0.0001
290	214.7209	0.0001
291	215.3423	0.0001
292	215.9635	0.0001
293	216.5846	0.0001
294	217.2055	183.45
295	217.8263	171.45
296	218.447	353.7833
297	219.0675	105.1166
298	219.6878	215.7833
299	220.308	158.1166
300	220.9281	363.1166
301	221.548	246.45
302	222.1677	109.7833
303	222.7873	0.0001
304	223.4068	0.0001
305	224.0261	0.0001
306	224.6453	0.0001
307	225.2643	0.0001
308	225.8832	0.0001
309	226.5019	3.449951
310	227.1205	31.44995
311	227.739	57.78328
312	228.3573	60.11662
313	228.9754	80.44995
314	229.5934	14.44995
315	230.2112	0.0001
316	230.8289	0.0001
317	231.4465	0.0001
318	232.0639	0.0001
319	232.6812	0.0001
320	233.2983	0.0001
321	233.9153	25.78329
322	234.5321	34.44995
323	235.1488	241.1166
324	235.7653	161.7833
325	236.3817	53.11662
326	236.998	0.0001
327	237.6141	0.0001
328	238.23	0.0001
329	238.8458	0.0001
330	239.4615	0.0001
331	240.077	0.0001
332	240.6923	0.0001
333	241.3075	0.0001
334	241.9226	0.0001
335	242.5375	0.0001
336	243.1523	0.0001
337	243.7669	0.0001
338	244.3814	0.0001
339	244.9957	0.0001
340	245.6099	0.0001
341	246.224	0.0001
342	246.8379	0.0001
343	247.4516	0.0001
344	248.0652	0.0001
345	248.6786	0.0001
346	249.292	0.0001
347	249.9051	0.0001
348	250.5181	0.0001
349	251.131	0.0001
350	251.7437	0.0001
351	252.3563	0.0001
352	252.9687	0.0001
353	253.581	0.0001
354	254.1931	0.0001
355	254.8051	0.0001
356	255.4169	0.0001
357	256.0286	0.0001
358	256.6402	118.7833
359	257.2516	149.45
360	257.8628	260.7833
361	258.4739	22.11662
362	259.0849	0.0001
363	259.6957	379.1166
364	260.3063	410.7833
365	260.9169	443.7833
366	261.5272	0.0001
367	262.1375	0.0001
368	262.7475	0.0001
369	263.3575	0.0001
370	263.9672	0.0001
371	264.5769	21.11662
372	265.1864	0.0001
373	265.7957	0.0001
374	266.4049	0.0001
375	267.0139	0.0001
376	267.6228	0.0001
377	268.2316	173.45
378	268.8402	469.45
379	269.4486	504.1166
380	270.0569	209.7833
381	270.6651	7.449951
382	271.2731	12.78328
383	271.881	0.0001
384	272.4887	0.0001
385	273.0963	0.0001
386	273.7037	0.0001
387	274.311	0.0001
388	274.9182	2.116618
389	275.5251	54.78328
390	276.132	0.0001
391	276.7387	0.0001
392	277.3452	0.0001
393	277.9516	0.0001
394	278.5579	0.0001
395	279.164	0.0001
396	279.7699	25.78329
397	280.3757	66.78329
398	280.9814	97.11662
399	281.5869	0.0001
400	282.1923	31.44995
401	282.7975	0.0001
402	283.4026	0.0001
403	284.0075	0.0001
404	284.6123	0.0001
405	285.2169	0.0001
406	285.8214	158.1166
407	286.4258	526.7833
408	287.0299	964.45
409	287.634	693.7833
410	288.2379	455.1166
411	288.8416	0.0001
412	289.4452	0.0001
413	290.0487	0.0001
414	290.652	0.0001
415	291.2552	0.0001
416	291.8582	0.0001
417	292.461	0.0001
418	293.0638	0.0001
419	293.6663	0.0001
420	294.2687	97.44995
421	294.871	212.7833
422	295.4731	180.45
423	296.0751	45.44995
424	296.677	0.0001
425	297.2787	35.78328
426	297.8802	0.0001
427	298.4816	61.11662
428	299.0828	204.45
429	299.6839	160.1166
430	300.2849	20.11662
431	300.8857	0.0001
432	301.4864	0.0001
433	302.0869	0.0001
434	302.6872	0.0001
435	303.2874	11.11662
436	303.8875	0.0001
437	304.4874	0.0001
438	305.0872	0.0001
439	305.6868	128.45
440	306.2863	640.1166
441	306.8856	702.1166
442	307.4848	476.7833
443	308.0838	0.0001
444	308.6827	0.0001
445	309.2815	0.0001
446	309.8801	0.0001
447	310.4785	0.0001
448	311.0768	0.0001
449	311.675	0.0001
450	312.2729	0.0001
451	312.8708	0.0001
452	313.4685	0.0001
453	314.0661	0.0001
454	314.6635	7.116618
455	315.2608	0.0001
456	315.8579	430.45
457	316.4549	443.45
458	317.0517	546.7833
459	317.6483	0.0001
460	318.2449	0.0001
461	318.8412	0.0001
462	319.4375	0.0001
463	320.0336	0.0001
464	320.6295	0.0001
465	321.2253	0.0001
466	321.821	0.0001
467	322.4164	0.0001
468	323.0118	0.0001
469	323.607	0.0001
470	324.2021	0.0001
471	324.797	0.0001
472	325.3917	0.0001
473	325.9863	0.0001
474	326.5808	0.0001
475	327.1751	2.783284
476	327.7693	30.78329
477	328.3633	0.0001
478	328.9572	0.0001
479	329.5509	0.0001
480	330.1444	0.0001
481	330.7379	0.0001
482	331.3312	186.7833
483	331.9243	238.7833
484	332.5173	564.1166
485	333.1101	291.7833
486	333.7028	303.7833
487	334.2953	0.0001
488	334.8878	0.0001
489	335.48	0.0001
490	336.0721	0.0001
491	336.664	0.0001
492	337.2559	0.0001
493	337.8475	0.0001
494	338.439	0.0001
495	339.0304	16.11662
496	339.6216	76.78329
497	340.2126	66.11662
498	340.8036	0.0001
499	341.3943	0.0001
500	341.985	0.0001
501	342.5754	0.0001
502	343.1658	0.0001
503	343.756	45.78328
504	344.346	115.1166
505	344.9359	113.1166
506	345.5256	2.449951
507	346.1152	0.0001
508	346.7046	0.0001
509	347.2939	0.0001
510	347.8831	0.0001
511	348.472	0.0001
512	349.0609	0.0001
513	349.6496	0.0001
514	350.2381	0.0001
515	350.8265	0.0001
516	351.4148	0.0001
517	352.0029	0.0001
518	352.5909	0.0001
519	353.1787	0.0001
520	353.7664	0.0001
521	354.3539	0.0001
522	354.9412	0.0001
523	355.5284	0.0001
524	356.1155	0.0001
525	356.7025	0.0001
526	357.2892	0.0001
527	357.8759	0.0001
528	358.4623	70.11662
529	359.0487	0.0001
530	359.6349	0.0001
531	360.2209	0.0001
532	360.8068	0.0001
533	361.3925	0.0001
534	361.9781	0.0001
535	362.5636	0.0001
536	363.1489	0.0001
537	363.734	0.0001
538	364.319	0.0001
539	364.9039	0.0001
540	365.4886	0.0001
541	366.0731	0.0001
542	366.6575	0.0001
543	367.2418	0.0001
544	367.8259	0.0001
545	368.4099	0.0001
546	368.9937	0.0001
547	369.5774	0.0001
548	370.1609	0.0001
549	370.7443	0.0001
550	371.3275	32.44995
551	371.9106	47.11662
552	372.4935	122.1166
553	373.0763	92.44995
554	373.6589	13.78328
555	374.2414	0.0001
556	374.8237	0.0001
557	375.4059	0.0001
558	375.9879	9.449951
559	376.5698	0.0001
560	377.1516	37.11662
561	377.7332	112.1166
562	378.3146	75.44995
563	378.8959	79.44995
564	379.4771	0.0001
565	380.0581	0.0001
566	380.6389	0.0001
567	381.2196	0.0001
568	381.8002	22.44995
569	382.3806	24.44995
570	382.9608	94.11662
571	383.541	0.0001
572	384.1209	82.78329
573	384.7007	66.44995
574	385.2804	49.44995
575	385.8599	0.0001
576	386.4393	0.0001
577	387.0185	0.0001
578	387.5976	0.0001
579	388.1765	0.0001
580	388.7553	0.0001
581	389.3339	0.0001
582	389.9124	0.0001
583	390.4908	0.0001
584	391.0689	192.7833
585	391.647	192.7833
586	392.2249	205.45
587	392.8026	0.0001
588	393.3802	0.0001
589	393.9576	0.0001
590	394.5349	0.0001
591	395.1121	5.449951
592	395.6891	89.78329
593	396.2659	221.1166
594	396.8426	61.78328
595	397.4192	59.78328
596	397.9956	0.0001
597	398.5718	197.7833
598	399.1479	153.1166
599	399.7239	163.1166
600	400.2997	0.0001
601	400.8754	0.0001
602	401.4509	0.0001
603	402.0262	0.0001
604	402.6015	155.45
605	403.1765	175.45
606	403.7515	181.7833
607	404.3262	0.0001
608	404.9008	0.0001
609	405.4753	0.0001
610	406.0497	0.0001
611	406.6238	0.0001
612	407.1979	0.0001
613	407.7718	0.0001
614	408.3455	0.0001
615	408.9191	0.0001
616	409.4925	0.0001
617	410.0658	0.0001
618	410.6389	179.1166
619	411.2119	248.7833
620	411.7848	301.7833
621	412.3575	38.11662
622	412.93	0.0001
623	413.5024	0.0001
624	414.0746	0.0001
625	414.6467	0.0001
626	415.2187	0.0001
627	415.7905	0.0001
628	416.3621	0.0001
629	416.9336	0.0001
630	417.505	0.0001
631	418.0762	0.0001
632	418.6472	0.0001
633	419.2182	0.0001
634	419.7889	0.0001
635	420.3595	0.0001
636	420.93	0.0001
637	421.5003	0.0001
638	422.0705	0.0001
639	422.6405	0.0001
640	423.2104	0.0001
641	423.7801	0.0001
642	424.3497	4.449951
643	424.9191	0.0001
644	425.4884	0.0001
645	426.0575	0.0001
646	426.6265	0.0001
647	427.1953	0.0001
648	427.764	0.0001
649	428.3325	0.0001
650	428.9009	0.0001
651	429.4691	0.0001
652	430.0372	0.0001
653	430.6051	0.0001
654	431.1729	0.0001
655	431.7406	10.11662
656	432.308	36.78328
657	432.8754	401.45
658	433.4426	438.7833
659	434.0096	725.45
660	434.5765	467.45
661	435.1432	531.7833
662	435.7099	163.1166
663	436.2763	0.0001
664	436.8426	0.0001
665	437.4088	0.0001
666	437.9748	0.0001
667	438.5406	0.0001
668	439.1063	0.0001
669	439.6719	0.0001
670	440.2373	46.78328
671	440.8025	24.78329
672	441.3676	107.1166
673	441.9326	40.78328
674	442.4974	24.44995
675	443.0621	0.0001
676	443.6266	0.0001
677	444.1909	0.0001
678	444.7552	0.0001
679	445.3192	51.11662
680	445.8831	0.0001
681	446.4469	0.0001
682	447.0105	0.0001
683	447.574	0.0001
684	448.1373	0.0001
685	448.7005	0.0001
686	449.2635	0.0001
687	449.8264	0.0001
688	450.3891	0.0001
689	450.9517	8.783284
690	451.5141	0.0001
691	452.0764	0.0001
692	452.6385	0.0001
693	453.2005	0.0001
694	453.7623	3.783284
695	454.324	0.0001
696	454.8855	0.0001
697	455.4469	0.0001
698	456.0081	0.0001
699	456.5692	84.11662
700	457.1302	10.78328
701	457.691	43.11662
702	458.2516	0.0001
703	458.8121	0.0001
704	459.3724	0.0001
705	459.9326	0.0001
706	460.4927	0.0001
707	461.0526	0.0001
708	461.6123	0.0001
709	462.1719	0.0001
710	462.7314	0.0001
711	463.2906	0.0001
712	463.8498	251.1166
713	464.4088	310.7833
714	464.9676	224.1166
715	465.5263	0.0001
716	466.0849	0.0001
717	466.6433	269.45
718	467.2015	340.1166
719	467.7596	244.1166
720	468.3176	0.0001
721	468.8754	0.0001
722	469.433	0.0001
723	469.9906	227.7833
724	470.5479	334.1166
725	471.1051	327.7833
726	471.6622	0.0001
727	472.2191	0.0001
728	472.7758	0.0001
729	473.3325	0.0001
730	473.8889	155.7833
731	474.4453	64.78329
732	475.0014	0.0001
733	475.5574	0.0001
734	476.1133	0.0001
735	476.669	0.0001
736	477.2246	0.0001
737	477.78	0.0001
738	478.3353	0.0001
739	478.8904	0.0001
740	479.4453	0.0001
741	480.0002	0.0001
742	480.5548	0.0001
743	481.1093	0.0001
744	481.6637	0.0001
745	482.218	0.0001
746	482.772	0.0001
747	483.3259	18.78329
748	483.8797	0.0001
749	484.4333	0.0001
750	484.9868	0.0001
751	485.5401	0.0001
752	486.0933	208.1166
753	486.6463	226.7833
754	487.1992	294.1166
755	487.752	0.0001
756	488.3045	0.0001
757	488.857	0.0001
758	489.4092	0.0001
759	489.9614	60.78328
760	490.5134	20.44995
761	491.0652	0.0001
762	491.6169	0.0001
763	492.1684	0.0001
764	492.7198	0.0001
765	493.271	0.0001
766	493.8221	0.0001
767	494.373	371.7833
768	494.9238	379.45
769	495.4745	431.7833
770	496.0249	8.449951
771	496.5753	28.78329
772	497.1255	0.0001
773	497.6755	0.0001
774	498.2254	0.0001
775	498.7751	0.0001
776	499.3247	0.0001
777	499.8742	0.0001
778	500.4235	0.0001
779	500.9726	0.0001
780	501.5216	61.44995
781	502.0704	11.78328
782	502.6191	137.1166
783	503.1677	54.11662
784	503.7161	46.78328
785	504.2643	0.0001
786	504.8124	0.0001
787	505.3604	0.0001
788	505.9081	26.11662
789	506.4558	56.44995
790	507.0033	118.45
791	507.5506	162.45
792	508.0978	211.45
793	508.6449	157.7833
794	509.1917	144.1166
795	509.7385	77.44995
796	510.2851	106.7833
797	510.8315	98.44995
798	511.3778	100.1166
799	511.924	49.44995
800	512.47	0.0001
801	513.0159	230.7833
802	513.5615	248.7833
803	514.1071	278.1166
804	514.6525	44.78328
805	515.1978	96.11662
806	515.7429	108.1166
807	516.2878	207.1166
808	516.8326	231.1166
809	517.3773	259.1166
810	517.9218	275.1166
811	518.4661	324.7833
812	519.0103	345.1166
813	519.5543	317.1166
814	520.0983	231.7833
815	520.642	291.1166
816	521.1856	312.45
817	521.7291	392.45
818	522.2723	379.7833
819	522.8155	405.7833
820	523.3585	405.45
821	523.9014	494.45
822	524.4441	552.45
823	524.9866	663.7833
824	525.5291	689.1166
825	526.0713	820.7833
826	526.6134	908.1166
827	527.1553	930.1166
828	527.6971	862.45
829	528.2388	822.7833
830	528.7803	921.1166
831	529.3217	966.7833
832	529.8629	1077.45
833	530.4039	1083.117
834	530.9448	1152.117
835	531.4856	1313.45
836	532.0262	1417.117
837	532.5667	1537.45
838	533.1069	1629.45
839	533.6471	1764.783
840	534.1871	1749.117
841	534.727	1661.783
842	535.2667	1765.117
843	535.8062	1892.45
844	536.3456	2021.783
845	536.8849	1989.117
846	537.424	2122.783
847	537.963	2220.783
848	538.5018	2429.45
849	539.0404	2515.783
850	539.5789	2668.783
851	540.1172	2802.116
852	540.6555	2915.116
853	541.1935	3002.116
854	541.7314	3103.116
855	542.2692	3236.783
856	542.8068	3342.116
857	543.3442	3335.783
858	543.8815	3444.116
859	544.4187	3522.783
860	544.9557	3648.116
861	545.4926	3866.45
862	546.0293	4078.117
863	546.5659	4169.45
864	547.1022	4124.45
865	547.6385	4120.45
866	548.1746	4227.45
867	548.7106	4357.117
868	549.2463	4422.784
869	549.782	4632.117
870	550.3175	4663.117
871	550.8528	4763.117
872	551.3881	4732.784
873	551.9232	4869.784
874	552.458	4966.784
875	552.9928	5039.784
876	553.5274	5052.117
877	554.0618	5050.784
878	554.5961	5136.45
879	555.1303	5131.45
880	555.6643	5131.784
881	556.1981	5021.117
882	556.7319	5091.784
883	557.2654	5034.117
884	557.7988	4932.45
885	558.332	5494.784
886	558.8652	5527.784
887	559.3981	5509.451
888	559.9309	4787.117
889	560.4636	4690.117
890	560.996	4755.45
891	561.5284	4689.117
892	562.0606	4608.784
893	562.5927	4417.784
894	563.1246	4401.45
895	563.6563	4365.117
896	564.1879	4335.117
897	564.7194	4297.784
898	565.2507	4234.784
899	565.7818	4138.117
900	566.3128	4099.784
901	566.8436	4030.45
902	567.3743	4258.45
903	567.9049	4155.45
904	568.4353	4112.784
905	568.9655	3742.116
906	569.4956	3648.45
907	570.0256	3689.783
908	570.5554	3623.45
909	571.085	3535.45
910	571.6145	3323.45
911	572.1439	3327.783
912	572.673	3244.783
913	573.2021	3174.116
914	573.731	3178.116
915	574.2597	3212.116
916	574.7883	3181.45
917	575.3167	3129.116
918	575.845	3051.783
919	576.3732	3046.116
920	576.9011	3054.45
921	577.429	3049.116
922	577.9567	3048.116
923	578.4842	2952.783
924	579.0116	2879.45
925	579.5388	2794.116
926	580.0659	2746.45
927	580.5928	2746.45
928	581.1196	2768.783
929	581.6463	2817.783
930	582.1727	2865.783
931	582.6991	2912.45
932	583.2253	3024.45
933	583.7513	3047.116
934	584.2772	3143.116
935	584.8029	3098.783
936	585.3285	3023.45
937	585.8539	2872.45
938	586.3792	2835.783
939	586.9044	2889.116
940	587.4293	3234.45
941	587.9542	3193.116
942	588.4788	3131.116
943	589.0034	2816.783
944	589.5277	2895.116
945	590.0519	2879.45
946	590.576	2821.783
947	591.1	2825.116
948	591.6237	2938.45
949	592.1473	3016.116
950	592.6708	2973.116
951	593.1942	2921.116
952	593.7173	2939.783
953	594.2404	2948.45
954	594.7632	3081.116
955	595.2859	3112.783
956	595.8085	3161.45
957	596.3309	3065.783
958	596.8531	3056.783
959	597.3753	3039.45
960	597.8973	3047.45
961	598.4191	2979.116
962	598.9407	2982.783
963	599.4622	3000.116
964	599.9836	3146.45
965	600.5048	3096.783
966	601.0259	3027.116
967	601.5468	2892.116
968	602.0676	3060.783
969	602.5881	3176.783
970	603.1086	3295.45
971	603.6289	3130.116
972	604.149	3169.783
973	604.6691	2998.783
974	605.1889	2990.783
975	605.7086	3226.116
976	606.2282	3243.783
977	606.7476	3184.783
978	607.2668	2783.45
979	607.7859	2703.45
980	608.3049	2673.116
981	608.8237	2673.783
982	609.3423	2704.45
983	609.8608	2669.783
984	610.3792	2603.783
985	610.8974	2543.116
986	611.4154	2487.45
987	611.9333	2399.45
988	612.451	2432.116
989	612.9686	2385.45
990	613.4861	2387.45
991	614.0034	2301.45
992	614.5205	2355.45
993	615.0375	2339.783
994	615.5543	2645.45
995	616.071	2597.45
996	616.5876	2722.783
997	617.1039	2322.783
998	617.6202	2218.783
999	618.1363	2006.783
1000	618.6522	2030.783
1001	619.168	2032.45
1002	619.6836	1923.117
1003	620.1991	1820.783
1004	620.7144	1857.117
1005	621.2296	1847.117
1006	621.7446	1796.45
1007	622.2595	1655.783
1008	622.7742	1684.45
1009	623.2888	1706.45
1010	623.8032	1724.117
1011	624.3175	2049.783
1012	624.8316	2028.45
1013	625.3456	2343.116
1014	625.8594	2029.783
1015	626.373	2059.116
1016	626.8865	1827.117
1017	627.3999	1759.117
1018	627.9131	1660.117
1019	628.4262	1620.117
1020	628.9391	1612.117
1021	629.4519	1705.117
1022	629.9645	1648.45
1023	630.4769	1620.117
1024	630.9893	1556.117
1025	631.5014	1531.117
1026	632.0134	1543.783
1027	632.5253	1584.783
1028	633.037	1503.117
1029	633.5485	1515.45
1030	634.0599	1449.783
1031	634.5712	1453.783
1032	635.0823	1452.783
1033	635.5932	1437.45
1034	636.104	1419.45
1035	636.6146	1327.117
1036	637.1251	1281.783
1037	637.6355	1362.45
1038	638.1457	1364.45
1039	638.6557	1363.783
1040	639.1656	1227.117
1041	639.6754	1330.117
1042	640.1849	1386.117
1043	640.6943	1431.45
1044	641.2036	1301.783
1045	641.7128	1168.783
1046	642.2217	1090.117
1047	642.7306	1017.783
1048	643.2393	1083.117
1049	643.7477	1638.45
1050	644.2562	1625.117
1051	644.7643	1516.117
1052	645.2725	1271.117
1053	645.7803	1303.45
1054	646.2881	1414.117
1055	646.7958	1075.783
1056	647.3032	1138.45
1057	647.8105	1081.117
1058	648.3177	1097.783
1059	648.8247	968.45
1060	649.3315	945.7833
1061	649.8383	942.45
1062	650.3448	959.7833
1063	650.8513	973.1166
1064	651.3575	938.1166
1065	651.8636	981.7833
1066	652.3696	962.7833
1067	652.8754	1064.117
1068	653.381	1054.117
1069	653.8865	1134.45
1070	654.3918	1078.783
1071	654.897	1047.783
1072	655.4021	910.1166
1073	655.907	794.7833
1074	656.4117	1138.783
1075	656.9163	1143.117
1076	657.4208	1227.117
1077	657.925	837.1166
1078	658.4292	846.7833
1079	658.9332	776.7833
1080	659.437	765.1166
1081	659.9407	719.45
1082	660.4442	799.45
1083	660.9476	773.1166
1084	661.4508	790.45
1085	661.9539	777.7833
1086	662.4568	850.45
1087	662.9596	813.7833
1088	663.4622	732.45
1089	663.9647	611.7833
1090	664.467	671.1166
1091	664.9692	691.7833
1092	665.4712	736.7833
1093	665.9731	626.1166
1094	666.4748	764.1166
1095	666.9763	811.45
1096	667.4777	837.1166
1097	667.979	623.45
1098	668.4801	549.45
1099	668.9811	567.45
1100	669.4819	660.45
1101	669.9825	695.1166
1102	670.483	640.7833
1103	670.9833	605.7833
1104	671.4836	506.1166
1105	671.9836	599.45
1106	672.4835	764.1166
1107	672.9832	861.45
1108	673.4828	749.45
1109	673.9822	551.7833
1110	674.4816	463.1166
1111	674.9807	505.7833
1112	675.4797	537.7833
1113	675.9785	579.7833
1114	676.4772	535.1166
1115	676.9757	508.45
1116	677.4741	471.1166
1117	677.9723	477.1166
1118	678.4704	406.45
1119	678.9683	364.7833
1120	679.4661	320.7833
1121	679.9637	395.1166
1122	680.4611	509.7833
1123	680.9584	567.7833
1124	681.4556	515.7833
1125	681.9526	414.7833
1126	682.4495	355.45
1127	682.9462	327.7833
1128	683.4427	360.7833
1129	683.9391	364.7833
1130	684.4354	382.45
1131	684.9315	385.45
1132	685.4274	322.7833
1133	685.9232	259.7833
1134	686.4189	572.1166
1135	686.9144	653.45
1136	687.4097	637.45
1137	687.9049	419.45
1138	688.4	428.7833
1139	688.8948	525.1166
1140	689.3896	378.45
1141	689.8842	388.45
1142	690.3786	404.7833
1143	690.8729	422.7833
1144	691.367	373.7833
1145	691.861	350.1166
1146	692.3548	385.45
1147	692.8484	423.45
1148	693.342	351.7833
1149	693.8353	229.7833
1150	694.3286	186.45
1151	694.8216	192.45
1152	695.3145	251.7833
1153	695.8073	331.1166
1154	696.2999	385.1166
1155	696.7924	457.1166
1156	697.2847	327.45
1157	697.7768	211.45
1158	698.2688	133.1166
1159	698.7606	194.45
1160	699.2523	231.7833
1161	699.7439	203.1166
1162	700.2353	180.45
1163	700.7265	154.7833
1164	701.2176	226.45
1165	701.7085	174.1166
1166	702.1993	229.7833
1167	702.6899	212.1166
1168	703.1804	231.1166
1169	703.6707	287.1166
1170	704.1609	185.7833
1171	704.6509	310.45
1172	705.1408	189.7833
1173	705.6305	201.45
1174	706.1201	47.11662
1175	706.6095	115.1166
1176	707.0988	135.45
1177	707.5879	150.45
1178	708.0768	225.1166
1179	708.5656	727.7833
1180	709.0543	739.7833
1181	709.5428	652.45
1182	710.0311	243.45
1183	710.5193	227.7833
1184	711.0074	201.1166
1185	711.4953	70.11662
1186	711.983	121.1166
1187	712.4706	127.7833
1188	712.9581	235.7833
1189	713.4453	264.45
1190	713.9324	210.45
1191	714.4194	134.45
1192	714.9063	275.7833
1193	715.3929	665.1166
1194	715.8795	711.45
1195	716.3658	495.45
1196	716.8521	102.7833
1197	717.3381	377.45
1198	717.824	449.1166
1199	718.3098	498.7833
1200	718.7954	205.1166
1201	719.2809	86.44995
1202	719.7662	6.449951
1203	720.2513	0.0001
1204	720.7363	37.78328
1205	721.2212	101.7833
1206	721.7059	14.11662
1207	722.1904	0.0001
1208	722.6748	0.0001
1209	723.1591	84.44995
1210	723.6431	229.1166
1211	724.1271	252.45
1212	724.6108	164.45
1213	725.0945	119.45
1214	725.5779	98.11662
1215	726.0613	147.45
1216	726.5444	142.45
1217	727.0275	111.45
1218	727.5103	33.78328
1219	727.993	0.0001
1220	728.4756	61.11662
1221	728.958	97.44995
1222	729.4403	179.7833
1223	729.9224	131.45
1224	730.4044	134.7833
1225	730.8862	56.78328
1226	731.3678	12.44995
1227	731.8493	10.11662
1228	732.3306	59.44995
1229	732.8118	66.11662
1230	733.2928	70.44995
1231	733.7737	0.0001
1232	734.2545	76.44995
1233	734.7351	23.78329
1234	735.2155	119.1166
1235	735.6958	65.11662
1236	736.1759	117.7833
1237	736.6559	42.44995
1238	737.1357	57.11662
1239	737.6154	25.11662
1240	738.0949	99.44995
1241	738.5742	8.449951
1242	739.0535	43.44995
1243	739.5325	0.0001
1244	740.0114	0.0001
1245	740.4902	0.0001
1246	740.9688	0.0001
1247	741.4472	24.44995
1248	741.9255	112.1166
1249	742.4036	79.11662
1250	742.8817	84.78329
1251	743.3595	0.0001
1252	743.8372	14.11662
1253	744.3147	6.116618
1254	744.7921	104.7833
1255	745.2693	94.44995
1256	745.7464	133.1166
1257	746.2233	0.0001
1258	746.7001	29.44995
1259	747.1767	340.1166
1260	747.6531	332.7833
1261	748.1295	345.1166
1262	748.6056	0.0001
1263	749.0816	0.0001
1264	749.5575	0.0001
1265	750.0332	2.783284
1266	750.5087	0.0001
1267	750.9841	0.0001
1268	751.4594	0.0001
1269	751.9344	0.0001
1270	752.4094	0.0001
1271	752.8842	0.0001
1272	753.3588	0.0001
1273	753.8333	0.0001
1274	754.3076	0.0001
1275	754.7818	0.0001
1276	755.2558	126.45
1277	755.7297	293.1166
1278	756.2034	485.7833
1279	756.6769	411.7833
1280	757.1503	205.7833
1281	757.6236	30.78329
1282	758.0967	0.0001
1283	758.5696	0.0001
1284	759.0425	0.0001
1285	759.5151	0.0001
1286	759.9876	332.45
1287	760.46	397.7833
1288	760.9321	435.7833
1289	761.4042	32.78328
1290	761.876	0.0001
1291	762.3478	1.449951
1292	762.8193	29.11662
1293	763.2908	63.78328
1294	763.762	0.0001
1295	764.2332	0.0001
1296	764.7042	0.0001
1297	765.1749	0.0001
1298	765.6456	0.0001
1299	766.1161	0.0001
1300	766.5865	0.0001
1301	767.0566	0.0001
1302	767.5267	12.11662
1303	767.9966	35.11662
1304	768.4664	6.449951
1305	768.9359	20.78329
1306	769.4054	0.0001
1307	769.8746	0.0001
1308	770.3438	0.0001
1309	770.8127	0.0001
1310	771.2816	0.0001
1311	771.7502	7.783285
1312	772.2188	203.1166
1313	772.6871	127.7833
1314	773.1553	189.7833
1315	773.6234	91.44995
1316	774.0913	109.45
1317	774.5591	33.78328
1318	775.0267	0.0001
1319	775.4941	0.0001
1320	775.9614	0.0001
1321	776.4286	0.0001
1322	776.8956	0.0001
1323	777.3624	0.0001
1324	777.829	0.0001
1325	778.2956	2.116618
1326	778.762	0.0001
1327	779.2282	0.0001
1328	779.6943	0.0001
1329	780.1602	0.0001
1330	780.626	69.11662
1331	781.0916	73.11662
1332	781.557	50.44995
1333	782.0223	874.45
1334	782.4875	829.7833
1335	782.9525	935.7833
1336	783.4173	53.11662
1337	783.882	5.116618
1338	784.3466	0.0001
1339	784.8109	0.0001
1340	785.2751	0.0001
1341	785.7393	0.0001
1342	786.2032	0.0001
1343	786.6669	0.0001
1344	787.1306	0.0001
1345	787.5941	0.0001
1346	788.0574	0.0001
1347	788.5205	0.0001
1348	788.9835	202.1166
1349	789.4464	245.1166
1350	789.9091	319.1166
1351	790.3716	71.44995
1352	790.834	78.78329
1353	791.2963	6.449951
1354	791.7584	0.0001
1355	792.2203	0.0001
1356	792.6821	0.0001
1357	793.1437	0.0001
1358	793.6052	0.0001
1359	794.0665	381.45
1360	794.5276	396.1166
1361	794.9887	349.1166
1362	795.4495	0.0001
1363	795.9103	0.0001
1364	796.3708	0.0001
1365	796.8312	0.0001
1366	797.2914	0.0001
1367	797.7515	0.0001
1368	798.2115	0.0001
1369	798.6713	0.0001
1370	799.1309	0.0001
1371	799.5904	0.0001
1372	800.0497	0.0001
1373	800.5089	0.0001
1374	800.968	0.0001
1375	801.4268	2.449951
1376	801.8855	21.44995
1377	802.3441	0.0001
1378	802.8025	0.0001
1379	803.2607	0.0001
1380	803.7189	0.0001
1381	804.1768	0.0001
1382	804.6346	0.0001
1383	805.0922	0.0001
1384	805.5497	0.0001
1385	806.0071	0.0001
1386	806.4642	0.0001
1387	806.9213	0.0001
1388	807.3782	0.0001
1389	807.8349	0.0001
1390	808.2914	0.0001
1391	808.7479	0.0001
1392	809.2041	0.0001
1393	809.6602	0.0001
1394	810.1161	0.0001
1395	810.572	0.0001
1396	811.0276	0.0001
1397	811.4831	29.78329
1398	811.9385	0.0001
1399	812.3937	0.0001
1400	812.8487	0.0001
1401	813.3036	0.0001
1402	813.7583	0.0001
1403	814.2128	0.0001
1404	814.6673	0.0001
1405	815.1215	0.0001
1406	815.5757	0.0001
1407	816.0296	0.0001
1408	816.4834	0.0001
1409	816.9371	0.0001
1410	817.3906	0.0001
1411	817.8439	54.44995
1412	818.2971	130.45
1413	818.7501	55.78328
1414	819.203	102.1166
1415	819.6558	27.78329
1416	820.1083	0.0001
1417	820.5607	0.0001
1418	821.013	0.0001
1419	821.4651	0.0001
1420	821.9171	0.0001
1421	822.3689	0.0001
1422	822.8206	3.449951
1423	823.2721	123.1166
1424	823.7234	163.45
1425	824.1746	92.11662
1426	824.6257	41.78328
1427	825.0765	79.78329
1428	825.5273	11.78328
1429	825.9778	0.0001
1430	826.4283	0.0001
1431	826.8785	0.0001
1432	827.3287	0.0001
1433	827.7786	0.0001
1434	828.2285	0.0001
1435	828.6781	0.0001
1436	829.1276	0.0001
1437	829.577	0.0001
1438	830.0261	0.0001
1439	830.4752	0.0001
1440	830.9241	0.0001
1441	831.3728	79.11662
1442	831.8214	291.45
1443	832.2698	299.1166
1444	832.7181	206.1166
1445	833.1662	46.78328
1446	833.6141	47.78328
1447	834.062	0.0001
1448	834.5096	0.0001
1449	834.9572	0.0001
1450	835.4045	147.1166
1451	835.8517	266.1166
1452	836.2987	319.7833
1453	836.7456	81.11662
1454	837.1923	12.44995
1455	837.6389	0.0001
1456	838.0853	0.0001
1457	838.5316	0.0001
1458	838.9777	0.0001
1459	839.4237	40.78328
1460	839.8695	70.11662
1461	840.3152	46.44995
1462	840.7607	0.0001
1463	841.206	0.0001
1464	841.6512	145.1166
1465	842.0963	171.7833
1466	842.5411	272.1166
1467	842.9859	56.44995
1468	843.4305	43.44995
1469	843.8749	0.0001
1470	844.3192	0.0001
1471	844.7632	0.0001
1472	845.2072	0.0001
1473	845.6511	0.0001
1474	846.0947	0.0001
1475	846.5382	0.0001
1476	846.9816	0.0001
1477	847.4247	0.0001
1478	847.8678	0.0001
1479	848.3107	0.0001
1480	848.7534	0.0001
1481	849.196	0.0001
1482	849.6384	0.0001
1483	850.0807	0.0001
1484	850.5228	0.0001
1485	850.9647	127.7833
1486	851.4066	63.44995
1487	851.8482	31.78329
1488	852.2897	0.0001
1489	852.7311	0.0001
1490	853.1722	28.78329
1491	853.6133	0.0001
1492	854.0541	0.0001
1493	854.4949	0.0001
1494	854.9355	0.0001
1495	855.3759	0.0001
1496	855.8162	0.0001
1497	856.2563	0.0001
1498	856.6962	15.11662
1499	857.136	0.0001
1500	857.5757	153.7833
1501	858.0152	72.11662
1502	858.4545	122.45
1503	858.8937	0.0001
1504	859.3328	0.0001
1505	859.7716	0.0001
1506	860.2103	0.0001
1507	860.6489	86.78329
1508	861.0873	123.7833
1509	861.5256	12.11662
1510	861.9637	0.0001
1511	862.4017	0.0001
1512	862.8395	0.0001
1513	863.2771	0.0001
1514	863.7146	0.0001
1515	864.1519	0.0001
1516	864.5891	0.0001
1517	865.0261	0.0001
1518	865.463	95.44995
1519	865.8997	0.0001
1520	866.3363	0.0001
1521	866.7727	0.0001
1522	867.209	0.0001
1523	867.6451	0.0001
1524	868.081	0.0001
1525	868.5168	0.0001
1526	868.9525	0.0001
1527	869.3879	0.0001
1528	869.8232	0.0001
1529	870.2584	0.0001
1530	870.6935	0.0001
1531	871.1284	0.0001
1532	871.563	0.0001
1533	871.9976	0.0001
1534	872.432	0.0001
1535	872.8663	0.0001
1536	873.3004	37.44995
1537	873.7343	69.78329
1538	874.1681	54.11662
1539	874.6017	0.0001
1540	875.0352	0.0001
1541	875.4685	0.0001
1542	875.9017	0.0001
1543	876.3347	0.0001
1544	876.7676	0.0001
1545	877.2003	0.0001
1546	877.6328	0.0001
1547	878.0652	0.0001
1548	878.4974	109.45
1549	878.9296	74.11662
1550	879.3615	144.45
1551	879.7933	71.11662
1552	880.2249	188.7833
1553	880.6564	125.7833
1554	881.0877	18.44995
1555	881.5189	0.0001
1556	881.9498	0.0001
1557	882.3807	0.0001
1558	882.8114	0.0001
1559	883.2419	0.0001
1560	883.6723	211.45
1561	884.1025	197.1166
1562	884.5327	207.45
1563	884.9626	0.0001
1564	885.3923	61.44995
1565	885.822	95.11662
1566	886.2514	12.78328
1567	886.6807	0.0001
1568	887.1099	0.0001
1569	887.5389	0.0001
1570	887.9677	0.0001
1571	888.3964	0.0001
1572	888.825	0.0001
1573	889.2533	109.7833
1574	889.6815	93.78329
1575	890.1096	85.78329
1576	890.5375	0.0001
1577	890.9653	0.0001
1578	891.3929	0.0001
1579	891.8204	43.11662
1580	892.2477	0.0001
1581	892.6748	0.0001
1582	893.1018	166.7833
1583	893.5286	201.7833
1584	893.9553	264.45
1585	894.3818	0.0001
1586	894.8082	0.0001
1587	895.2344	0.0001
1588	895.6605	0.0001
1589	896.0864	0.0001
1590	896.5121	0.0001
1591	896.9377	12.78328
1592	897.3632	357.1166
1593	897.7885	792.45
1594	898.2136	749.7833
1595	898.6385	385.1166
1596	899.0634	0.0001
1597	899.488	0.0001
1598	899.9125	0.0001
1599	900.3369	0.0001
1600	900.7611	0.0001
1601	901.1852	0.0001
1602	901.6091	0.0001
1603	902.0328	0.0001
1604	902.4564	0.0001
1605	902.8798	0.0001
1606	903.303	0.0001
1607	903.7262	0.0001
1608	904.1492	0.0001
1609	904.572	0.0001
1610	904.9946	0.0001
1611	905.4171	0.0001
1612	905.8395	27.11662
1613	906.2617	0.0001
1614	906.6837	0.0001
1615	907.1056	0.0001
1616	907.5273	4.449951
1617	907.9489	0.0001
1618	908.3703	0.0001
1619	908.7915	0.0001
1620	909.2126	0.0001
1621	909.6336	0.0001
1622	910.0544	0.0001
1623	910.475	0.0001
1624	910.8955	0.0001
1625	911.3159	0.0001
1626	911.736	0.0001
1627	912.1561	0.0001
1628	912.5759	0.0001
1629	912.9956	64.44995
1630	913.4152	35.78328
1631	913.8346	35.78328
1632	914.2538	0.0001
1633	914.6729	0.0001
1634	915.0919	0.0001
1635	915.5106	0.0001
1636	915.9293	0.0001
1637	916.3477	0.0001
1638	916.7661	0.0001
1639	917.1842	0.0001
1640	917.6022	0.0001
1641	918.0201	0.0001
1642	918.4377	0.0001
1643	918.8553	0.0001
1644	919.2727	0.0001
1645	919.6899	0.0001
1646	920.107	0.0001
1647	920.5239	28.78329
1648	920.9407	0.0001
1649	921.3573	0.0001
1650	921.7737	0.0001
1651	922.19	0.0001
1652	922.6062	0.0001
1653	923.0222	0.0001
1654	923.438	0.0001
1655	923.8537	0.0001
1656	924.2692	0.0001
1657	924.6846	0.0001
1658	925.0998	0.0001
1659	925.5148	108.1166
1660	925.9297	108.1166
1661	926.3445	108.1166
1662	926.7591	0.0001
1663	927.1735	0.0001
1664	927.5878	0.0001
1665	928.002	0.0001
1666	928.4159	0.0001
1667	928.8297	0.0001
1668	929.2434	94.78329
1669	929.6569	68.78329
1670	930.0703	378.7833
1671	930.4835	219.7833
1672	930.8965	251.7833
1673	931.3094	0.0001
1674	931.7221	0.0001
1675	932.1347	0.0001
1676	932.5471	0.0001
1677	932.9594	0.0001
1678	933.3715	0.0001
1679	933.7834	0.0001
1680	934.1953	0.0001
1681	934.6069	0.0001
1682	935.0184	10.44995
1683	935.4297	15.44995
1684	935.8409	0.0001
1685	936.2519	0.0001
1686	936.6628	0.0001
1687	937.0735	0.0001
1688	937.484	0.0001
1689	937.8944	0.0001
1690	938.3047	0.0001
1691	938.7148	0.0001
1692	939.1247	0.0001
1693	939.5345	224.7833
1694	939.9441	352.7833
1695	940.3536	338.1166
1696	940.7629	73.11662
1697	941.1721	54.44995
1698	941.5811	95.44995
1699	941.9899	21.44995
1700	942.3986	0.0001
1701	942.8071	0.0001
1702	943.2155	90.44995
1703	943.6237	137.1166
1704	944.0318	134.7833
1705	944.4397	0.0001
1706	944.8475	0.0001
1707	945.2551	0.0001
1708	945.6625	0.0001
1709	946.0698	0.0001
1710	946.4769	0.0001
1711	946.8839	0.0001
1712	947.2908	0.0001
1713	947.6974	0.0001
1714	948.1039	0.0001
1715	948.5103	0.0001
1716	948.9165	21.78329
1717	949.3226	80.78329
1718	949.7285	15.44995
1719	950.1342	0.0001
1720	950.5397	0.0001
1721	950.9452	0.0001
1722	951.3505	9.783284
1723	951.7556	28.78329
1724	952.1605	85.11662
1725	952.5653	0.0001
1726	952.97	0.0001
1727	953.3745	0.0001
1728	953.7788	0.0001
1729	954.183	0.0001
1730	954.587	0.0001
1731	954.9909	0.0001
1732	955.3946	0.0001
1733	955.7982	0.0001
1734	956.2015	0.0001
1735	956.6048	0.0001
1736	957.0079	0.0001
1737	957.4108	0.0001
1738	957.8136	128.1166
1739	958.2162	0.0001
1740	958.6187	0.0001
1741	959.0211	0.0001
1742	959.4232	0.0001
1743	959.8252	171.1166
1744	960.2271	247.45
1745	960.6287	219.7833
1746	961.0303	0.0001
1747	961.4316	0.0001
1748	961.8329	0.0001
1749	962.2339	0.0001
1750	962.6348	0.0001
1751	963.0356	0.0001
1752	963.4362	0.0001
1753	963.8367	0.0001
1754	964.2369	0.0001
1755	964.6371	0.0001
1756	965.037	0.0001
1757	965.4369	72.44995
1758	965.8365	90.11662
1759	966.236	0.0001
1760	966.6354	0.0001
1761	967.0346	0.0001
1762	967.4337	0.0001
1763	967.8325	0.0001
1764	968.2313	0.0001
1765	968.6298	0.0001
1766	969.0283	0.0001
1767	969.4265	35.78328
1768	969.8246	0.0001
1769	970.2226	0.0001
1770	970.6204	0.0001
1771	971.018	0.0001
1772	971.4155	0.0001
1773	971.8128	58.78328
1774	972.21	2.449951
1775	972.607	0.0001
1776	973.0039	0.0001
1777	973.4006	0.0001
1778	973.7971	0.0001
1779	974.1935	483.1166
1780	974.5898	574.1166
1781	974.9858	432.1166
1782	975.3818	45.78328
1783	975.7775	22.78329
1784	976.1732	26.44995
1785	976.5686	0.0001
1786	976.9639	44.11662
1787	977.3591	30.78329
1788	977.754	1.449951
1789	978.1489	0.0001
1790	978.5436	0.0001
1791	978.938	43.11662
1792	979.3325	103.1166
1793	979.7266	52.44995
1794	980.1207	127.1166
1795	980.5146	17.78329
1796	980.9083	16.78329
1797	981.3019	0.0001
1798	981.6954	0.0001
1799	982.0886	0.0001
1800	982.4818	13.11662
1801	982.8747	0.0001
1802	983.2675	0.0001
1803	983.6602	0.0001
1804	984.0527	0.0001
1805	984.445	0.0001
1806	984.8372	0.0001
1807	985.2292	0.0001
1808	985.621	0.0001
1809	986.0128	0.0001
1810	986.4044	10.44995
1811	986.7957	0.0001
1812	987.187	0.0001
1813	987.5781	0.0001
1814	987.969	0.0001
1815	988.3597	103.45
1816	988.7504	184.45
1817	989.1409	77.44995
1818	989.5311	3.783284
1819	989.9213	0.0001
1820	990.3113	37.78328
1821	990.7011	43.11662
1822	991.0908	0.0001
1823	991.4803	0.0001
1824	991.8697	0.0001
1825	992.2589	0.0001
1826	992.648	73.11662
1827	993.0369	132.1166
1828	993.4257	112.7833
1829	993.8142	0.0001
1830	994.2026	52.44995
1831	994.5909	49.44995
1832	994.9791	188.1166
1833	995.367	0.0001
1834	995.7548	0.0001
1835	996.1425	0.0001
1836	996.53	0.0001
1837	996.9173	0.0001
1838	997.3045	0.0001
1839	997.6915	0.0001
1840	998.0784	0.0001
1841	998.4651	0.0001
1842	998.8516	137.1166
1843	999.238	127.45
1844	999.6243	81.78329
1845	1000.01	53.44995
1846	1000.396	83.11662
1847	1000.782	0.0001
1848	1001.168	0.0001
1849	1001.553	308.45
1850	1001.938	359.1166
1851	1002.324	369.7833
1852	1002.709	0.0001
1853	1003.093	0.0001
1854	1003.478	0.0001
1855	1003.863	0.0001
1856	1004.247	0.0001
1857	1004.631	0.0001
1858	1005.015	0.0001
1859	1005.399	0.0001
1860	1005.783	0.0001
1861	1006.167	0.0001
1862	1006.55	0.0001
1863	1006.933	0.0001
1864	1007.316	0.0001
1865	1007.699	0.0001
1866	1008.082	7.449951
1867	1008.465	0.0001
1868	1008.847	0.0001
1869	1009.23	0.0001
1870	1009.612	0.0001
1871	1009.994	0.0001
1872	1010.376	0.0001
1873	1010.757	0.0001
1874	1011.139	0.0001
1875	1011.52	0.0001
1876	1011.901	0.0001
1877	1012.283	0.0001
1878	1012.664	0.0001
1879	1013.044	0.0001
1880	1013.425	0.0001
1881	1013.805	0.0001
1882	1014.186	0.0001
1883	1014.566	0.0001
1884	1014.946	0.0001
1885	1015.326	0.0001
1886	1015.705	0.0001
1887	1016.085	0.0001
1888	1016.464	15.11662
1889	1016.843	7.449951
1890	1017.222	0.0001
1891	1017.601	0.0001
1892	1017.98	0.0001
1893	1018.359	0.0001
1894	1018.737	0.0001
1895	1019.115	0.0001
1896	1019.493	0.0001
1897	1019.871	0.0001
1898	1020.249	0.0001
1899	1020.627	0.0001
1900	1021.004	0.0001
1901	1021.382	0.0001
1902	1021.759	0.0001
1903	1022.136	0.0001
1904	1022.513	0.0001
1905	1022.889	0.0001
1906	1023.266	0.0001
1907	1023.642	0.0001
1908	1024.018	0.0001
1909	1024.395	0.0001
1910	1024.77	60.44995
1911	1025.146	22.11662
1912	1025.522	9.783284
1913	1025.897	0.0001
1914	1026.272	0.0001
1915	1026.648	0.0001
1916	1027.023	0.0001
1917	1027.397	0.0001
1918	1027.772	0.0001
1919	1028.146	0.0001
1920	1028.521	0.0001
1921	1028.895	0.0001
1922	1029.269	0.0001
1923	1029.643	0.0001
1924	1030.017	0.0001
1925	1030.39	0.0001
1926	1030.764	0.0001
1927	1031.137	0.0001
1928	1031.51	0.0001
1929	1031.883	0.0001
1930	1032.256	348.45
1931	1032.628	593.7833
1932	1033.001	468.1166
1933	1033.373	137.7833
1934	1033.745	0.0001
1935	1034.117	0.0001
1936	1034.489	0.0001
1937	1034.861	0.0001
1938	1035.232	0.0001
1939	1035.604	28.11662
1940	1035.975	0.0001
1941	1036.346	0.0001
1942	1036.717	0.0001
1943	1037.088	237.45
1944	1037.458	213.7833
1945	1037.828	226.45
1946	1038.199	0.0001
1947	1038.569	0.0001
1948	1038.939	0.0001
1949	1039.309	0.0001
1950	1039.678	0.0001
1951	1040.048	0.0001
1952	1040.417	0.0001
1953	1040.786	0.0001
1954	1041.155	0.0001
1955	1041.524	0.0001
1956	1041.893	0.0001
1957	1042.261	0.0001
1958	1042.63	0.0001
1959	1042.998	0.0001
1960	1043.366	7.449951
1961	1043.734	12.11662
1962	1044.102	0.0001
1963	1044.469	0.0001
1964	1044.837	0.0001
1965	1045.204	0.0001
1966	1045.571	0.0001
1967	1045.938	0.0001
1968	1046.305	0.0001
1969	1046.672	0.0001
1970	1047.038	0.0001
1971	1047.404	0.0001
1972	1047.771	0.0001
1973	1048.136	0.0001
1974	1048.502	38.78328
1975	1048.868	68.11662
1976	1049.234	47.44995
1977	1049.599	0.0001
1978	1049.964	0.0001
1979	1050.329	0.0001
1980	1050.694	13.44995
1981	1051.059	107.45
1982	1051.424	196.1166
1983	1051.788	0.0001
1984	1052.152	0.0001
1985	1052.516	0.0001
1986	1052.88	56.44995
1987	1053.244	35.44995
1988	1053.608	56.44995
1989	1053.971	92.44995
1990	1054.335	108.1166
1991	1054.698	229.7833
1992	1055.061	55.11662
1993	1055.424	26.11662
1994	1055.787	26.11662
1995	1056.149	64.44995
1996	1056.512	160.45
1997	1056.874	0.0001
1998	1057.236	0.0001
1999	1057.598	0.0001
2000	1057.96	0.0001
2001	1058.321	0.0001
2002	1058.683	0.0001
2003	1059.044	0.0001
2004	1059.405	14.78328
2005	1059.766	61.78328
2006	1060.127	26.11662
2007	1060.488	0.0001
2008	1060.848	0.0001
2009	1061.209	0.0001
2010	1061.569	16.44995
2011	1061.929	104.7833
2012	1062.289	45.44995
2013	1062.648	0.0001
2014	1063.008	41.11662
2015	1063.367	536.7833
2016	1063.727	615.1166
2017	1064.086	460.45
2018	1064.445	35.44995
2019	1064.804	0.0001
2020	1065.162	0.0001
2021	1065.521	194.1166
2022	1065.879	264.7833
2023	1066.237	290.1166
2024	1066.595	0.0001
2025	1066.953	0.0001
2026	1067.311	0.0001
2027	1067.668	0.0001
2028	1068.026	0.0001
2029	1068.383	0.0001
2030	1068.74	0.0001
2031	1069.097	0.0001
2032	1069.453	0.0001
2033	1069.81	1.116618
2034	1070.166	79.44995
2035	1070.523	8.783284
2036	1070.879	0.0001
2037	1071.235	0.0001
2038	1071.591	0.0001
2039	1071.946	25.44995
2040	1072.302	80.78329
2041	1072.657	134.7833
2042	1073.012	11.44995
2043	1073.367	35.44995
2044	1073.722	0.0001
2045	1074.077	0.0001
2046	1074.431	0.0001
2047	1074.786	0.0001
