0	28.36968	445.4
1	29.03326	244.8666
2	29.69669	0.0001
3	30.35998	0.0001
4	31.02312	0.0001
5	31.68612	0.0001
6	32.34897	0.0001
7	33.01168	0.0001
8	33.67424	0.0001
9	34.33666	0.0001
10	34.99894	0.0001
11	35.66106	0.0001
12	36.32305	0.0001
13	36.98489	0.0001
14	37.64658	0.0001
15	38.30814	1019.133
16	38.96954	1177.8
17	39.6308	1169.466
18	40.29192	0.0001
19	40.95289	0.0001
20	41.61372	0.0001
21	42.2744	0.0001
22	42.93494	2.13326
23	43.59533	44.79993
24	44.25558	0.0001
25	44.91568	752.1332
26	45.57564	721.1331
27	46.23545	723.7998
28	46.89512	0.0001
29	47.55465	0.0001
30	48.21402	0.0001
31	48.87326	78.79993
32	49.53235	0.0001
33	50.1913	51.13326
34	50.85009	0.0001
35	51.50875	0.0001
36	52.16726	0.0001
37	52.82563	0.0001
38	53.48384	5.799927
39	54.14192	82.13326
40	54.79985	51.46659
41	55.45764	7.466593
42	56.11528	0.0001
43	56.77278	0.0001
44	57.43013	0.0001
45	58.08733	0.0001
46	58.7444	182.4666
47	59.40131	203.7999
48	60.05809	570.4666
49	60.71471	254.1333
50	61.3712	255.4666
51	62.02753	0.0001
52	62.68372	0.0001
53	63.33977	0.0001
54	63.99567	28.46659
55	64.65143	109.4666
56	65.30704	77.79993
57	65.96251	169.4666
58	66.61784	189.4666
59	67.27301	175.1333
60	67.92805	0.0001
61	68.58293	71.13326
62	69.23768	125.4666
63	69.89227	157.4666
64	70.54672	0.0001
65	71.20103	0.0001
66	71.85519	0.0001
67	72.50922	23.79993
68	73.16309	11.13326
69	73.81681	0.0001
70	74.4704	0.0001
71	75.12383	12.79993
72	75.77712	18.13326
73	76.43027	17.79993
74	77.08327	0.0001
75	77.73613	0.0001
76	78.38884	0.0001
77	79.04141	1.13326
78	79.69383	30.46659
79	80.34611	26.13326
80	80.99824	0.0001
81	81.65022	0.7999268
82	82.30207	100.1333
83	82.95377	233.1333
84	83.60532	213.1333
85	84.25672	112.1333
86	84.90798	0.0001
87	85.5591	0.0001
88	86.21007	0.0001
89	86.86089	7.13326
90	87.51157	95.46659
91	88.16211	43.13326
92	88.8125	0.0001
93	89.46274	0.0001
94	90.11284	0.0001
95	90.76279	0.0001
96	91.41261	29.79993
97	92.06227	16.46659
98	92.71178	32.46659
99	93.36116	0.0001
100	94.01038	0.0001
101	94.65947	0.0001
102	95.30841	0.0001
103	95.9572	0.0001
104	96.60584	0.0001
105	97.25435	0.0001
106	97.9027	0.0001
107	98.55092	0.0001
108	99.19898	0.0001
109	99.8469	0.0001
110	100.4947	0.0001
111	101.1423	534.7999
112	101.7898	560.7999
113	102.4371	533.1332
114	103.0843	35.79993
115	103.7314	9.799927
116	104.3783	39.13326
117	105.025	0.0001
118	105.6716	0.0001
119	106.3181	0.0001
120	106.9644	0.0001
121	107.6106	0.0001
122	108.2566	0.0001
123	108.9025	0.0001
124	109.5483	0.0001
125	110.1939	0.0001
126	110.8393	310.7999
127	111.4846	169.4666
128	112.1298	462.7999
129	112.7748	170.7999
130	113.4197	396.1333
131	114.0644	114.7999
132	114.709	109.4666
133	115.3534	4.466593
134	115.9977	0.0001
135	116.6418	0.0001
136	117.2858	0.0001
137	117.9297	0.0001
138	118.5734	0.0001
139	119.2169	0.0001
140	119.8603	0.0001
141	120.5036	0.0001
142	121.1467	0.0001
143	121.7897	0.0001
144	122.4325	0.0001
145	123.0752	0.0001
146	123.7178	0.0001
147	124.3602	0.0001
148	125.0024	0.0001
149	125.6445	0.0001
150	126.2865	0.0001
151	126.9283	0.0001
152	127.5699	0.0001
153	128.2115	0.0001
154	128.8528	0.0001
155	129.4941	0.0001
156	130.1351	93.79993
157	130.7761	146.7999
158	131.4169	500.1333
159	132.0575	385.4666
160	132.698	315.4666
161	133.3384	0.0001
162	133.9786	0.0001
163	134.6187	0.0001
164	135.2586	0.0001
165	135.8984	0.0001
166	136.538	0.0001
167	137.1775	0.0001
168	137.8168	15.46659
169	138.456	0.0001
170	139.095	0.0001
171	139.7339	0.0001
172	140.3727	0.0001
173	141.0113	0.0001
174	141.6498	0.0001
175	142.2881	0.0001
176	142.9263	59.79993
177	143.5643	111.7999
178	144.2022	116.1333
179	144.8399	111.4666
180	145.4775	109.4666
181	146.1149	51.46659
182	146.7522	0.0001
183	147.3894	0.0001
184	148.0264	0.0001
185	148.6632	0.0001
186	149.3	0.0001
187	149.9365	0.0001
188	150.5729	0.0001
189	151.2092	0.0001
190	151.8454	0.0001
191	152.4813	48.13326
192	153.1172	141.1333
193	153.7529	52.46659
194	154.3884	132.7999
195	155.0238	41.13326
196	155.6591	0.0001
197	156.2942	0.0001
198	156.9291	0.0001
199	157.564	0.7999268
200	158.1986	27.13326
201	158.8332	0.0001
202	159.4675	0.0001
203	160.1018	0.0001
204	160.7359	0.0001
205	161.3698	12.13326
206	162.0036	0.0001
207	162.6373	16.79993
208	163.2708	0.0001
209	163.9041	47.79993
210	164.5373	0.0001
211	165.1704	0.0001
212	165.8033	0.0001
213	166.4361	0.0001
214	167.0687	0.0001
215	167.7012	0.0001
216	168.3335	0.0001
217	168.9657	0.0001
218	169.5978	0.0001
219	170.2297	0.0001
220	170.8614	0.0001
221	171.493	0.0001
222	172.1245	0.0001
223	172.7558	0.0001
224	173.387	22.79993
225	174.018	63.79993
226	174.6489	0.0001
227	175.2796	0.0001
228	175.9102	0.0001
229	176.5406	5.799927
230	177.1709	41.79993
231	177.8011	0.0001
232	178.4311	0.0001
233	179.0609	0.0001
234	179.6906	0.0001
235	180.3202	43.13326
236	180.9496	26.79993
237	181.5789	0.0001
238	182.208	0.0001
239	182.837	0.0001
240	183.4658	0.0001
241	184.0945	0.0001
242	184.723	0.0001
243	185.3514	0.0001
244	185.9797	0.0001
245	186.6078	0.0001
246	187.2357	0.0001
247	187.8635	0.0001
248	188.4912	0.0001
249	189.1187	0.0001
250	189.7461	0.0001
251	190.3733	0.0001
252	191.0004	0.0001
253	191.6273	0.0001
254	192.2541	0.0001
255	192.8808	11.46659
256	193.5072	16.13326
257	194.1336	0.0001
258	194.7598	0.0001
259	195.3858	71.79993
260	196.0117	30.46659
261	196.6375	50.46659
262	197.2631	183.1333
263	197.8886	204.7999
264	198.5139	254.7999
265	199.1391	22.79993
266	199.7641	0.0001
267	200.389	454.1333
268	201.0137	423.7999
269	201.6383	410.7999
270	202.2628	0.0001
271	202.8871	0.0001
272	203.5112	0.0001
273	204.1352	0.0001
274	204.7591	0.0001
275	205.3828	0.0001
276	206.0064	1.799927
277	206.6298	0.0001
278	207.2531	0.0001
279	207.8762	0.0001
280	208.4992	0.0001
281	209.122	31.79993
282	209.7447	0.0001
283	210.3672	11.13326
284	210.9896	0.0001
285	211.6119	19.46659
286	212.234	0.0001
287	212.8559	0.0001
288	213.4778	0.0001
289	214.0994	0.0001
290	214.7209	0.0001
291	215.3423	0.0001
292	215.9635	0.0001
293	216.5846	0.0001
294	217.2055	112.4666
295	217.8263	108.4666
296	218.447	334.1333
297	219.0675	116.4666
298	219.6878	223.1333
299	220.308	142.7999
300	220.9281	354.7999
301	221.548	260.7999
302	222.1677	141.1333
303	222.7873	0.0001
304	223.4068	0.0001
305	224.0261	0.0001
306	224.6453	0.0001
307	225.2643	0.0001
308	225.8832	0.0001
309	226.5019	59.13326
310	227.1205	95.13326
311	227.739	67.79993
312	228.3573	25.46659
313	228.9754	40.79993
314	229.5934	4.799927
315	230.2112	0.0001
316	230.8289	0.0001
317	231.4465	0.0001
318	232.0639	0.0001
319	232.6812	0.0001
320	233.2983	0.0001
321	233.9153	17.13326
322	234.5321	27.13326
323	235.1488	264.7999
324	235.7653	225.7999
325	236.3817	126.1333
326	236.998	0.0001
327	237.6141	0.0001
328	238.23	0.0001
329	238.8458	9.466594
330	239.4615	15.46659
331	240.077	19.13326
332	240.6923	0.0001
333	241.3075	0.0001
334	241.9226	0.0001
335	242.5375	0.0001
336	243.1523	0.0001
337	243.7669	0.0001
338	244.3814	0.0001
339	244.9957	0.0001
340	245.6099	0.0001
341	246.224	0.0001
342	246.8379	0.0001
343	247.4516	0.0001
344	248.0652	0.0001
345	248.6786	0.0001
346	249.292	0.0001
347	249.9051	0.0001
348	250.5181	0.0001
349	251.131	0.0001
350	251.7437	0.0001
351	252.3563	0.0001
352	252.9687	0.0001
353	253.581	0.0001
354	254.1931	0.0001
355	254.8051	0.0001
356	255.4169	0.0001
357	256.0286	0.0001
358	256.6402	140.4666
359	257.2516	110.4666
360	257.8628	226.1333
361	258.4739	0.0001
362	259.0849	1.799927
363	259.6957	378.4666
364	260.3063	409.1333
365	260.9169	403.7999
366	261.5272	0.0001
367	262.1375	0.0001
368	262.7475	0.0001
369	263.3575	0.0001
370	263.9672	0.0001
371	264.5769	61.13326
372	265.1864	22.13326
373	265.7957	31.79993
374	266.4049	0.0001
375	267.0139	0.0001
376	267.6228	0.0001
377	268.2316	184.1333
378	268.8402	498.7999
379	269.4486	502.1333
380	270.0569	256.7999
381	270.6651	26.79993
382	271.2731	56.79993
383	271.881	0.0001
384	272.4887	0.0001
385	273.0963	0.0001
386	273.7037	0.0001
387	274.311	0.0001
388	274.9182	17.13326
389	275.5251	77.46659
390	276.132	0.0001
391	276.7387	0.0001
392	277.3452	0.0001
393	277.9516	0.0001
394	278.5579	0.0001
395	279.164	0.0001
396	279.7699	0.0001
397	280.3757	42.79993
398	280.9814	92.13326
399	281.5869	5.799927
400	282.1923	19.46659
401	282.7975	0.0001
402	283.4026	0.0001
403	284.0075	0.0001
404	284.6123	0.0001
405	285.2169	0.0001
406	285.8214	180.4666
407	286.4258	519.4666
408	287.0299	937.8
409	287.634	711.8
410	288.2379	497.1333
411	288.8416	20.46659
412	289.4452	0.0001
413	290.0487	0.0001
414	290.652	0.0001
415	291.2552	0.0001
416	291.8582	0.0001
417	292.461	0.0001
418	293.0638	0.0001
419	293.6663	0.0001
420	294.2687	101.7999
421	294.871	174.1333
422	295.4731	154.4666
423	296.0751	26.13326
424	296.677	0.4665934
425	297.2787	19.13326
426	297.8802	0.0001
427	298.4816	0.1332601
428	299.0828	150.7999
429	299.6839	106.7999
430	300.2849	0.0001
431	300.8857	0.0001
432	301.4864	0.0001
433	302.0869	0.0001
434	302.6872	0.0001
435	303.2874	57.13326
436	303.8875	47.46659
437	304.4874	0.0001
438	305.0872	0.0001
439	305.6868	131.7999
440	306.2863	655.7999
441	306.8856	712.1333
442	307.4848	446.7999
443	308.0838	0.0001
444	308.6827	0.0001
445	309.2815	0.0001
446	309.8801	0.0001
447	310.4785	0.0001
448	311.0768	0.0001
449	311.675	0.0001
450	312.2729	0.0001
451	312.8708	0.0001
452	313.4685	0.0001
453	314.0661	0.0001
454	314.6635	0.0001
455	315.2608	0.0001
456	315.8579	445.7999
457	316.4549	465.7999
458	317.0517	518.7999
459	317.6483	0.0001
460	318.2449	0.0001
461	318.8412	0.0001
462	319.4375	0.0001
463	320.0336	0.0001
464	320.6295	0.0001
465	321.2253	0.0001
466	321.821	0.0001
467	322.4164	0.0001
468	323.0118	0.0001
469	323.607	0.0001
470	324.2021	0.0001
471	324.797	0.0001
472	325.3917	0.0001
473	325.9863	0.0001
474	326.5808	0.0001
475	327.1751	29.79993
476	327.7693	35.46659
477	328.3633	0.0001
478	328.9572	0.0001
479	329.5509	0.0001
480	330.1444	29.13326
481	330.7379	0.0001
482	331.3312	237.7999
483	331.9243	264.4666
484	332.5173	551.1332
485	333.1101	302.1333
486	333.7028	299.1333
487	334.2953	3.13326
488	334.8878	31.13326
489	335.48	0.0001
490	336.0721	0.0001
491	336.664	0.0001
492	337.2559	0.0001
493	337.8475	0.0001
494	338.439	0.0001
495	339.0304	1.799927
496	339.6216	119.1333
497	340.2126	121.4666
498	340.8036	14.79993
499	341.3943	0.0001
500	341.985	0.0001
501	342.5754	0.0001
502	343.1658	0.0001
503	343.756	22.46659
504	344.346	134.1333
505	344.9359	156.4666
506	345.5256	60.13326
507	346.1152	0.0001
508	346.7046	0.0001
509	347.2939	0.0001
510	347.8831	0.0001
511	348.472	0.0001
512	349.0609	0.0001
513	349.6496	0.0001
514	350.2381	0.0001
515	350.8265	0.0001
516	351.4148	0.0001
517	352.0029	0.0001
518	352.5909	0.0001
519	353.1787	0.0001
520	353.7664	0.0001
521	354.3539	0.0001
522	354.9412	0.0001
523	355.5284	12.46659
524	356.1155	6.466593
525	356.7025	26.13326
526	357.2892	2.13326
527	357.8759	26.79993
528	358.4623	93.46659
529	359.0487	50.79993
530	359.6349	21.79993
531	360.2209	0.0001
532	360.8068	0.0001
533	361.3925	0.0001
534	361.9781	0.0001
535	362.5636	0.0001
536	363.1489	0.0001
537	363.734	0.0001
538	364.319	0.0001
539	364.9039	0.0001
540	365.4886	0.0001
541	366.0731	0.0001
542	366.6575	0.0001
543	367.2418	0.0001
544	367.8259	0.0001
545	368.4099	0.0001
546	368.9937	0.0001
547	369.5774	0.0001
548	370.1609	0.0001
549	370.7443	21.46659
550	371.3275	25.46659
551	371.9106	10.79993
552	372.4935	48.79993
553	373.0763	23.79993
554	373.6589	0.0001
555	374.2414	0.0001
556	374.8237	0.0001
557	375.4059	0.0001
558	375.9879	2.13326
559	376.5698	0.0001
560	377.1516	8.13326
561	377.7332	87.79993
562	378.3146	45.79993
563	378.8959	10.46659
564	379.4771	0.0001
565	380.0581	0.0001
566	380.6389	0.0001
567	381.2196	0.0001
568	381.8002	22.13326
569	382.3806	29.79993
570	382.9608	63.79993
571	383.541	0.0001
572	384.1209	24.13326
573	384.7007	3.799927
574	385.2804	15.13326
575	385.8599	0.0001
576	386.4393	0.0001
577	387.0185	0.0001
578	387.5976	0.0001
579	388.1765	5.799927
580	388.7553	0.0001
581	389.3339	0.0001
582	389.9124	0.0001
583	390.4908	0.0001
584	391.0689	285.1333
585	391.647	241.1333
586	392.2249	237.7999
587	392.8026	0.0001
588	393.3802	0.0001
589	393.9576	0.0001
590	394.5349	0.0001
591	395.1121	30.13326
592	395.6891	103.1333
593	396.2659	228.4666
594	396.8426	39.46659
595	397.4192	14.13326
596	397.9956	0.0001
597	398.5718	223.1333
598	399.1479	190.1333
599	399.7239	168.1333
600	400.2997	0.0001
601	400.8754	0.0001
602	401.4509	0.0001
603	402.0262	0.0001
604	402.6015	117.7999
605	403.1765	126.4666
606	403.7515	152.1333
607	404.3262	0.0001
608	404.9008	0.0001
609	405.4753	0.0001
610	406.0497	0.0001
611	406.6238	0.0001
612	407.1979	0.0001
613	407.7718	0.0001
614	408.3455	0.0001
615	408.9191	0.0001
616	409.4925	0.0001
617	410.0658	0.0001
618	410.6389	235.7999
619	411.2119	318.1333
620	411.7848	383.1333
621	412.3575	75.13326
622	412.93	0.0001
623	413.5024	0.0001
624	414.0746	0.0001
625	414.6467	0.0001
626	415.2187	23.79993
627	415.7905	0.0001
628	416.3621	23.13326
629	416.9336	0.0001
630	417.505	22.13326
631	418.0762	0.0001
632	418.6472	0.0001
633	419.2182	0.0001
634	419.7889	0.0001
635	420.3595	0.0001
636	420.93	0.0001
637	421.5003	0.0001
638	422.0705	49.13326
639	422.6405	0.0001
640	423.2104	0.0001
641	423.7801	38.13326
642	424.3497	56.13326
643	424.9191	60.13326
644	425.4884	0.0001
645	426.0575	2.799927
646	426.6265	0.0001
647	427.1953	0.0001
648	427.764	0.0001
649	428.3325	0.0001
650	428.9009	0.0001
651	429.4691	0.0001
652	430.0372	0.0001
653	430.6051	0.0001
654	431.1729	41.46659
655	431.7406	39.13326
656	432.308	8.466594
657	432.8754	379.7999
658	433.4426	468.7999
659	434.0096	780.8
660	434.5765	510.1333
661	435.1432	489.4666
662	435.7099	76.13326
663	436.2763	0.0001
664	436.8426	0.0001
665	437.4088	0.0001
666	437.9748	14.13326
667	438.5406	41.13326
668	439.1063	0.0001
669	439.6719	0.0001
670	440.2373	75.46659
671	440.8025	64.79993
672	441.3676	135.7999
673	441.9326	32.79993
674	442.4974	0.0001
675	443.0621	0.0001
676	443.6266	0.0001
677	444.1909	0.0001
678	444.7552	22.79993
679	445.3192	98.46659
680	445.8831	0.0001
681	446.4469	0.0001
682	447.0105	0.0001
683	447.574	0.0001
684	448.1373	0.0001
685	448.7005	0.0001
686	449.2635	0.0001
687	449.8264	0.0001
688	450.3891	0.0001
689	450.9517	0.0001
690	451.5141	0.0001
691	452.0764	0.0001
692	452.6385	0.0001
693	453.2005	0.0001
694	453.7623	19.46659
695	454.324	29.13326
696	454.8855	0.7999268
697	455.4469	12.79993
698	456.0081	31.46659
699	456.5692	126.7999
700	457.1302	44.13326
701	457.691	5.466593
702	458.2516	0.0001
703	458.8121	0.0001
704	459.3724	0.0001
705	459.9326	0.0001
706	460.4927	0.0001
707	461.0526	0.0001
708	461.6123	0.0001
709	462.1719	0.0001
710	462.7314	0.0001
711	463.2906	0.0001
712	463.8498	267.1333
713	464.4088	335.4666
714	464.9676	246.7999
715	465.5263	0.0001
716	466.0849	0.0001
717	466.6433	145.1333
718	467.2015	288.4666
719	467.7596	245.7999
720	468.3176	0.0001
721	468.8754	0.0001
722	469.433	0.0001
723	469.9906	165.1333
724	470.5479	266.7999
725	471.1051	305.4666
726	471.6622	0.0001
727	472.2191	0.0001
728	472.7758	0.0001
729	473.3325	1.799927
730	473.8889	120.1333
731	474.4453	9.799927
732	475.0014	0.0001
733	475.5574	0.0001
734	476.1133	0.0001
735	476.669	0.0001
736	477.2246	0.0001
737	477.78	0.0001
738	478.3353	0.0001
739	478.8904	0.0001
740	479.4453	0.0001
741	480.0002	0.0001
742	480.5548	0.0001
743	481.1093	0.0001
744	481.6637	0.0001
745	482.218	2.799927
746	482.772	0.0001
747	483.3259	0.0001
748	483.8797	0.0001
749	484.4333	0.0001
750	484.9868	0.0001
751	485.5401	0.0001
752	486.0933	231.1333
753	486.6463	212.4666
754	487.1992	263.1333
755	487.752	0.0001
756	488.3045	0.0001
757	488.857	0.0001
758	489.4092	4.799927
759	489.9614	59.46659
760	490.5134	0.0001
761	491.0652	0.0001
762	491.6169	0.0001
763	492.1684	0.0001
764	492.7198	0.0001
765	493.271	0.0001
766	493.8221	0.0001
767	494.373	363.7999
768	494.9238	367.4666
769	495.4745	414.1333
770	496.0249	0.0001
771	496.5753	58.46659
772	497.1255	0.0001
773	497.6755	0.0001
774	498.2254	0.0001
775	498.7751	0.0001
776	499.3247	0.0001
777	499.8742	0.0001
778	500.4235	19.13326
779	500.9726	0.0001
780	501.5216	35.79993
781	502.0704	0.0001
782	502.6191	79.13326
783	503.1677	0.0001
784	503.7161	0.0001
785	504.2643	0.0001
786	504.8124	0.0001
787	505.3604	0.0001
788	505.9081	0.0001
789	506.4558	0.0001
790	507.0033	59.79993
791	507.5506	138.1333
792	508.0978	193.1333
793	508.6449	110.4666
794	509.1917	33.13326
795	509.7385	0.0001
796	510.2851	0.0001
797	510.8315	0.0001
798	511.3778	0.0001
799	511.924	0.0001
800	512.47	0.0001
801	513.0159	214.4666
802	513.5615	202.4666
803	514.1071	199.7999
804	514.6525	0.0001
805	515.1978	0.0001
806	515.7429	0.0001
807	516.2878	2.799927
808	516.8326	21.79993
809	517.3773	67.13326
810	517.9218	40.46659
811	518.4661	103.7999
812	519.0103	116.4666
813	519.5543	77.13326
814	520.0983	0.0001
815	520.642	49.13326
816	521.1856	98.79993
817	521.7291	81.13326
818	522.2723	38.46659
819	522.8155	50.13326
820	523.3585	87.46659
821	523.9014	114.1333
822	524.4441	114.1333
823	524.9866	171.4666
824	525.5291	229.1333
825	526.0713	350.1333
826	526.6134	406.1333
827	527.1553	369.7999
828	527.6971	274.7999
829	528.2388	213.7999
830	528.7803	328.4666
831	529.3217	383.7999
832	529.8629	463.7999
833	530.4039	385.7999
834	530.9448	389.7999
835	531.4856	504.1333
836	532.0262	542.7999
837	532.5667	619.7999
838	533.1069	714.1333
839	533.6471	858.8
840	534.1871	840.4666
841	534.727	690.1333
842	535.2667	728.4666
843	535.8062	797.8
844	536.3456	860.8
845	536.8849	758.1333
846	537.424	804.8
847	537.963	903.1333
848	538.5018	1059.467
849	539.0404	1094.133
850	539.5789	1119.133
851	540.1172	1166.8
852	540.6555	1158.133
853	541.1935	1177.133
854	541.7314	1240.133
855	542.2692	1277.133
856	542.8068	1323.467
857	543.3442	1302.8
858	543.8815	1441.8
859	544.4187	1444.467
860	544.9557	1464.467
861	545.4926	1586.8
862	546.0293	1703.467
863	546.5659	1724.8
864	547.1022	1646.8
865	547.6385	1634.8
866	548.1746	1693.8
867	548.7106	1743.133
868	549.2463	1794.133
869	549.782	1955.466
870	550.3175	1986.133
871	550.8528	2004.8
872	551.3881	1943.467
873	551.9232	2055.467
874	552.458	2072.133
875	552.9928	2077.467
876	553.5274	2043.133
877	554.0618	2152.133
878	554.5961	2213.467
879	555.1303	2189.467
880	555.6643	2134.8
881	556.1981	2051.8
882	556.7319	2138.133
883	557.2654	2107.8
884	557.7988	2132.467
885	558.332	2695.467
886	558.8652	2725.133
887	559.3981	2668.8
888	559.9309	1994.133
889	560.4636	1913.8
890	560.996	2006.133
891	561.5284	1975.466
892	562.0606	1941.133
893	562.5927	1826.467
894	563.1246	1865.133
895	563.6563	1879.8
896	564.1879	1876.8
897	564.7194	1866.133
898	565.2507	1808.8
899	565.7818	1748.8
900	566.3128	1696.8
901	566.8436	1688.8
902	567.3743	1921.133
903	567.9049	1923.466
904	568.4353	1967.8
905	568.9655	1705.133
906	569.4956	1628.8
907	570.0256	1700.467
908	570.5554	1636.467
909	571.085	1583.133
910	571.6145	1384.467
911	572.1439	1414.133
912	572.673	1416.133
913	573.2021	1384.467
914	573.731	1445.133
915	574.2597	1499.467
916	574.7883	1476.8
917	575.3167	1412.8
918	575.845	1330.133
919	576.3732	1298.133
920	576.9011	1248.8
921	577.429	1213.8
922	577.9567	1261.133
923	578.4842	1231.8
924	579.0116	1209.467
925	579.5388	1171.133
926	580.0659	1175.467
927	580.5928	1208.8
928	581.1196	1221.8
929	581.6463	1249.133
930	582.1727	1241.467
931	582.6991	1305.133
932	583.2253	1393.8
933	583.7513	1475.133
934	584.2772	1514.467
935	584.8029	1512.133
936	585.3285	1439.133
937	585.8539	1369.8
938	586.3792	1316.133
939	586.9044	1337.133
940	587.4293	1652.133
941	587.9542	1609.133
942	588.4788	1561.133
943	589.0034	1218.133
944	589.5277	1277.133
945	590.0519	1311.8
946	590.576	1316.133
947	591.1	1334.8
948	591.6237	1361.133
949	592.1473	1402.133
950	592.6708	1338.133
951	593.1942	1306.467
952	593.7173	1257.133
953	594.2404	1269.133
954	594.7632	1367.133
955	595.2859	1455.467
956	595.8085	1486.133
957	596.3309	1435.467
958	596.8531	1359.133
959	597.3753	1372.467
960	597.8973	1346.467
961	598.4191	1345.467
962	598.9407	1318.8
963	599.4622	1334.467
964	599.9836	1462.133
965	600.5048	1441.133
966	601.0259	1393.133
967	601.5468	1259.8
968	602.0676	1370.133
969	602.5881	1422.133
970	603.1086	1544.467
971	603.6289	1457.8
972	604.149	1622.133
973	604.6691	1459.467
974	605.1889	1437.8
975	605.7086	1623.133
976	606.2282	1643.466
977	606.7476	1578.466
978	607.2668	1179.8
979	607.7859	1162.133
980	608.3049	1180.8
981	608.8237	1226.133
982	609.3423	1282.133
983	609.8608	1268.467
984	610.3792	1227.133
985	610.8974	1121.467
986	611.4154	1111.133
987	611.9333	1090.467
988	612.451	1149.467
989	612.9686	1098.467
990	613.4861	1022.8
991	614.0034	1023.133
992	614.5205	1083.467
993	615.0375	1108.8
994	615.5543	1404.466
995	616.071	1383.133
996	616.5876	1566.133
997	617.1039	1170.8
998	617.6202	1104.8
999	618.1363	916.1333
1000	618.6522	999.8
1001	619.168	1017.467
1002	619.6836	938.8
1003	620.1991	863.4666
1004	620.7144	893.1333
1005	621.2296	880.4666
1006	621.7446	819.8
1007	622.2595	726.4666
1008	622.7742	755.1333
1009	623.2888	783.8
1010	623.8032	791.1333
1011	624.3175	1135.133
1012	624.8316	1102.8
1013	625.3456	1381.8
1014	625.8594	1096.133
1015	626.373	1130.133
1016	626.8865	893.4666
1017	627.3999	792.8
1018	627.9131	734.1333
1019	628.4262	780.1333
1020	628.9391	828.1333
1021	629.4519	894.8
1022	629.9645	866.8
1023	630.4769	790.8
1024	630.9893	743.1333
1025	631.5014	662.1332
1026	632.0134	682.4666
1027	632.5253	755.8
1028	633.037	714.4666
1029	633.5485	787.1333
1030	634.0599	755.8
1031	634.5712	739.4666
1032	635.0823	753.4666
1033	635.5932	714.1333
1034	636.104	750.4666
1035	636.6146	594.4666
1036	637.1251	522.4666
1037	637.6355	569.1332
1038	638.1457	646.1332
1039	638.6557	695.4666
1040	639.1656	571.4666
1041	639.6754	638.4666
1042	640.1849	687.4666
1043	640.6943	736.4666
1044	641.2036	634.7999
1045	641.7128	515.7999
1046	642.2217	472.1333
1047	642.7306	413.7999
1048	643.2393	457.1333
1049	643.7477	1027.467
1050	644.2562	1052.8
1051	644.7643	997.4665
1052	645.2725	722.8
1053	645.7803	702.8
1054	646.2881	808.8
1055	646.7958	491.7999
1056	647.3032	518.1332
1057	647.8105	452.4666
1058	648.3177	482.4666
1059	648.8247	436.7999
1060	649.3315	429.7999
1061	649.8383	452.1333
1062	650.3448	509.4666
1063	650.8513	479.4666
1064	651.3575	418.1333
1065	651.8636	375.7999
1066	652.3696	387.4666
1067	652.8754	477.4666
1068	653.381	505.4666
1069	653.8865	591.4666
1070	654.3918	539.4666
1071	654.897	524.7999
1072	655.4021	412.1333
1073	655.907	364.4666
1074	656.4117	694.4666
1075	656.9163	689.1333
1076	657.4208	737.8
1077	657.925	361.4666
1078	658.4292	381.4666
1079	658.9332	316.7999
1080	659.437	286.7999
1081	659.9407	255.1333
1082	660.4442	295.7999
1083	660.9476	309.7999
1084	661.4508	303.1333
1085	661.9539	352.7999
1086	662.4568	400.4666
1087	662.9596	406.1333
1088	663.4622	332.7999
1089	663.9647	283.7999
1090	664.467	280.7999
1091	664.9692	279.4666
1092	665.4712	282.1333
1093	665.9731	244.7999
1094	666.4748	396.4666
1095	666.9763	456.1333
1096	667.4777	493.4666
1097	667.979	316.7999
1098	668.4801	252.4666
1099	668.9811	225.7999
1100	669.4819	266.1333
1101	669.9825	267.4666
1102	670.483	208.7999
1103	670.9833	200.4666
1104	671.4836	147.4666
1105	671.9836	243.4666
1106	672.4835	401.4666
1107	672.9832	481.7999
1108	673.4828	404.4666
1109	673.9822	219.1333
1110	674.4816	154.7999
1111	674.9807	203.7999
1112	675.4797	244.7999
1113	675.9785	279.4666
1114	676.4772	255.4666
1115	676.9757	224.1333
1116	677.4741	208.7999
1117	677.9723	198.7999
1118	678.4704	130.7999
1119	678.9683	75.13326
1120	679.4661	46.46659
1121	679.9637	159.1333
1122	680.4611	291.4666
1123	680.9584	343.4666
1124	681.4556	263.1333
1125	681.9526	146.7999
1126	682.4495	108.4666
1127	682.9462	117.7999
1128	683.4427	178.4666
1129	683.9391	151.1333
1130	684.4354	112.4666
1131	684.9315	118.4666
1132	685.4274	144.4666
1133	685.9232	136.4666
1134	686.4189	451.1333
1135	686.9144	473.7999
1136	687.4097	466.1333
1137	687.9049	232.1333
1138	688.4	236.7999
1139	688.8948	319.1333
1140	689.3896	201.7999
1141	689.8842	228.4666
1142	690.3786	272.4666
1143	690.8729	235.4666
1144	691.367	188.1333
1145	691.861	110.7999
1146	692.3548	148.7999
1147	692.8484	188.4666
1148	693.342	185.4666
1149	693.8353	111.1333
1150	694.3286	84.46659
1151	694.8216	43.46659
1152	695.3145	90.13326
1153	695.8073	151.7999
1154	696.2999	201.7999
1155	696.7924	247.7999
1156	697.2847	131.1333
1157	697.7768	65.79993
1158	698.2688	10.46659
1159	698.7606	93.46659
1160	699.2523	124.7999
1161	699.7439	126.7999
1162	700.2353	109.7999
1163	700.7265	54.79993
1164	701.2176	71.46659
1165	701.7085	7.466593
1166	702.1993	72.79993
1167	702.6899	105.7999
1168	703.1804	110.1333
1169	703.6707	208.1333
1170	704.1609	112.1333
1171	704.6509	200.7999
1172	705.1408	46.79993
1173	705.6305	45.79993
1174	706.1201	0.0001
1175	706.6095	37.13326
1176	707.0988	89.13326
1177	707.5879	58.13326
1178	708.0768	75.79993
1179	708.5656	546.4666
1180	709.0543	591.1332
1181	709.5428	530.4666
1182	710.0311	129.1333
1183	710.5193	128.1333
1184	711.0074	105.1333
1185	711.4953	0.0001
1186	711.983	15.46659
1187	712.4706	24.79993
1188	712.9581	123.4666
1189	713.4453	140.7999
1190	713.9324	98.46659
1191	714.4194	63.46659
1192	714.9063	171.1333
1193	715.3929	558.1332
1194	715.8795	605.1332
1195	716.3658	445.4666
1196	716.8521	52.46659
1197	717.3381	317.7999
1198	717.824	424.4666
1199	718.3098	490.1333
1200	718.7954	172.1333
1201	719.2809	0.0001
1202	719.7662	0.0001
1203	720.2513	0.0001
1204	720.7363	17.79993
1205	721.2212	51.13326
1206	721.7059	5.13326
1207	722.1904	0.0001
1208	722.6748	0.0001
1209	723.1591	87.13326
1210	723.6431	198.4666
1211	724.1271	235.1333
1212	724.6108	90.46659
1213	725.0945	64.46659
1214	725.5779	40.13326
1215	726.0613	89.13326
1216	726.5444	108.7999
1217	727.0275	54.13326
1218	727.5103	0.0001
1219	727.993	0.0001
1220	728.4756	0.0001
1221	728.958	60.13326
1222	729.4403	85.79993
1223	729.9224	28.79993
1224	730.4044	0.0001
1225	730.8862	0.0001
1226	731.3678	0.0001
1227	731.8493	0.0001
1228	732.3306	0.0001
1229	732.8118	7.466593
1230	733.2928	18.13326
1231	733.7737	0.0001
1232	734.2545	84.46659
1233	734.7351	28.46659
1234	735.2155	99.46659
1235	735.6958	36.79993
1236	736.1759	91.46659
1237	736.6559	0.0001
1238	737.1357	0.0001
1239	737.6154	0.0001
1240	738.0949	46.13326
1241	738.5742	0.0001
1242	739.0535	10.79993
1243	739.5325	0.0001
1244	740.0114	0.0001
1245	740.4902	0.0001
1246	740.9688	0.0001
1247	741.4472	0.0001
1248	741.9255	64.46659
1249	742.4036	46.13326
1250	742.8817	53.13326
1251	743.3595	0.0001
1252	743.8372	0.0001
1253	744.3147	0.0001
1254	744.7921	90.79993
1255	745.2693	108.7999
1256	745.7464	168.1333
1257	746.2233	42.13326
1258	746.7001	82.79993
1259	747.1767	337.7999
1260	747.6531	365.7999
1261	748.1295	365.4666
1262	748.6056	0.0001
1263	749.0816	0.0001
1264	749.5575	0.0001
1265	750.0332	0.0001
1266	750.5087	0.0001
1267	750.9841	0.0001
1268	751.4594	0.0001
1269	751.9344	0.0001
1270	752.4094	0.0001
1271	752.8842	0.0001
1272	753.3588	0.0001
1273	753.8333	0.0001
1274	754.3076	0.0001
1275	754.7818	0.0001
1276	755.2558	80.79993
1277	755.7297	261.4666
1278	756.2034	448.4666
1279	756.6769	378.4666
1280	757.1503	219.7999
1281	757.6236	10.46659
1282	758.0967	0.0001
1283	758.5696	0.0001
1284	759.0425	0.0001
1285	759.5151	0.0001
1286	759.9876	254.1333
1287	760.46	318.1333
1288	760.9321	394.4666
1289	761.4042	8.799927
1290	761.876	0.0001
1291	762.3478	0.0001
1292	762.8193	0.0001
1293	763.2908	53.13326
1294	763.762	0.0001
1295	764.2332	29.13326
1296	764.7042	0.0001
1297	765.1749	34.46659
1298	765.6456	0.0001
1299	766.1161	0.0001
1300	766.5865	0.0001
1301	767.0566	0.0001
1302	767.5267	0.0001
1303	767.9966	2.466594
1304	768.4664	20.46659
1305	768.9359	8.466594
1306	769.4054	0.0001
1307	769.8746	0.0001
1308	770.3438	0.0001
1309	770.8127	0.0001
1310	771.2816	0.0001
1311	771.7502	0.0001
1312	772.2188	184.7999
1313	772.6871	128.1333
1314	773.1553	255.7999
1315	773.6234	177.1333
1316	774.0913	189.1333
1317	774.5591	74.79993
1318	775.0267	0.0001
1319	775.4941	0.0001
1320	775.9614	0.0001
1321	776.4286	0.0001
1322	776.8956	0.0001
1323	777.3624	0.0001
1324	777.829	0.0001
1325	778.2956	0.0001
1326	778.762	0.0001
1327	779.2282	0.0001
1328	779.6943	0.0001
1329	780.1602	0.0001
1330	780.626	60.46659
1331	781.0916	95.13326
1332	781.557	59.46659
1333	782.0223	881.4666
1334	782.4875	810.7998
1335	782.9525	867.4665
1336	783.4173	0.0001
1337	783.882	0.0001
1338	784.3466	0.0001
1339	784.8109	0.0001
1340	785.2751	0.0001
1341	785.7393	0.0001
1342	786.2032	0.0001
1343	786.6669	0.0001
1344	787.1306	0.0001
1345	787.5941	0.0001
1346	788.0574	0.0001
1347	788.5205	0.0001
1348	788.9835	154.4666
1349	789.4464	173.1333
1350	789.9091	251.4666
1351	790.3716	26.46659
1352	790.834	22.46659
1353	791.2963	0.0001
1354	791.7584	0.0001
1355	792.2203	0.0001
1356	792.6821	0.0001
1357	793.1437	0.0001
1358	793.6052	0.0001
1359	794.0665	385.1333
1360	794.5276	438.4666
1361	794.9887	369.1333
1362	795.4495	0.0001
1363	795.9103	0.0001
1364	796.3708	0.0001
1365	796.8312	0.0001
1366	797.2914	0.0001
1367	797.7515	0.0001
1368	798.2115	0.0001
1369	798.6713	0.0001
1370	799.1309	0.0001
1371	799.5904	0.0001
1372	800.0497	0.0001
1373	800.5089	0.0001
1374	800.968	0.0001
1375	801.4268	0.0001
1376	801.8855	0.0001
1377	802.3441	0.0001
1378	802.8025	0.0001
1379	803.2607	0.0001
1380	803.7189	0.0001
1381	804.1768	0.0001
1382	804.6346	0.0001
1383	805.0922	0.0001
1384	805.5497	0.0001
1385	806.0071	0.0001
1386	806.4642	0.0001
1387	806.9213	0.0001
1388	807.3782	0.0001
1389	807.8349	0.0001
1390	808.2914	0.0001
1391	808.7479	0.0001
1392	809.2041	0.0001
1393	809.6602	0.0001
1394	810.1161	0.0001
1395	810.572	0.0001
1396	811.0276	0.0001
1397	811.4831	17.13326
1398	811.9385	3.466594
1399	812.3937	0.0001
1400	812.8487	0.0001
1401	813.3036	0.0001
1402	813.7583	0.0001
1403	814.2128	0.0001
1404	814.6673	0.0001
1405	815.1215	0.0001
1406	815.5757	0.0001
1407	816.0296	0.0001
1408	816.4834	0.0001
1409	816.9371	0.0001
1410	817.3906	0.0001
1411	817.8439	62.13326
1412	818.2971	125.4666
1413	818.7501	63.13326
1414	819.203	53.46659
1415	819.6558	0.0001
1416	820.1083	0.0001
1417	820.5607	0.0001
1418	821.013	0.0001
1419	821.4651	0.0001
1420	821.9171	0.0001
1421	822.3689	0.0001
1422	822.8206	44.79993
1423	823.2721	149.4666
1424	823.7234	169.7999
1425	824.1746	73.79993
1426	824.6257	21.13326
1427	825.0765	87.79993
1428	825.5273	23.79993
1429	825.9778	0.0001
1430	826.4283	0.0001
1431	826.8785	0.0001
1432	827.3287	0.0001
1433	827.7786	0.0001
1434	828.2285	0.0001
1435	828.6781	0.0001
1436	829.1276	0.0001
1437	829.577	0.0001
1438	830.0261	0.0001
1439	830.4752	0.0001
1440	830.9241	0.0001
1441	831.3728	49.79993
1442	831.8214	281.7999
1443	832.2698	289.4666
1444	832.7181	194.4666
1445	833.1662	2.466594
1446	833.6141	0.0001
1447	834.062	0.0001
1448	834.5096	0.0001
1449	834.9572	0.0001
1450	835.4045	137.7999
1451	835.8517	201.7999
1452	836.2987	261.1333
1453	836.7456	18.46659
1454	837.1923	0.0001
1455	837.6389	0.0001
1456	838.0853	0.0001
1457	838.5316	0.0001
1458	838.9777	0.0001
1459	839.4237	121.4666
1460	839.8695	135.4666
1461	840.3152	102.7999
1462	840.7607	0.0001
1463	841.206	0.0001
1464	841.6512	132.7999
1465	842.0963	129.4666
1466	842.5411	292.1333
1467	842.9859	73.79993
1468	843.4305	102.7999
1469	843.8749	0.0001
1470	844.3192	0.0001
1471	844.7632	0.0001
1472	845.2072	0.0001
1473	845.6511	0.0001
1474	846.0947	0.0001
1475	846.5382	0.0001
1476	846.9816	0.0001
1477	847.4247	0.0001
1478	847.8678	0.0001
1479	848.3107	0.0001
1480	848.7534	0.0001
1481	849.196	0.0001
1482	849.6384	0.0001
1483	850.0807	0.0001
1484	850.5228	0.0001
1485	850.9647	86.46659
1486	851.4066	91.46659
1487	851.8482	38.13326
1488	852.2897	0.0001
1489	852.7311	0.0001
1490	853.1722	2.13326
1491	853.6133	0.0001
1492	854.0541	0.0001
1493	854.4949	0.0001
1494	854.9355	0.0001
1495	855.3759	0.0001
1496	855.8162	0.0001
1497	856.2563	0.0001
1498	856.6962	65.46659
1499	857.136	0.0001
1500	857.5757	173.7999
1501	858.0152	77.46659
1502	858.4545	120.4666
1503	858.8937	0.0001
1504	859.3328	0.0001
1505	859.7716	0.0001
1506	860.2103	18.46659
1507	860.6489	40.13326
1508	861.0873	85.46659
1509	861.5256	0.0001
1510	861.9637	0.0001
1511	862.4017	0.0001
1512	862.8395	0.0001
1513	863.2771	0.0001
1514	863.7146	0.0001
1515	864.1519	0.0001
1516	864.5891	0.0001
1517	865.0261	0.0001
1518	865.463	0.0001
1519	865.8997	0.0001
1520	866.3363	0.0001
1521	866.7727	0.0001
1522	867.209	0.0001
1523	867.6451	0.0001
1524	868.081	0.0001
1525	868.5168	0.0001
1526	868.9525	0.0001
1527	869.3879	0.0001
1528	869.8232	0.0001
1529	870.2584	0.0001
1530	870.6935	0.0001
1531	871.1284	0.0001
1532	871.563	0.0001
1533	871.9976	0.0001
1534	872.432	22.13326
1535	872.8663	0.0001
1536	873.3004	76.79993
1537	873.7343	79.46659
1538	874.1681	82.79993
1539	874.6017	0.0001
1540	875.0352	0.0001
1541	875.4685	0.0001
1542	875.9017	0.0001
1543	876.3347	0.0001
1544	876.7676	0.0001
1545	877.2003	0.0001
1546	877.6328	0.0001
1547	878.0652	0.0001
1548	878.4974	98.79993
1549	878.9296	43.13326
1550	879.3615	94.46659
1551	879.7933	29.13326
1552	880.2249	195.1333
1553	880.6564	129.7999
1554	881.0877	41.79993
1555	881.5189	0.0001
1556	881.9498	0.0001
1557	882.3807	0.0001
1558	882.8114	0.0001
1559	883.2419	0.0001
1560	883.6723	207.1333
1561	884.1025	196.7999
1562	884.5327	217.7999
1563	884.9626	0.0001
1564	885.3923	63.13326
1565	885.822	72.79993
1566	886.2514	0.0001
1567	886.6807	0.0001
1568	887.1099	0.0001
1569	887.5389	0.0001
1570	887.9677	0.0001
1571	888.3964	18.13326
1572	888.825	0.0001
1573	889.2533	129.7999
1574	889.6815	116.4666
1575	890.1096	83.13326
1576	890.5375	0.0001
1577	890.9653	0.0001
1578	891.3929	0.0001
1579	891.8204	2.13326
1580	892.2477	0.0001
1581	892.6748	0.0001
1582	893.1018	206.1333
1583	893.5286	225.1333
1584	893.9553	272.7999
1585	894.3818	0.0001
1586	894.8082	0.0001
1587	895.2344	0.0001
1588	895.6605	0.0001
1589	896.0864	0.0001
1590	896.5121	0.0001
1591	896.9377	43.46659
1592	897.3632	449.7999
1593	897.7885	856.4666
1594	898.2136	809.8
1595	898.6385	361.7999
1596	899.0634	0.0001
1597	899.488	0.0001
1598	899.9125	0.0001
1599	900.3369	0.0001
1600	900.7611	0.0001
1601	901.1852	0.0001
1602	901.6091	0.0001
1603	902.0328	0.0001
1604	902.4564	0.0001
1605	902.8798	0.0001
1606	903.303	0.0001
1607	903.7262	0.0001
1608	904.1492	0.0001
1609	904.572	0.0001
1610	904.9946	0.0001
1611	905.4171	0.0001
1612	905.8395	22.79993
1613	906.2617	0.0001
1614	906.6837	0.0001
1615	907.1056	0.0001
1616	907.5273	47.13326
1617	907.9489	34.79993
1618	908.3703	0.0001
1619	908.7915	0.0001
1620	909.2126	0.0001
1621	909.6336	0.0001
1622	910.0544	0.0001
1623	910.475	0.0001
1624	910.8955	0.0001
1625	911.3159	0.0001
1626	911.736	0.0001
1627	912.1561	0.0001
1628	912.5759	0.0001
1629	912.9956	109.7999
1630	913.4152	75.13326
1631	913.8346	92.46659
1632	914.2538	0.0001
1633	914.6729	0.0001
1634	915.0919	0.0001
1635	915.5106	0.0001
1636	915.9293	0.0001
1637	916.3477	0.0001
1638	916.7661	0.0001
1639	917.1842	0.0001
1640	917.6022	0.0001
1641	918.0201	0.0001
1642	918.4377	0.0001
1643	918.8553	0.0001
1644	919.2727	0.0001
1645	919.6899	21.13326
1646	920.107	3.466594
1647	920.5239	48.79993
1648	920.9407	10.46659
1649	921.3573	15.46659
1650	921.7737	0.0001
1651	922.19	0.0001
1652	922.6062	0.0001
1653	923.0222	0.0001
1654	923.438	0.0001
1655	923.8537	0.0001
1656	924.2692	0.0001
1657	924.6846	0.0001
1658	925.0998	0.0001
1659	925.5148	80.79993
1660	925.9297	97.46659
1661	926.3445	109.4666
1662	926.7591	0.0001
1663	927.1735	0.0001
1664	927.5878	0.0001
1665	928.002	0.0001
1666	928.4159	0.0001
1667	928.8297	0.0001
1668	929.2434	152.7999
1669	929.6569	161.1333
1670	930.0703	441.7999
1671	930.4835	260.4666
1672	930.8965	242.4666
1673	931.3094	0.0001
1674	931.7221	0.0001
1675	932.1347	0.0001
1676	932.5471	0.0001
1677	932.9594	0.0001
1678	933.3715	0.0001
1679	933.7834	0.0001
1680	934.1953	0.0001
1681	934.6069	0.0001
1682	935.0184	0.0001
1683	935.4297	0.0001
1684	935.8409	0.0001
1685	936.2519	0.0001
1686	936.6628	0.0001
1687	937.0735	0.0001
1688	937.484	0.0001
1689	937.8944	0.0001
1690	938.3047	0.0001
1691	938.7148	0.0001
1692	939.1247	0.0001
1693	939.5345	251.7999
1694	939.9441	360.7999
1695	940.3536	317.4666
1696	940.7629	54.46659
1697	941.1721	28.46659
1698	941.5811	85.79993
1699	941.9899	0.0001
1700	942.3986	0.0001
1701	942.8071	0.0001
1702	943.2155	96.79993
1703	943.6237	97.13326
1704	944.0318	93.79993
1705	944.4397	0.0001
1706	944.8475	0.0001
1707	945.2551	0.0001
1708	945.6625	0.0001
1709	946.0698	0.0001
1710	946.4769	0.0001
1711	946.8839	0.0001
1712	947.2908	0.0001
1713	947.6974	0.0001
1714	948.1039	0.0001
1715	948.5103	0.0001
1716	948.9165	52.13326
1717	949.3226	90.13326
1718	949.7285	4.799927
1719	950.1342	0.0001
1720	950.5397	0.0001
1721	950.9452	0.0001
1722	951.3505	0.0001
1723	951.7556	0.0001
1724	952.1605	6.799927
1725	952.5653	0.0001
1726	952.97	0.0001
1727	953.3745	0.0001
1728	953.7788	0.0001
1729	954.183	0.0001
1730	954.587	0.0001
1731	954.9909	0.0001
1732	955.3946	0.0001
1733	955.7982	0.0001
1734	956.2015	0.0001
1735	956.6048	0.0001
1736	957.0079	0.0001
1737	957.4108	0.0001
1738	957.8136	16.79993
1739	958.2162	0.0001
1740	958.6187	0.0001
1741	959.0211	0.0001
1742	959.4232	0.0001
1743	959.8252	177.4666
1744	960.2271	263.1333
1745	960.6287	227.1333
1746	961.0303	0.0001
1747	961.4316	0.0001
1748	961.8329	0.0001
1749	962.2339	0.0001
1750	962.6348	0.0001
1751	963.0356	0.0001
1752	963.4362	0.0001
1753	963.8367	0.0001
1754	964.2369	0.0001
1755	964.6371	0.0001
1756	965.037	56.79993
1757	965.4369	167.4666
1758	965.8365	148.7999
1759	966.236	45.13326
1760	966.6354	0.0001
1761	967.0346	0.0001
1762	967.4337	0.0001
1763	967.8325	0.0001
1764	968.2313	0.0001
1765	968.6298	0.0001
1766	969.0283	0.0001
1767	969.4265	14.13326
1768	969.8246	0.0001
1769	970.2226	0.0001
1770	970.6204	0.0001
1771	971.018	0.0001
1772	971.4155	0.0001
1773	971.8128	30.13326
1774	972.21	0.0001
1775	972.607	0.0001
1776	973.0039	0.0001
1777	973.4006	0.0001
1778	973.7971	67.13326
1779	974.1935	573.7999
1780	974.5898	644.4666
1781	974.9858	456.4666
1782	975.3818	25.79993
1783	975.7775	24.79993
1784	976.1732	23.46659
1785	976.5686	0.0001
1786	976.9639	63.46659
1787	977.3591	32.79993
1788	977.754	17.13326
1789	978.1489	0.0001
1790	978.5436	0.0001
1791	978.938	74.13326
1792	979.3325	126.1333
1793	979.7266	130.7999
1794	980.1207	217.1333
1795	980.5146	76.46659
1796	980.9083	52.46659
1797	981.3019	0.0001
1798	981.6954	0.0001
1799	982.0886	0.0001
1800	982.4818	24.79993
1801	982.8747	0.0001
1802	983.2675	0.0001
1803	983.6602	35.13326
1804	984.0527	10.46659
1805	984.445	9.799927
1806	984.8372	0.0001
1807	985.2292	0.0001
1808	985.621	0.0001
1809	986.0128	0.0001
1810	986.4044	0.0001
1811	986.7957	0.0001
1812	987.187	0.0001
1813	987.5781	0.0001
1814	987.969	10.79993
1815	988.3597	80.79993
1816	988.7504	102.1333
1817	989.1409	12.46659
1818	989.5311	0.0001
1819	989.9213	0.0001
1820	990.3113	0.0001
1821	990.7011	0.0001
1822	991.0908	0.0001
1823	991.4803	0.0001
1824	991.8697	0.0001
1825	992.2589	0.0001
1826	992.648	151.4666
1827	993.0369	205.4666
1828	993.4257	172.7999
1829	993.8142	0.0001
1830	994.2026	0.0001
1831	994.5909	71.79993
1832	994.9791	230.1333
1833	995.367	0.0001
1834	995.7548	0.0001
1835	996.1425	0.0001
1836	996.53	0.0001
1837	996.9173	0.0001
1838	997.3045	0.0001
1839	997.6915	0.0001
1840	998.0784	0.0001
1841	998.4651	0.0001
1842	998.8516	140.1333
1843	999.238	167.4666
1844	999.6243	103.7999
1845	1000.01	51.46659
1846	1000.396	62.13326
1847	1000.782	0.0001
1848	1001.168	0.0001
1849	1001.553	300.1333
1850	1001.938	341.1333
1851	1002.324	344.7999
1852	1002.709	0.0001
1853	1003.093	0.0001
1854	1003.478	0.0001
1855	1003.863	0.0001
1856	1004.247	0.0001
1857	1004.631	0.0001
1858	1005.015	0.0001
1859	1005.399	0.0001
1860	1005.783	0.0001
1861	1006.167	0.0001
1862	1006.55	0.0001
1863	1006.933	0.0001
1864	1007.316	0.0001
1865	1007.699	0.0001
1866	1008.082	0.0001
1867	1008.465	0.0001
1868	1008.847	0.0001
1869	1009.23	0.0001
1870	1009.612	0.0001
1871	1009.994	0.0001
1872	1010.376	0.0001
1873	1010.757	0.0001
1874	1011.139	0.0001
1875	1011.52	0.0001
1876	1011.901	0.0001
1877	1012.283	0.0001
1878	1012.664	0.0001
1879	1013.044	0.0001
1880	1013.425	0.0001
1881	1013.805	0.0001
1882	1014.186	0.0001
1883	1014.566	0.0001
1884	1014.946	0.0001
1885	1015.326	0.0001
1886	1015.705	0.0001
1887	1016.085	0.0001
1888	1016.464	30.46659
1889	1016.843	18.46659
1890	1017.222	0.0001
1891	1017.601	0.0001
1892	1017.98	0.0001
1893	1018.359	0.0001
1894	1018.737	0.0001
1895	1019.115	0.0001
1896	1019.493	0.0001
1897	1019.871	0.0001
1898	1020.249	0.0001
1899	1020.627	0.0001
1900	1021.004	0.0001
1901	1021.382	0.0001
1902	1021.759	9.13326
1903	1022.136	1.466593
1904	1022.513	0.0001
1905	1022.889	0.0001
1906	1023.266	0.0001
1907	1023.642	0.0001
1908	1024.018	0.0001
1909	1024.395	0.0001
1910	1024.77	40.13326
1911	1025.146	8.13326
1912	1025.522	12.13326
1913	1025.897	20.46659
1914	1026.272	0.0001
1915	1026.648	0.0001
1916	1027.023	0.0001
1917	1027.397	0.0001
1918	1027.772	11.46659
1919	1028.146	0.0001
1920	1028.521	0.0001
1921	1028.895	0.0001
1922	1029.269	0.0001
1923	1029.643	0.0001
1924	1030.017	0.0001
1925	1030.39	0.0001
1926	1030.764	0.0001
1927	1031.137	0.0001
1928	1031.51	0.0001
1929	1031.883	52.79993
1930	1032.256	396.7999
1931	1032.628	619.7999
1932	1033.001	498.4666
1933	1033.373	204.7999
1934	1033.745	0.0001
1935	1034.117	0.0001
1936	1034.489	0.0001
1937	1034.861	0.0001
1938	1035.232	0.0001
1939	1035.604	17.79993
1940	1035.975	0.0001
1941	1036.346	24.79993
1942	1036.717	0.0001
1943	1037.088	285.1333
1944	1037.458	270.4666
1945	1037.828	253.1333
1946	1038.199	0.0001
1947	1038.569	0.0001
1948	1038.939	0.0001
1949	1039.309	0.0001
1950	1039.678	0.0001
1951	1040.048	0.0001
1952	1040.417	0.0001
1953	1040.786	0.0001
1954	1041.155	0.0001
1955	1041.524	0.0001
1956	1041.893	0.0001
1957	1042.261	0.0001
1958	1042.63	0.0001
1959	1042.998	0.0001
1960	1043.366	0.0001
1961	1043.734	33.79993
1962	1044.102	50.46659
1963	1044.469	0.0001
1964	1044.837	0.0001
1965	1045.204	0.0001
1966	1045.571	0.0001
1967	1045.938	0.0001
1968	1046.305	0.0001
1969	1046.672	0.0001
1970	1047.038	0.0001
1971	1047.404	0.0001
1972	1047.771	0.0001
1973	1048.136	0.0001
1974	1048.502	7.13326
1975	1048.868	0.0001
1976	1049.234	2.799927
1977	1049.599	0.0001
1978	1049.964	0.0001
1979	1050.329	0.0001
1980	1050.694	29.79993
1981	1051.059	99.46659
1982	1051.424	160.7999
1983	1051.788	0.0001
1984	1052.152	0.0001
1985	1052.516	0.0001
1986	1052.88	16.46659
1987	1053.244	50.79993
1988	1053.608	95.79993
1989	1053.971	128.1333
1990	1054.335	130.7999
1991	1054.698	265.1333
1992	1055.061	69.79993
1993	1055.424	24.79993
1994	1055.787	5.13326
1995	1056.149	61.79993
1996	1056.512	125.7999
1997	1056.874	0.0001
1998	1057.236	0.0001
1999	1057.598	0.0001
2000	1057.96	0.0001
2001	1058.321	0.0001
2002	1058.683	0.0001
2003	1059.044	0.0001
2004	1059.405	0.0001
2005	1059.766	0.0001
2006	1060.127	0.0001
2007	1060.488	0.0001
2008	1060.848	0.0001
2009	1061.209	0.0001
2010	1061.569	0.0001
2011	1061.929	49.46659
2012	1062.289	44.46659
2013	1062.648	0.0001
2014	1063.008	15.46659
2015	1063.367	444.1333
2016	1063.727	594.7999
2017	1064.086	461.4666
2018	1064.445	75.46659
2019	1064.804	0.0001
2020	1065.162	0.0001
2021	1065.521	241.7999
2022	1065.879	311.7999
2023	1066.237	322.4666
2024	1066.595	0.0001
2025	1066.953	0.0001
2026	1067.311	0.0001
2027	1067.668	0.0001
2028	1068.026	0.0001
2029	1068.383	0.0001
2030	1068.74	0.0001
2031	1069.097	0.0001
2032	1069.453	0.0001
2033	1069.81	0.0001
2034	1070.166	35.79993
2035	1070.523	0.0001
2036	1070.879	0.0001
2037	1071.235	0.0001
2038	1071.591	0.0001
2039	1071.946	22.79993
2040	1072.302	47.79993
2041	1072.657	106.4666
2042	1073.012	3.799927
2043	1073.367	55.13326
2044	1073.722	0.0001
2045	1074.077	0.0001
2046	1074.431	0.0001
2047	1074.786	0.0001
