0	28.36968	414.55
1	29.03326	251.7334
2	29.69669	0.0001
3	30.35998	0.0001
4	31.02312	0.0001
5	31.68612	0.0001
6	32.34897	0.0001
7	33.01168	0.0001
8	33.67424	0.0001
9	34.33666	0.0001
10	34.99894	0.0001
11	35.66106	0.0001
12	36.32305	0.0001
13	36.98489	0.0001
14	37.64658	0.0001
15	38.30814	1049.767
16	38.96954	1215.1
17	39.6308	1224.767
18	40.29192	0.0001
19	40.95289	0.0001
20	41.61372	0.0001
21	42.2744	0.0001
22	42.93494	12.1001
23	43.59533	70.76676
24	44.25558	50.43343
25	44.91568	790.4334
26	45.57564	812.7668
27	46.23545	770.1001
28	46.89512	6.100098
29	47.55465	0.0001
30	48.21402	0.0001
31	48.87326	112.7668
32	49.53235	29.76676
33	50.1913	67.76676
34	50.85009	0.0001
35	51.50875	0.0001
36	52.16726	0.0001
37	52.82563	0.0001
38	53.48384	0.0001
39	54.14192	76.1001
40	54.79985	42.76677
41	55.45764	25.76676
42	56.11528	0.0001
43	56.77278	0.0001
44	57.43013	0.0001
45	58.08733	0.0001
46	58.7444	203.1001
47	59.40131	235.1001
48	60.05809	599.7668
49	60.71471	251.7668
50	61.3712	222.7668
51	62.02753	0.0001
52	62.68372	0.0001
53	63.33977	0.0001
54	63.99567	44.1001
55	64.65143	137.4334
56	65.30704	85.76676
57	65.96251	239.1001
58	66.61784	246.4334
59	67.27301	261.1001
60	67.92805	0.0001
61	68.58293	81.76676
62	69.23768	128.7668
63	69.89227	177.4334
64	70.54672	0.0001
65	71.20103	0.0001
66	71.85519	0.0001
67	72.50922	25.43343
68	73.16309	0.0001
69	73.81681	0.0001
70	74.4704	0.0001
71	75.12383	0.0001
72	75.77712	0.0001
73	76.43027	0.0001
74	77.08327	0.0001
75	77.73613	16.1001
76	78.38884	0.0001
77	79.04141	29.43343
78	79.69383	17.1001
79	80.34611	12.43343
80	80.99824	0.0001
81	81.65022	5.766764
82	82.30207	51.1001
83	82.95377	142.4334
84	83.60532	87.1001
85	84.25672	59.76677
86	84.90798	0.0001
87	85.5591	0.0001
88	86.21007	0.0001
89	86.86089	0.0001
90	87.51157	56.76677
91	88.16211	0.0001
92	88.8125	0.0001
93	89.46274	0.0001
94	90.11284	0.0001
95	90.76279	0.0001
96	91.41261	17.76676
97	92.06227	12.43343
98	92.71178	0.0001
99	93.36116	0.0001
100	94.01038	0.0001
101	94.65947	0.0001
102	95.30841	0.0001
103	95.9572	0.0001
104	96.60584	0.0001
105	97.25435	0.0001
106	97.9027	0.0001
107	98.55092	0.0001
108	99.19898	0.0001
109	99.8469	0.0001
110	100.4947	0.0001
111	101.1423	579.1001
112	101.7898	621.4334
113	102.4371	605.4334
114	103.0843	78.43343
115	103.7314	63.43343
116	104.3783	60.76677
117	105.025	0.0001
118	105.6716	0.0001
119	106.3181	0.0001
120	106.9644	0.0001
121	107.6106	0.0001
122	108.2566	0.0001
123	108.9025	0.0001
124	109.5483	0.0001
125	110.1939	0.0001
126	110.8393	245.7668
127	111.4846	114.1001
128	112.1298	392.7668
129	112.7748	156.7668
130	113.4197	359.7668
131	114.0644	110.7668
132	114.709	105.4334
133	115.3534	19.76676
134	115.9977	0.0001
135	116.6418	0.0001
136	117.2858	0.0001
137	117.9297	13.43343
138	118.5734	27.43343
139	119.2169	0.0001
140	119.8603	0.0001
141	120.5036	0.0001
142	121.1467	0.0001
143	121.7897	0.0001
144	122.4325	0.0001
145	123.0752	0.0001
146	123.7178	0.0001
147	124.3602	0.0001
148	125.0024	0.0001
149	125.6445	0.0001
150	126.2865	0.0001
151	126.9283	0.0001
152	127.5699	0.0001
153	128.2115	0.0001
154	128.8528	0.0001
155	129.4941	0.0001
156	130.1351	121.7668
157	130.7761	177.4334
158	131.4169	540.1001
159	132.0575	373.4334
160	132.698	323.4334
161	133.3384	0.0001
162	133.9786	0.0001
163	134.6187	0.0001
164	135.2586	0.0001
165	135.8984	0.0001
166	136.538	0.0001
167	137.1775	0.0001
168	137.8168	8.100098
169	138.456	0.0001
170	139.095	0.0001
171	139.7339	0.0001
172	140.3727	0.0001
173	141.0113	27.76676
174	141.6498	0.0001
175	142.2881	0.0001
176	142.9263	30.43343
177	143.5643	89.1001
178	144.2022	114.4334
179	144.8399	110.7668
180	145.4775	104.7668
181	146.1149	19.76676
182	146.7522	0.0001
183	147.3894	0.0001
184	148.0264	0.0001
185	148.6632	0.0001
186	149.3	0.0001
187	149.9365	0.0001
188	150.5729	0.0001
189	151.2092	0.0001
190	151.8454	0.0001
191	152.4813	62.1001
192	153.1172	176.7668
193	153.7529	71.43343
194	154.3884	170.4334
195	155.0238	78.43343
196	155.6591	35.43343
197	156.2942	0.0001
198	156.9291	0.0001
199	157.564	2.100098
200	158.1986	25.43343
201	158.8332	0.0001
202	159.4675	0.0001
203	160.1018	0.0001
204	160.7359	0.0001
205	161.3698	5.766764
206	162.0036	0.0001
207	162.6373	15.1001
208	163.2708	0.0001
209	163.9041	30.76676
210	164.5373	0.0001
211	165.1704	0.0001
212	165.8033	0.0001
213	166.4361	0.0001
214	167.0687	0.0001
215	167.7012	0.0001
216	168.3335	0.0001
217	168.9657	0.0001
218	169.5978	0.0001
219	170.2297	0.0001
220	170.8614	0.0001
221	171.493	0.0001
222	172.1245	0.0001
223	172.7558	0.0001
224	173.387	5.100098
225	174.018	65.76676
226	174.6489	0.0001
227	175.2796	0.0001
228	175.9102	0.0001
229	176.5406	18.43343
230	177.1709	74.76676
231	177.8011	0.0001
232	178.4311	0.0001
233	179.0609	0.0001
234	179.6906	4.766764
235	180.3202	33.43343
236	180.9496	37.1001
237	181.5789	3.100098
238	182.208	0.0001
239	182.837	0.0001
240	183.4658	0.0001
241	184.0945	0.0001
242	184.723	0.0001
243	185.3514	0.0001
244	185.9797	0.0001
245	186.6078	0.0001
246	187.2357	0.0001
247	187.8635	0.0001
248	188.4912	0.0001
249	189.1187	0.0001
250	189.7461	0.0001
251	190.3733	0.0001
252	191.0004	0.0001
253	191.6273	0.0001
254	192.2541	33.43343
255	192.8808	17.76676
256	193.5072	33.43343
257	194.1336	0.0001
258	194.7598	0.0001
259	195.3858	68.43343
260	196.0117	27.43343
261	196.6375	91.43343
262	197.2631	227.4334
263	197.8886	230.7668
264	198.5139	220.1001
265	199.1391	0.0001
266	199.7641	0.0001
267	200.389	470.1001
268	201.0137	443.1001
269	201.6383	427.7668
270	202.2628	0.0001
271	202.8871	0.0001
272	203.5112	0.0001
273	204.1352	0.0001
274	204.7591	0.0001
275	205.3828	0.0001
276	206.0064	25.76676
277	206.6298	0.0001
278	207.2531	0.0001
279	207.8762	0.0001
280	208.4992	0.0001
281	209.122	55.76677
282	209.7447	0.0001
283	210.3672	11.76676
284	210.9896	0.0001
285	211.6119	7.100098
286	212.234	0.0001
287	212.8559	0.0001
288	213.4778	0.0001
289	214.0994	0.0001
290	214.7209	0.0001
291	215.3423	0.0001
292	215.9635	0.0001
293	216.5846	0.0001
294	217.2055	230.4334
295	217.8263	217.7668
296	218.447	407.4334
297	219.0675	128.7668
298	219.6878	229.1001
299	220.308	171.1001
300	220.9281	376.4334
301	221.548	276.7668
302	222.1677	158.1001
303	222.7873	0.0001
304	223.4068	0.0001
305	224.0261	0.0001
306	224.6453	0.0001
307	225.2643	0.0001
308	225.8832	0.0001
309	226.5019	24.43343
310	227.1205	74.76676
311	227.739	91.1001
312	228.3573	66.1001
313	228.9754	28.1001
314	229.5934	0.0001
315	230.2112	0.0001
316	230.8289	0.0001
317	231.4465	0.0001
318	232.0639	0.0001
319	232.6812	0.0001
320	233.2983	0.0001
321	233.9153	18.76676
322	234.5321	22.76676
323	235.1488	220.1001
324	235.7653	136.7668
325	236.3817	94.43343
326	236.998	0.0001
327	237.6141	0.0001
328	238.23	0.0001
329	238.8458	0.0001
330	239.4615	6.433431
331	240.077	15.43343
332	240.6923	0.0001
333	241.3075	0.0001
334	241.9226	0.0001
335	242.5375	0.0001
336	243.1523	0.0001
337	243.7669	0.0001
338	244.3814	0.0001
339	244.9957	0.0001
340	245.6099	0.0001
341	246.224	0.0001
342	246.8379	0.0001
343	247.4516	0.0001
344	248.0652	0.0001
345	248.6786	0.0001
346	249.292	0.0001
347	249.9051	0.0001
348	250.5181	0.0001
349	251.131	0.0001
350	251.7437	0.0001
351	252.3563	0.0001
352	252.9687	0.0001
353	253.581	0.0001
354	254.1931	0.0001
355	254.8051	0.0001
356	255.4169	0.0001
357	256.0286	0.0001
358	256.6402	98.1001
359	257.2516	125.1001
360	257.8628	246.4334
361	258.4739	6.100098
362	259.0849	0.0001
363	259.6957	364.4334
364	260.3063	425.4334
365	260.9169	421.4334
366	261.5272	7.433431
367	262.1375	0.0001
368	262.7475	0.0001
369	263.3575	0.0001
370	263.9672	0.0001
371	264.5769	103.7668
372	265.1864	73.1001
373	265.7957	43.76677
374	266.4049	0.0001
375	267.0139	0.0001
376	267.6228	0.0001
377	268.2316	176.7668
378	268.8402	468.7668
379	269.4486	512.7668
380	270.0569	277.1001
381	270.6651	54.43343
382	271.2731	68.1001
383	271.881	0.0001
384	272.4887	0.0001
385	273.0963	0.0001
386	273.7037	0.0001
387	274.311	19.1001
388	274.9182	99.43343
389	275.5251	144.7668
390	276.132	36.1001
391	276.7387	0.0001
392	277.3452	0.0001
393	277.9516	0.0001
394	278.5579	0.0001
395	279.164	0.0001
396	279.7699	48.43343
397	280.3757	72.43343
398	280.9814	142.7668
399	281.5869	44.43343
400	282.1923	79.1001
401	282.7975	0.0001
402	283.4026	0.0001
403	284.0075	0.0001
404	284.6123	0.0001
405	285.2169	0.0001
406	285.8214	131.7668
407	286.4258	516.4334
408	287.0299	940.4334
409	287.634	707.4334
410	288.2379	460.4334
411	288.8416	19.76676
412	289.4452	0.0001
413	290.0487	0.0001
414	290.652	0.0001
415	291.2552	0.0001
416	291.8582	0.0001
417	292.461	0.0001
418	293.0638	0.0001
419	293.6663	0.0001
420	294.2687	131.1001
421	294.871	220.7668
422	295.4731	203.4334
423	296.0751	71.43343
424	296.677	20.1001
425	297.2787	51.76677
426	297.8802	0.0001
427	298.4816	63.76677
428	299.0828	218.7668
429	299.6839	190.1001
430	300.2849	67.1001
431	300.8857	0.0001
432	301.4864	0.0001
433	302.0869	0.0001
434	302.6872	0.0001
435	303.2874	18.1001
436	303.8875	46.43343
437	304.4874	0.0001
438	305.0872	0.0001
439	305.6868	210.4334
440	306.2863	698.4334
441	306.8856	752.4334
442	307.4848	518.1001
443	308.0838	16.76676
444	308.6827	0.0001
445	309.2815	0.0001
446	309.8801	4.100098
447	310.4785	0.0001
448	311.0768	0.0001
449	311.675	0.0001
450	312.2729	0.0001
451	312.8708	0.0001
452	313.4685	0.0001
453	314.0661	9.433431
454	314.6635	24.1001
455	315.2608	0.0001
456	315.8579	470.1001
457	316.4549	507.4334
458	317.0517	603.1001
459	317.6483	34.43343
460	318.2449	0.0001
461	318.8412	0.0001
462	319.4375	0.0001
463	320.0336	0.0001
464	320.6295	0.0001
465	321.2253	0.0001
466	321.821	0.0001
467	322.4164	0.0001
468	323.0118	0.0001
469	323.607	0.0001
470	324.2021	0.0001
471	324.797	0.0001
472	325.3917	0.0001
473	325.9863	0.0001
474	326.5808	0.0001
475	327.1751	0.0001
476	327.7693	0.0001
477	328.3633	0.0001
478	328.9572	0.0001
479	329.5509	0.0001
480	330.1444	29.76676
481	330.7379	0.0001
482	331.3312	200.1001
483	331.9243	230.7668
484	332.5173	570.1001
485	333.1101	318.7668
486	333.7028	332.1001
487	334.2953	25.1001
488	334.8878	49.1001
489	335.48	0.0001
490	336.0721	0.0001
491	336.664	0.0001
492	337.2559	0.0001
493	337.8475	0.0001
494	338.439	0.0001
495	339.0304	0.0001
496	339.6216	62.43343
497	340.2126	96.76676
498	340.8036	17.76676
499	341.3943	2.766764
500	341.985	0.0001
501	342.5754	0.0001
502	343.1658	0.0001
503	343.756	65.43343
504	344.346	170.4334
505	344.9359	159.7668
506	345.5256	45.43343
507	346.1152	0.0001
508	346.7046	4.433431
509	347.2939	17.1001
510	347.8831	0.0001
511	348.472	26.1001
512	349.0609	0.0001
513	349.6496	0.0001
514	350.2381	0.0001
515	350.8265	0.0001
516	351.4148	0.0001
517	352.0029	0.0001
518	352.5909	0.0001
519	353.1787	0.0001
520	353.7664	0.0001
521	354.3539	0.0001
522	354.9412	0.0001
523	355.5284	0.0001
524	356.1155	0.0001
525	356.7025	0.0001
526	357.2892	13.43343
527	357.8759	12.1001
528	358.4623	129.4334
529	359.0487	94.76676
530	359.6349	67.1001
531	360.2209	0.0001
532	360.8068	0.0001
533	361.3925	0.0001
534	361.9781	0.0001
535	362.5636	0.0001
536	363.1489	0.0001
537	363.734	0.0001
538	364.319	0.0001
539	364.9039	0.0001
540	365.4886	0.0001
541	366.0731	0.0001
542	366.6575	0.1000977
543	367.2418	0.0001
544	367.8259	0.0001
545	368.4099	0.0001
546	368.9937	0.0001
547	369.5774	0.0001
548	370.1609	0.0001
549	370.7443	4.433431
550	371.3275	21.76676
551	371.9106	56.76677
552	372.4935	100.7668
553	373.0763	70.76676
554	373.6589	14.76676
555	374.2414	0.0001
556	374.8237	0.0001
557	375.4059	8.766765
558	375.9879	82.1001
559	376.5698	5.433431
560	377.1516	54.1001
561	377.7332	111.4334
562	378.3146	73.1001
563	378.8959	84.43343
564	379.4771	0.0001
565	380.0581	0.0001
566	380.6389	0.0001
567	381.2196	0.0001
568	381.8002	0.0001
569	382.3806	0.0001
570	382.9608	75.43343
571	383.541	0.0001
572	384.1209	97.43343
573	384.7007	81.43343
574	385.2804	57.76677
575	385.8599	3.100098
576	386.4393	0.0001
577	387.0185	0.0001
578	387.5976	0.0001
579	388.1765	0.0001
580	388.7553	0.0001
581	389.3339	0.0001
582	389.9124	0.0001
583	390.4908	0.0001
584	391.0689	261.7668
585	391.647	199.1001
586	392.2249	198.7668
587	392.8026	0.0001
588	393.3802	0.0001
589	393.9576	0.0001
590	394.5349	0.0001
591	395.1121	41.76677
592	395.6891	41.76677
593	396.2659	161.7668
594	396.8426	0.0001
595	397.4192	28.43343
596	397.9956	0.0001
597	398.5718	197.7668
598	399.1479	145.7668
599	399.7239	147.1001
600	400.2997	0.0001
601	400.8754	0.0001
602	401.4509	0.0001
603	402.0262	0.0001
604	402.6015	146.4334
605	403.1765	153.1001
606	403.7515	162.4334
607	404.3262	0.0001
608	404.9008	0.0001
609	405.4753	0.0001
610	406.0497	0.0001
611	406.6238	0.0001
612	407.1979	0.0001
613	407.7718	0.0001
614	408.3455	0.0001
615	408.9191	0.0001
616	409.4925	0.0001
617	410.0658	0.0001
618	410.6389	232.7668
619	411.2119	290.1001
620	411.7848	346.7668
621	412.3575	33.1001
622	412.93	0.0001
623	413.5024	0.0001
624	414.0746	0.0001
625	414.6467	0.0001
626	415.2187	14.43343
627	415.7905	0.0001
628	416.3621	0.0001
629	416.9336	0.0001
630	417.505	40.76677
631	418.0762	0.0001
632	418.6472	0.0001
633	419.2182	0.0001
634	419.7889	0.0001
635	420.3595	0.0001
636	420.93	0.0001
637	421.5003	0.0001
638	422.0705	40.76677
639	422.6405	0.0001
640	423.2104	0.0001
641	423.7801	3.100098
642	424.3497	0.0001
643	424.9191	0.0001
644	425.4884	0.0001
645	426.0575	0.0001
646	426.6265	0.0001
647	427.1953	0.0001
648	427.764	0.0001
649	428.3325	0.0001
650	428.9009	0.0001
651	429.4691	0.0001
652	430.0372	0.0001
653	430.6051	0.0001
654	431.1729	92.76676
655	431.7406	70.1001
656	432.308	78.1001
657	432.8754	418.1001
658	433.4426	472.1001
659	434.0096	767.4334
660	434.5765	458.1001
661	435.1432	468.1001
662	435.7099	120.4334
663	436.2763	0.0001
664	436.8426	0.0001
665	437.4088	0.0001
666	437.9748	57.1001
667	438.5406	34.43343
668	439.1063	0.0001
669	439.6719	0.0001
670	440.2373	71.1001
671	440.8025	99.43343
672	441.3676	175.1001
673	441.9326	88.43343
674	442.4974	18.76676
675	443.0621	0.0001
676	443.6266	0.0001
677	444.1909	0.0001
678	444.7552	51.43343
679	445.3192	100.4334
680	445.8831	0.0001
681	446.4469	0.0001
682	447.0105	0.0001
683	447.574	0.0001
684	448.1373	0.0001
685	448.7005	0.0001
686	449.2635	0.0001
687	449.8264	0.0001
688	450.3891	0.0001
689	450.9517	0.0001
690	451.5141	0.0001
691	452.0764	0.0001
692	452.6385	0.0001
693	453.2005	0.0001
694	453.7623	42.1001
695	454.324	27.43343
696	454.8855	0.0001
697	455.4469	0.0001
698	456.0081	5.433431
699	456.5692	88.43343
700	457.1302	11.1001
701	457.691	0.0001
702	458.2516	0.0001
703	458.8121	0.0001
704	459.3724	0.0001
705	459.9326	0.0001
706	460.4927	0.0001
707	461.0526	0.0001
708	461.6123	0.0001
709	462.1719	0.0001
710	462.7314	0.0001
711	463.2906	0.0001
712	463.8498	293.4334
713	464.4088	333.4334
714	464.9676	271.4334
715	465.5263	0.0001
716	466.0849	0.0001
717	466.6433	206.7668
718	467.2015	315.7668
719	467.7596	242.1001
720	468.3176	0.0001
721	468.8754	0.0001
722	469.433	0.0001
723	469.9906	203.4334
724	470.5479	297.4334
725	471.1051	286.7668
726	471.6622	0.0001
727	472.2191	0.0001
728	472.7758	0.0001
729	473.3325	0.0001
730	473.8889	135.1001
731	474.4453	59.76677
732	475.0014	0.0001
733	475.5574	0.0001
734	476.1133	0.0001
735	476.669	0.0001
736	477.2246	0.0001
737	477.78	0.0001
738	478.3353	0.0001
739	478.8904	0.0001
740	479.4453	0.0001
741	480.0002	0.0001
742	480.5548	0.0001
743	481.1093	0.0001
744	481.6637	0.0001
745	482.218	0.0001
746	482.772	0.0001
747	483.3259	19.1001
748	483.8797	0.0001
749	484.4333	0.0001
750	484.9868	0.0001
751	485.5401	0.0001
752	486.0933	166.4334
753	486.6463	182.4334
754	487.1992	292.1001
755	487.752	0.0001
756	488.3045	0.0001
757	488.857	0.0001
758	489.4092	32.76677
759	489.9614	49.43343
760	490.5134	0.0001
761	491.0652	0.0001
762	491.6169	0.0001
763	492.1684	0.0001
764	492.7198	0.0001
765	493.271	0.0001
766	493.8221	0.0001
767	494.373	339.1001
768	494.9238	358.7668
769	495.4745	405.7668
770	496.0249	42.76677
771	496.5753	126.1001
772	497.1255	66.43343
773	497.6755	45.43343
774	498.2254	0.0001
775	498.7751	0.0001
776	499.3247	0.0001
777	499.8742	0.0001
778	500.4235	0.0001
779	500.9726	0.0001
780	501.5216	6.766764
781	502.0704	0.0001
782	502.6191	67.76676
783	503.1677	29.43343
784	503.7161	22.76676
785	504.2643	0.0001
786	504.8124	0.0001
787	505.3604	21.1001
788	505.9081	75.76676
789	506.4558	95.1001
790	507.0033	171.7668
791	507.5506	206.4334
792	508.0978	215.1001
793	508.6449	132.7668
794	509.1917	80.1001
795	509.7385	17.1001
796	510.2851	47.43343
797	510.8315	81.43343
798	511.3778	64.43343
799	511.924	0.0001
800	512.47	0.0001
801	513.0159	136.7668
802	513.5615	173.4334
803	514.1071	193.7668
804	514.6525	0.0001
805	515.1978	0.0001
806	515.7429	0.0001
807	516.2878	33.43343
808	516.8326	60.1001
809	517.3773	51.43343
810	517.9218	30.76676
811	518.4661	110.7668
812	519.0103	166.7668
813	519.5543	181.4334
814	520.0983	83.76676
815	520.642	93.43343
816	521.1856	89.43343
817	521.7291	96.43343
818	522.2723	54.1001
819	522.8155	79.1001
820	523.3585	97.43343
821	523.9014	175.1001
822	524.4441	182.7668
823	524.9866	264.1001
824	525.5291	297.1001
825	526.0713	464.4334
826	526.6134	538.7668
827	527.1553	506.7668
828	527.6971	413.4334
829	528.2388	311.4334
830	528.7803	391.1001
831	529.3217	385.4334
832	529.8629	508.1001
833	530.4039	472.1001
834	530.9448	517.7668
835	531.4856	594.7668
836	532.0262	604.4334
837	532.5667	659.1001
838	533.1069	759.4334
839	533.6471	899.4334
840	534.1871	897.4334
841	534.727	726.7668
842	535.2667	803.4334
843	535.8062	868.7668
844	536.3456	950.1001
845	536.8849	869.1001
846	537.424	900.4334
847	537.963	1015.1
848	538.5018	1145.433
849	539.0404	1209.433
850	539.5789	1211.433
851	540.1172	1254.767
852	540.6555	1288.1
853	541.1935	1334.1
854	541.7314	1393.433
855	542.2692	1423.1
856	542.8068	1499.767
857	543.3442	1515.767
858	543.8815	1648.1
859	544.4187	1603.433
860	544.9557	1584.1
861	545.4926	1678.767
862	546.0293	1856.1
863	546.5659	1971.767
864	547.1022	1915.1
865	547.6385	1879.433
866	548.1746	1854.1
867	548.7106	1908.433
868	549.2463	1993.433
869	549.782	2190.767
870	550.3175	2240.1
871	550.8528	2270.433
872	551.3881	2238.433
873	551.9232	2308.433
874	552.458	2284.433
875	552.9928	2280.1
876	553.5274	2282.433
877	554.0618	2308.1
878	554.5961	2383.767
879	555.1303	2374.433
880	555.6643	2369.767
881	556.1981	2277.433
882	556.7319	2314.1
883	557.2654	2274.767
884	557.7988	2268.1
885	558.332	2838.767
886	558.8652	2948.767
887	559.3981	2946.434
888	559.9309	2308.1
889	560.4636	2227.433
890	560.996	2245.767
891	561.5284	2224.767
892	562.0606	2219.1
893	562.5927	2110.433
894	563.1246	2087.433
895	563.6563	2057.1
896	564.1879	2076.1
897	564.7194	2070.433
898	565.2507	2014.1
899	565.7818	1960.767
900	566.3128	1955.767
901	566.8436	1908.1
902	567.3743	2182.433
903	567.9049	2207.433
904	568.4353	2251.433
905	568.9655	1936.767
906	569.4956	1776.1
907	570.0256	1802.1
908	570.5554	1772.1
909	571.085	1737.767
910	571.6145	1645.1
911	572.1439	1619.1
912	572.673	1626.433
913	573.2021	1529.1
914	573.731	1569.433
915	574.2597	1576.767
916	574.7883	1546.1
917	575.3167	1520.767
918	575.845	1517.433
919	576.3732	1514.433
920	576.9011	1448.433
921	577.429	1361.767
922	577.9567	1467.1
923	578.4842	1417.1
924	579.0116	1417.433
925	579.5388	1294.433
926	580.0659	1350.433
927	580.5928	1391.767
928	581.1196	1428.433
929	581.6463	1433.767
930	582.1727	1425.767
931	582.6991	1476.767
932	583.2253	1565.767
933	583.7513	1609.433
934	584.2772	1641.767
935	584.8029	1628.767
936	585.3285	1542.1
937	585.8539	1441.1
938	586.3792	1365.433
939	586.9044	1424.1
940	587.4293	1743.433
941	587.9542	1703.1
942	588.4788	1659.433
943	589.0034	1292.1
944	589.5277	1357.767
945	590.0519	1367.433
946	590.576	1450.433
947	591.1	1446.1
948	591.6237	1506.767
949	592.1473	1530.767
950	592.6708	1477.433
951	593.1942	1398.433
952	593.7173	1384.433
953	594.2404	1425.433
954	594.7632	1562.767
955	595.2859	1589.767
956	595.8085	1630.433
957	596.3309	1553.1
958	596.8531	1533.433
959	597.3753	1517.433
960	597.8973	1492.433
961	598.4191	1471.767
962	598.9407	1458.1
963	599.4622	1513.1
964	599.9836	1580.1
965	600.5048	1526.1
966	601.0259	1404.433
967	601.5468	1332.767
968	602.0676	1506.767
969	602.5881	1672.1
970	603.1086	1798.433
971	603.6289	1700.433
972	604.149	1803.1
973	604.6691	1630.1
974	605.1889	1606.767
975	605.7086	1766.433
976	606.2282	1785.433
977	606.7476	1709.1
978	607.2668	1364.1
979	607.7859	1317.1
980	608.3049	1307.1
981	608.8237	1316.767
982	609.3423	1414.767
983	609.8608	1408.1
984	610.3792	1368.1
985	610.8974	1263.433
986	611.4154	1229.767
987	611.9333	1091.1
988	612.451	1139.1
989	612.9686	1151.1
990	613.4861	1186.767
991	614.0034	1158.433
992	614.5205	1211.767
993	615.0375	1212.1
994	615.5543	1505.767
995	616.071	1452.433
996	616.5876	1628.1
997	617.1039	1245.767
998	617.6202	1159.767
999	618.1363	974.7668
1000	618.6522	1028.1
1001	619.168	1065.1
1002	619.6836	995.7668
1003	620.1991	856.1001
1004	620.7144	836.1001
1005	621.2296	829.4334
1006	621.7446	818.7668
1007	622.2595	763.4334
1008	622.7742	804.7668
1009	623.2888	835.4334
1010	623.8032	832.7668
1011	624.3175	1132.433
1012	624.8316	1130.1
1013	625.3456	1434.767
1014	625.8594	1140.767
1015	626.373	1156.767
1016	626.8865	903.7668
1017	627.3999	832.4334
1018	627.9131	798.4334
1019	628.4262	837.7668
1020	628.9391	897.7668
1021	629.4519	979.7668
1022	629.9645	930.7668
1023	630.4769	832.1001
1024	630.9893	757.7668
1025	631.5014	705.7668
1026	632.0134	741.7668
1027	632.5253	829.7668
1028	633.037	772.4334
1029	633.5485	838.1001
1030	634.0599	752.7668
1031	634.5712	743.4334
1032	635.0823	750.1001
1033	635.5932	705.4334
1034	636.104	733.4334
1035	636.6146	614.7668
1036	637.1251	595.4334
1037	637.6355	637.7668
1038	638.1457	693.4334
1039	638.6557	694.4334
1040	639.1656	582.1001
1041	639.6754	665.1001
1042	640.1849	783.7668
1043	640.6943	884.1001
1044	641.2036	754.7668
1045	641.7128	581.7668
1046	642.2217	484.4334
1047	642.7306	425.7668
1048	643.2393	478.4334
1049	643.7477	1033.433
1050	644.2562	1038.767
1051	644.7643	974.1001
1052	645.2725	699.4334
1053	645.7803	670.7668
1054	646.2881	786.1001
1055	646.7958	524.1001
1056	647.3032	585.4334
1057	647.8105	524.1001
1058	648.3177	566.7668
1059	648.8247	526.4334
1060	649.3315	516.4334
1061	649.8383	475.7668
1062	650.3448	519.1001
1063	650.8513	504.7668
1064	651.3575	419.4334
1065	651.8636	372.7668
1066	652.3696	342.7668
1067	652.8754	473.1001
1068	653.381	461.7668
1069	653.8865	586.1001
1070	654.3918	555.4334
1071	654.897	561.7668
1072	655.4021	396.1001
1073	655.907	298.7668
1074	656.4117	706.4334
1075	656.9163	704.7668
1076	657.4208	748.4334
1077	657.925	337.7668
1078	658.4292	376.4334
1079	658.9332	329.1001
1080	659.437	285.1001
1081	659.9407	212.4334
1082	660.4442	255.7668
1083	660.9476	268.7668
1084	661.4508	285.7668
1085	661.9539	324.7668
1086	662.4568	389.1001
1087	662.9596	433.1001
1088	663.4622	399.4334
1089	663.9647	279.4334
1090	664.467	285.1001
1091	664.9692	254.7668
1092	665.4712	287.1001
1093	665.9731	245.1001
1094	666.4748	357.1001
1095	666.9763	425.1001
1096	667.4777	396.4334
1097	667.979	271.1001
1098	668.4801	176.1001
1099	668.9811	179.1001
1100	669.4819	181.7668
1101	669.9825	192.1001
1102	670.483	190.4334
1103	670.9833	222.1001
1104	671.4836	204.1001
1105	671.9836	280.1001
1106	672.4835	462.7668
1107	672.9832	554.1001
1108	673.4828	472.4334
1109	673.9822	233.1001
1110	674.4816	143.7668
1111	674.9807	195.4334
1112	675.4797	260.7668
1113	675.9785	286.4334
1114	676.4772	282.7668
1115	676.9757	296.1001
1116	677.4741	296.4334
1117	677.9723	264.4334
1118	678.4704	160.4334
1119	678.9683	104.4334
1120	679.4661	36.43343
1121	679.9637	115.7668
1122	680.4611	211.4334
1123	680.9584	290.7668
1124	681.4556	267.4334
1125	681.9526	236.7668
1126	682.4495	163.7668
1127	682.9462	105.1001
1128	683.4427	128.1001
1129	683.9391	142.1001
1130	684.4354	176.4334
1131	684.9315	166.4334
1132	685.4274	167.7668
1133	685.9232	119.4334
1134	686.4189	400.4334
1135	686.9144	430.7668
1136	687.4097	420.4334
1137	687.9049	203.7668
1138	688.4	202.4334
1139	688.8948	258.7668
1140	689.3896	148.1001
1141	689.8842	189.4334
1142	690.3786	264.7668
1143	690.8729	230.1001
1144	691.367	151.7668
1145	691.861	92.43343
1146	692.3548	148.7668
1147	692.8484	216.7668
1148	693.342	196.1001
1149	693.8353	120.1001
1150	694.3286	80.1001
1151	694.8216	40.1001
1152	695.3145	109.4334
1153	695.8073	183.4334
1154	696.2999	226.7668
1155	696.7924	256.1001
1156	697.2847	153.4334
1157	697.7768	107.1001
1158	698.2688	34.76677
1159	698.7606	108.1001
1160	699.2523	148.7668
1161	699.7439	171.4334
1162	700.2353	146.4334
1163	700.7265	86.43343
1164	701.2176	151.7668
1165	701.7085	71.76676
1166	702.1993	114.7668
1167	702.6899	53.43343
1168	703.1804	58.76677
1169	703.6707	111.7668
1170	704.1609	37.1001
1171	704.6509	148.4334
1172	705.1408	49.1001
1173	705.6305	60.1001
1174	706.1201	0.0001
1175	706.6095	63.76677
1176	707.0988	100.7668
1177	707.5879	67.76676
1178	708.0768	106.1001
1179	708.5656	572.4334
1180	709.0543	595.1001
1181	709.5428	500.1001
1182	710.0311	99.43343
1183	710.5193	121.7668
1184	711.0074	123.1001
1185	711.4953	0.0001
1186	711.983	8.766765
1187	712.4706	0.0001
1188	712.9581	76.76676
1189	713.4453	88.43343
1190	713.9324	73.76676
1191	714.4194	76.43343
1192	714.9063	224.7668
1193	715.3929	612.4334
1194	715.8795	645.7668
1195	716.3658	440.4334
1196	716.8521	40.43343
1197	717.3381	263.4334
1198	717.824	354.1001
1199	718.3098	420.1001
1200	718.7954	131.4334
1201	719.2809	26.1001
1202	719.7662	0.0001
1203	720.2513	0.0001
1204	720.7363	25.43343
1205	721.2212	40.76677
1206	721.7059	1.433431
1207	722.1904	0.0001
1208	722.6748	0.0001
1209	723.1591	27.43343
1210	723.6431	128.1001
1211	724.1271	126.4334
1212	724.6108	21.43343
1213	725.0945	22.43343
1214	725.5779	13.1001
1215	726.0613	88.43343
1216	726.5444	89.43343
1217	727.0275	92.76676
1218	727.5103	44.76677
1219	727.993	0.0001
1220	728.4756	36.43343
1221	728.958	64.1001
1222	729.4403	107.1001
1223	729.9224	56.76677
1224	730.4044	37.76677
1225	730.8862	0.0001
1226	731.3678	0.0001
1227	731.8493	0.0001
1228	732.3306	6.100098
1229	732.8118	8.766765
1230	733.2928	23.43343
1231	733.7737	0.0001
1232	734.2545	62.1001
1233	734.7351	9.433431
1234	735.2155	74.43343
1235	735.6958	1.100098
1236	736.1759	76.43343
1237	736.6559	0.0001
1238	737.1357	0.0001
1239	737.6154	0.0001
1240	738.0949	21.1001
1241	738.5742	0.0001
1242	739.0535	0.0001
1243	739.5325	0.0001
1244	740.0114	0.0001
1245	740.4902	0.0001
1246	740.9688	0.0001
1247	741.4472	3.766764
1248	741.9255	97.1001
1249	742.4036	110.7668
1250	742.8817	82.76676
1251	743.3595	0.0001
1252	743.8372	0.0001
1253	744.3147	0.0001
1254	744.7921	87.76676
1255	745.2693	114.1001
1256	745.7464	155.7668
1257	746.2233	8.433431
1258	746.7001	36.1001
1259	747.1767	330.4334
1260	747.6531	345.4334
1261	748.1295	346.4334
1262	748.6056	0.0001
1263	749.0816	0.0001
1264	749.5575	0.0001
1265	750.0332	0.0001
1266	750.5087	0.0001
1267	750.9841	0.0001
1268	751.4594	40.43343
1269	751.9344	14.43343
1270	752.4094	0.0001
1271	752.8842	0.0001
1272	753.3588	0.0001
1273	753.8333	0.0001
1274	754.3076	0.0001
1275	754.7818	0.0001
1276	755.2558	62.76677
1277	755.7297	275.4334
1278	756.2034	454.4334
1279	756.6769	386.7668
1280	757.1503	182.7668
1281	757.6236	0.7667643
1282	758.0967	0.0001
1283	758.5696	0.0001
1284	759.0425	0.0001
1285	759.5151	0.0001
1286	759.9876	296.7668
1287	760.46	348.7668
1288	760.9321	383.4334
1289	761.4042	0.0001
1290	761.876	0.0001
1291	762.3478	0.0001
1292	762.8193	0.0001
1293	763.2908	48.1001
1294	763.762	0.0001
1295	764.2332	0.0001
1296	764.7042	0.0001
1297	765.1749	0.0001
1298	765.6456	0.0001
1299	766.1161	0.0001
1300	766.5865	0.0001
1301	767.0566	0.0001
1302	767.5267	0.0001
1303	767.9966	43.76677
1304	768.4664	18.76676
1305	768.9359	0.0001
1306	769.4054	0.0001
1307	769.8746	0.0001
1308	770.3438	0.0001
1309	770.8127	0.0001
1310	771.2816	0.0001
1311	771.7502	0.0001
1312	772.2188	141.7668
1313	772.6871	65.76676
1314	773.1553	176.4334
1315	773.6234	122.7668
1316	774.0913	140.1001
1317	774.5591	72.1001
1318	775.0267	0.0001
1319	775.4941	0.0001
1320	775.9614	0.0001
1321	776.4286	0.0001
1322	776.8956	0.0001
1323	777.3624	0.0001
1324	777.829	0.0001
1325	778.2956	0.0001
1326	778.762	0.0001
1327	779.2282	0.0001
1328	779.6943	0.0001
1329	780.1602	4.433431
1330	780.626	72.1001
1331	781.0916	104.1001
1332	781.557	42.43343
1333	782.0223	922.4334
1334	782.4875	848.1001
1335	782.9525	937.4334
1336	783.4173	21.43343
1337	783.882	0.0001
1338	784.3466	0.0001
1339	784.8109	0.0001
1340	785.2751	0.0001
1341	785.7393	0.0001
1342	786.2032	0.0001
1343	786.6669	0.0001
1344	787.1306	0.0001
1345	787.5941	0.0001
1346	788.0574	0.0001
1347	788.5205	0.0001
1348	788.9835	212.1001
1349	789.4464	217.4334
1350	789.9091	280.7668
1351	790.3716	6.766764
1352	790.834	40.76677
1353	791.2963	0.0001
1354	791.7584	0.0001
1355	792.2203	0.0001
1356	792.6821	0.0001
1357	793.1437	12.1001
1358	793.6052	62.1001
1359	794.0665	449.7668
1360	794.5276	405.4334
1361	794.9887	326.7668
1362	795.4495	0.0001
1363	795.9103	0.0001
1364	796.3708	0.0001
1365	796.8312	0.0001
1366	797.2914	0.0001
1367	797.7515	0.0001
1368	798.2115	0.0001
1369	798.6713	0.0001
1370	799.1309	0.0001
1371	799.5904	0.0001
1372	800.0497	0.0001
1373	800.5089	0.0001
1374	800.968	0.0001
1375	801.4268	0.0001
1376	801.8855	18.76676
1377	802.3441	3.100098
1378	802.8025	0.0001
1379	803.2607	0.0001
1380	803.7189	0.0001
1381	804.1768	0.0001
1382	804.6346	0.0001
1383	805.0922	0.0001
1384	805.5497	0.0001
1385	806.0071	0.0001
1386	806.4642	0.0001
1387	806.9213	0.0001
1388	807.3782	0.0001
1389	807.8349	0.0001
1390	808.2914	0.0001
1391	808.7479	0.0001
1392	809.2041	0.0001
1393	809.6602	0.0001
1394	810.1161	0.0001
1395	810.572	0.0001
1396	811.0276	0.0001
1397	811.4831	0.1000977
1398	811.9385	0.0001
1399	812.3937	0.0001
1400	812.8487	0.0001
1401	813.3036	0.0001
1402	813.7583	55.43343
1403	814.2128	10.76676
1404	814.6673	0.0001
1405	815.1215	0.0001
1406	815.5757	0.0001
1407	816.0296	0.0001
1408	816.4834	0.0001
1409	816.9371	0.0001
1410	817.3906	0.0001
1411	817.8439	100.7668
1412	818.2971	129.7668
1413	818.7501	37.1001
1414	819.203	77.1001
1415	819.6558	19.43343
1416	820.1083	37.1001
1417	820.5607	0.0001
1418	821.013	0.0001
1419	821.4651	0.0001
1420	821.9171	0.0001
1421	822.3689	0.0001
1422	822.8206	74.76676
1423	823.2721	202.7668
1424	823.7234	208.1001
1425	824.1746	123.1001
1426	824.6257	53.1001
1427	825.0765	103.7668
1428	825.5273	45.43343
1429	825.9778	0.0001
1430	826.4283	0.0001
1431	826.8785	0.0001
1432	827.3287	0.0001
1433	827.7786	0.0001
1434	828.2285	0.0001
1435	828.6781	0.0001
1436	829.1276	0.0001
1437	829.577	0.0001
1438	830.0261	0.0001
1439	830.4752	0.0001
1440	830.9241	0.0001
1441	831.3728	69.1001
1442	831.8214	247.7668
1443	832.2698	246.1001
1444	832.7181	158.4334
1445	833.1662	39.76677
1446	833.6141	62.1001
1447	834.062	0.1000977
1448	834.5096	0.0001
1449	834.9572	0.0001
1450	835.4045	171.4334
1451	835.8517	277.4334
1452	836.2987	312.1001
1453	836.7456	40.76677
1454	837.1923	0.0001
1455	837.6389	0.0001
1456	838.0853	0.0001
1457	838.5316	0.0001
1458	838.9777	23.43343
1459	839.4237	118.1001
1460	839.8695	116.1001
1461	840.3152	59.1001
1462	840.7607	0.0001
1463	841.206	3.100098
1464	841.6512	189.7668
1465	842.0963	156.1001
1466	842.5411	300.7668
1467	842.9859	67.1001
1468	843.4305	80.43343
1469	843.8749	0.0001
1470	844.3192	0.0001
1471	844.7632	0.0001
1472	845.2072	0.0001
1473	845.6511	0.0001
1474	846.0947	0.0001
1475	846.5382	0.0001
1476	846.9816	0.0001
1477	847.4247	0.0001
1478	847.8678	0.0001
1479	848.3107	0.0001
1480	848.7534	0.0001
1481	849.196	1.433431
1482	849.6384	0.0001
1483	850.0807	0.0001
1484	850.5228	0.0001
1485	850.9647	142.7668
1486	851.4066	112.1001
1487	851.8482	59.43343
1488	852.2897	0.0001
1489	852.7311	0.0001
1490	853.1722	24.43343
1491	853.6133	0.0001
1492	854.0541	0.0001
1493	854.4949	0.0001
1494	854.9355	0.0001
1495	855.3759	0.0001
1496	855.8162	0.0001
1497	856.2563	0.0001
1498	856.6962	9.766765
1499	857.136	0.0001
1500	857.5757	120.1001
1501	858.0152	55.76677
1502	858.4545	87.76676
1503	858.8937	0.0001
1504	859.3328	0.0001
1505	859.7716	0.0001
1506	860.2103	0.0001
1507	860.6489	37.76677
1508	861.0873	78.76676
1509	861.5256	0.0001
1510	861.9637	0.0001
1511	862.4017	0.0001
1512	862.8395	0.0001
1513	863.2771	0.0001
1514	863.7146	0.0001
1515	864.1519	0.0001
1516	864.5891	7.433431
1517	865.0261	0.0001
1518	865.463	88.1001
1519	865.8997	0.0001
1520	866.3363	9.100098
1521	866.7727	0.0001
1522	867.209	0.0001
1523	867.6451	0.0001
1524	868.081	0.0001
1525	868.5168	0.0001
1526	868.9525	0.0001
1527	869.3879	0.0001
1528	869.8232	0.0001
1529	870.2584	0.0001
1530	870.6935	0.0001
1531	871.1284	0.0001
1532	871.563	0.0001
1533	871.9976	0.0001
1534	872.432	29.76676
1535	872.8663	0.0001
1536	873.3004	48.43343
1537	873.7343	91.43343
1538	874.1681	98.1001
1539	874.6017	3.433431
1540	875.0352	0.0001
1541	875.4685	0.0001
1542	875.9017	0.0001
1543	876.3347	0.0001
1544	876.7676	0.0001
1545	877.2003	0.0001
1546	877.6328	0.0001
1547	878.0652	0.0001
1548	878.4974	78.76676
1549	878.9296	19.76676
1550	879.3615	93.1001
1551	879.7933	24.1001
1552	880.2249	189.7668
1553	880.6564	143.7668
1554	881.0877	58.1001
1555	881.5189	0.0001
1556	881.9498	0.0001
1557	882.3807	0.0001
1558	882.8114	0.0001
1559	883.2419	0.0001
1560	883.6723	183.1001
1561	884.1025	222.1001
1562	884.5327	237.1001
1563	884.9626	0.0001
1564	885.3923	111.4334
1565	885.822	130.7668
1566	886.2514	35.43343
1567	886.6807	0.0001
1568	887.1099	0.0001
1569	887.5389	0.0001
1570	887.9677	0.0001
1571	888.3964	0.0001
1572	888.825	0.0001
1573	889.2533	125.1001
1574	889.6815	104.4334
1575	890.1096	73.1001
1576	890.5375	0.0001
1577	890.9653	0.0001
1578	891.3929	0.0001
1579	891.8204	48.76677
1580	892.2477	0.0001
1581	892.6748	0.0001
1582	893.1018	217.4334
1583	893.5286	258.7668
1584	893.9553	299.1001
1585	894.3818	0.0001
1586	894.8082	0.0001
1587	895.2344	0.0001
1588	895.6605	0.0001
1589	896.0864	0.0001
1590	896.5121	0.0001
1591	896.9377	4.766764
1592	897.3632	364.7668
1593	897.7885	802.7668
1594	898.2136	733.1001
1595	898.6385	358.4334
1596	899.0634	0.0001
1597	899.488	0.0001
1598	899.9125	0.0001
1599	900.3369	0.0001
1600	900.7611	0.0001
1601	901.1852	0.0001
1602	901.6091	0.0001
1603	902.0328	0.0001
1604	902.4564	0.0001
1605	902.8798	0.0001
1606	903.303	0.0001
1607	903.7262	0.0001
1608	904.1492	0.0001
1609	904.572	0.0001
1610	904.9946	0.0001
1611	905.4171	0.0001
1612	905.8395	1.766764
1613	906.2617	0.0001
1614	906.6837	0.0001
1615	907.1056	0.0001
1616	907.5273	0.0001
1617	907.9489	0.0001
1618	908.3703	0.0001
1619	908.7915	0.0001
1620	909.2126	0.0001
1621	909.6336	0.0001
1622	910.0544	0.0001
1623	910.475	0.0001
1624	910.8955	0.0001
1625	911.3159	0.0001
1626	911.736	0.0001
1627	912.1561	0.0001
1628	912.5759	0.0001
1629	912.9956	108.4334
1630	913.4152	87.1001
1631	913.8346	49.43343
1632	914.2538	0.0001
1633	914.6729	0.0001
1634	915.0919	0.0001
1635	915.5106	0.0001
1636	915.9293	0.0001
1637	916.3477	0.0001
1638	916.7661	0.0001
1639	917.1842	0.0001
1640	917.6022	0.0001
1641	918.0201	0.0001
1642	918.4377	0.0001
1643	918.8553	0.0001
1644	919.2727	0.0001
1645	919.6899	0.0001
1646	920.107	6.100098
1647	920.5239	86.76676
1648	920.9407	64.43343
1649	921.3573	71.76676
1650	921.7737	0.0001
1651	922.19	0.0001
1652	922.6062	0.0001
1653	923.0222	0.0001
1654	923.438	0.0001
1655	923.8537	0.0001
1656	924.2692	0.0001
1657	924.6846	0.0001
1658	925.0998	0.0001
1659	925.5148	53.76677
1660	925.9297	65.76676
1661	926.3445	95.76676
1662	926.7591	0.0001
1663	927.1735	0.0001
1664	927.5878	0.0001
1665	928.002	0.0001
1666	928.4159	0.0001
1667	928.8297	0.0001
1668	929.2434	77.76676
1669	929.6569	79.76676
1670	930.0703	367.4334
1671	930.4835	226.1001
1672	930.8965	254.4334
1673	931.3094	0.0001
1674	931.7221	0.0001
1675	932.1347	0.0001
1676	932.5471	0.0001
1677	932.9594	0.0001
1678	933.3715	0.0001
1679	933.7834	0.0001
1680	934.1953	0.0001
1681	934.6069	0.0001
1682	935.0184	9.766765
1683	935.4297	29.1001
1684	935.8409	0.0001
1685	936.2519	0.0001
1686	936.6628	0.0001
1687	937.0735	0.0001
1688	937.484	0.0001
1689	937.8944	0.0001
1690	938.3047	0.0001
1691	938.7148	0.0001
1692	939.1247	0.0001
1693	939.5345	256.1001
1694	939.9441	400.7668
1695	940.3536	356.1001
1696	940.7629	94.76676
1697	941.1721	18.76676
1698	941.5811	78.1001
1699	941.9899	0.0001
1700	942.3986	0.0001
1701	942.8071	0.0001
1702	943.2155	70.1001
1703	943.6237	126.1001
1704	944.0318	109.1001
1705	944.4397	0.0001
1706	944.8475	0.0001
1707	945.2551	0.0001
1708	945.6625	0.0001
1709	946.0698	0.0001
1710	946.4769	0.0001
1711	946.8839	0.0001
1712	947.2908	0.0001
1713	947.6974	0.0001
1714	948.1039	0.0001
1715	948.5103	0.0001
1716	948.9165	70.1001
1717	949.3226	162.4334
1718	949.7285	45.43343
1719	950.1342	1.433431
1720	950.5397	0.0001
1721	950.9452	0.0001
1722	951.3505	49.76677
1723	951.7556	58.43343
1724	952.1605	105.4334
1725	952.5653	0.0001
1726	952.97	0.0001
1727	953.3745	0.0001
1728	953.7788	0.0001
1729	954.183	0.0001
1730	954.587	0.0001
1731	954.9909	6.433431
1732	955.3946	0.0001
1733	955.7982	0.0001
1734	956.2015	0.0001
1735	956.6048	0.0001
1736	957.0079	0.0001
1737	957.4108	0.0001
1738	957.8136	52.76677
1739	958.2162	0.0001
1740	958.6187	0.0001
1741	959.0211	0.0001
1742	959.4232	0.0001
1743	959.8252	207.7668
1744	960.2271	311.7668
1745	960.6287	278.7668
1746	961.0303	17.43343
1747	961.4316	0.0001
1748	961.8329	0.0001
1749	962.2339	0.0001
1750	962.6348	0.0001
1751	963.0356	0.0001
1752	963.4362	0.0001
1753	963.8367	0.0001
1754	964.2369	0.0001
1755	964.6371	0.0001
1756	965.037	17.43343
1757	965.4369	164.1001
1758	965.8365	181.1001
1759	966.236	49.43343
1760	966.6354	0.0001
1761	967.0346	0.0001
1762	967.4337	0.0001
1763	967.8325	0.0001
1764	968.2313	0.0001
1765	968.6298	0.0001
1766	969.0283	0.0001
1767	969.4265	0.1000977
1768	969.8246	0.0001
1769	970.2226	0.0001
1770	970.6204	0.0001
1771	971.018	0.0001
1772	971.4155	0.0001
1773	971.8128	90.1001
1774	972.21	26.1001
1775	972.607	1.433431
1776	973.0039	0.0001
1777	973.4006	0.0001
1778	973.7971	0.0001
1779	974.1935	568.4334
1780	974.5898	668.7668
1781	974.9858	552.4334
1782	975.3818	101.7668
1783	975.7775	61.43343
1784	976.1732	53.76677
1785	976.5686	0.0001
1786	976.9639	87.43343
1787	977.3591	65.76676
1788	977.754	49.43343
1789	978.1489	20.1001
1790	978.5436	20.43343
1791	978.938	100.4334
1792	979.3325	174.7668
1793	979.7266	172.7668
1794	980.1207	244.1001
1795	980.5146	87.76676
1796	980.9083	37.43343
1797	981.3019	0.0001
1798	981.6954	0.0001
1799	982.0886	0.0001
1800	982.4818	25.43343
1801	982.8747	0.0001
1802	983.2675	0.0001
1803	983.6602	0.0001
1804	984.0527	14.43343
1805	984.445	11.43343
1806	984.8372	0.0001
1807	985.2292	0.0001
1808	985.621	0.0001
1809	986.0128	0.0001
1810	986.4044	0.0001
1811	986.7957	2.766764
1812	987.187	0.0001
1813	987.5781	0.0001
1814	987.969	0.0001
1815	988.3597	102.7668
1816	988.7504	125.4334
1817	989.1409	15.76676
1818	989.5311	0.0001
1819	989.9213	0.0001
1820	990.3113	0.0001
1821	990.7011	7.100098
1822	991.0908	0.1000977
1823	991.4803	0.0001
1824	991.8697	0.0001
1825	992.2589	0.0001
1826	992.648	126.7668
1827	993.0369	167.4334
1828	993.4257	166.1001
1829	993.8142	0.0001
1830	994.2026	54.76677
1831	994.5909	109.1001
1832	994.9791	229.7668
1833	995.367	0.0001
1834	995.7548	0.0001
1835	996.1425	0.0001
1836	996.53	0.0001
1837	996.9173	0.0001
1838	997.3045	0.0001
1839	997.6915	0.0001
1840	998.0784	0.0001
1841	998.4651	0.0001
1842	998.8516	86.76676
1843	999.238	129.4334
1844	999.6243	119.4334
1845	1000.01	103.4334
1846	1000.396	114.7668
1847	1000.782	21.43343
1848	1001.168	0.0001
1849	1001.553	312.4334
1850	1001.938	416.1001
1851	1002.324	422.1001
1852	1002.709	0.0001
1853	1003.093	0.0001
1854	1003.478	0.0001
1855	1003.863	0.0001
1856	1004.247	29.43343
1857	1004.631	5.433431
1858	1005.015	0.0001
1859	1005.399	0.0001
1860	1005.783	0.0001
1861	1006.167	0.0001
1862	1006.55	0.0001
1863	1006.933	0.0001
1864	1007.316	0.0001
1865	1007.699	0.1000977
1866	1008.082	16.43343
1867	1008.465	0.0001
1868	1008.847	0.0001
1869	1009.23	0.0001
1870	1009.612	0.0001
1871	1009.994	0.0001
1872	1010.376	0.0001
1873	1010.757	0.0001
1874	1011.139	0.0001
1875	1011.52	0.0001
1876	1011.901	0.0001
1877	1012.283	0.0001
1878	1012.664	0.0001
1879	1013.044	0.0001
1880	1013.425	0.0001
1881	1013.805	0.0001
1882	1014.186	0.0001
1883	1014.566	0.0001
1884	1014.946	0.0001
1885	1015.326	0.0001
1886	1015.705	0.0001
1887	1016.085	0.0001
1888	1016.464	17.1001
1889	1016.843	57.1001
1890	1017.222	0.0001
1891	1017.601	0.0001
1892	1017.98	0.0001
1893	1018.359	0.0001
1894	1018.737	0.0001
1895	1019.115	0.0001
1896	1019.493	0.0001
1897	1019.871	0.0001
1898	1020.249	0.0001
1899	1020.627	0.0001
1900	1021.004	0.0001
1901	1021.382	0.0001
1902	1021.759	27.1001
1903	1022.136	41.76677
1904	1022.513	0.0001
1905	1022.889	0.0001
1906	1023.266	0.0001
1907	1023.642	0.0001
1908	1024.018	0.0001
1909	1024.395	0.0001
1910	1024.77	0.0001
1911	1025.146	0.0001
1912	1025.522	0.0001
1913	1025.897	22.43343
1914	1026.272	14.43343
1915	1026.648	0.0001
1916	1027.023	13.43343
1917	1027.397	0.0001
1918	1027.772	65.43343
1919	1028.146	0.0001
1920	1028.521	0.0001
1921	1028.895	0.0001
1922	1029.269	0.0001
1923	1029.643	0.0001
1924	1030.017	0.0001
1925	1030.39	0.0001
1926	1030.764	0.0001
1927	1031.137	0.0001
1928	1031.51	0.0001
1929	1031.883	0.0001
1930	1032.256	299.4334
1931	1032.628	587.7668
1932	1033.001	514.7668
1933	1033.373	224.1001
1934	1033.745	0.0001
1935	1034.117	0.0001
1936	1034.489	0.0001
1937	1034.861	0.0001
1938	1035.232	0.0001
1939	1035.604	0.0001
1940	1035.975	0.0001
1941	1036.346	0.0001
1942	1036.717	0.0001
1943	1037.088	244.4334
1944	1037.458	269.7668
1945	1037.828	243.1001
1946	1038.199	0.0001
1947	1038.569	0.0001
1948	1038.939	0.0001
1949	1039.309	0.0001
1950	1039.678	0.0001
1951	1040.048	0.0001
1952	1040.417	0.0001
1953	1040.786	0.0001
1954	1041.155	0.0001
1955	1041.524	0.0001
1956	1041.893	0.0001
1957	1042.261	0.0001
1958	1042.63	0.0001
1959	1042.998	0.0001
1960	1043.366	0.0001
1961	1043.734	0.1000977
1962	1044.102	4.433431
1963	1044.469	0.0001
1964	1044.837	0.0001
1965	1045.204	0.0001
1966	1045.571	0.0001
1967	1045.938	0.0001
1968	1046.305	0.0001
1969	1046.672	0.0001
1970	1047.038	0.0001
1971	1047.404	0.0001
1972	1047.771	0.0001
1973	1048.136	0.0001
1974	1048.502	79.43343
1975	1048.868	58.43343
1976	1049.234	67.43343
1977	1049.599	0.0001
1978	1049.964	0.0001
1979	1050.329	0.0001
1980	1050.694	70.76676
1981	1051.059	131.7668
1982	1051.424	193.4334
1983	1051.788	0.0001
1984	1052.152	0.0001
1985	1052.516	0.0001
1986	1052.88	44.1001
1987	1053.244	75.1001
1988	1053.608	112.1001
1989	1053.971	154.4334
1990	1054.335	146.7668
1991	1054.698	260.4334
1992	1055.061	58.43343
1993	1055.424	12.1001
1994	1055.787	29.43343
1995	1056.149	66.76676
1996	1056.512	188.7668
1997	1056.874	0.0001
1998	1057.236	0.0001
1999	1057.598	0.0001
2000	1057.96	0.0001
2001	1058.321	0.0001
2002	1058.683	0.0001
2003	1059.044	0.0001
2004	1059.405	0.0001
2005	1059.766	26.43343
2006	1060.127	13.1001
2007	1060.488	0.0001
2008	1060.848	0.0001
2009	1061.209	0.0001
2010	1061.569	0.0001
2011	1061.929	62.76677
2012	1062.289	56.76677
2013	1062.648	15.76676
2014	1063.008	38.76677
2015	1063.367	492.1001
2016	1063.727	579.4334
2017	1064.086	474.1001
2018	1064.445	85.1001
2019	1064.804	0.0001
2020	1065.162	0.0001
2021	1065.521	239.1001
2022	1065.879	305.7668
2023	1066.237	314.4334
2024	1066.595	0.0001
2025	1066.953	0.0001
2026	1067.311	0.0001
2027	1067.668	0.0001
2028	1068.026	0.0001
2029	1068.383	0.0001
2030	1068.74	0.0001
2031	1069.097	0.0001
2032	1069.453	0.0001
2033	1069.81	15.1001
2034	1070.166	103.1001
2035	1070.523	18.1001
2036	1070.879	0.0001
2037	1071.235	0.0001
2038	1071.591	0.0001
2039	1071.946	24.1001
2040	1072.302	75.76676
2041	1072.657	131.7668
2042	1073.012	12.1001
2043	1073.367	38.43343
2044	1073.722	0.0001
2045	1074.077	0.0001
2046	1074.431	0.0001
2047	1074.786	0.0001
