0	28.36968	374.825
1	29.03326	186.7667
2	29.69669	0.0001
3	30.35998	0.0001
4	31.02312	0.0001
5	31.68612	0.0001
6	32.34897	0.0001
7	33.01168	0.0001
8	33.67424	0.0001
9	34.33666	0.0001
10	34.99894	0.0001
11	35.66106	0.0001
12	36.32305	0.0001
13	36.98489	0.0001
14	37.64658	0.0001
15	38.30814	1029.317
16	38.96954	1211.983
17	39.6308	1208.65
18	40.29192	0.9833577
19	40.95289	0.0001
20	41.61372	0.0001
21	42.2744	0.0001
22	42.93494	14.98336
23	43.59533	60.31669
24	44.25558	33.31669
25	44.91568	777.3167
26	45.57564	736.3166
27	46.23545	752.6499
28	46.89512	0.0001
29	47.55465	0.0001
30	48.21402	0.0001
31	48.87326	65.65002
32	49.53235	0.0001
33	50.1913	25.31669
34	50.85009	0.0001
35	51.50875	0.0001
36	52.16726	0.0001
37	52.82563	0.0001
38	53.48384	0.0001
39	54.14192	37.65002
40	54.79985	0.0001
41	55.45764	0.0001
42	56.11528	0.0001
43	56.77278	0.0001
44	57.43013	0.0001
45	58.08733	0.0001
46	58.7444	217.3167
47	59.40131	229.9834
48	60.05809	559.3167
49	60.71471	261.9834
50	61.3712	231.3167
51	62.02753	0.0001
52	62.68372	0.0001
53	63.33977	0.0001
54	63.99567	0.0001
55	64.65143	75.65002
56	65.30704	60.98336
57	65.96251	238.3167
58	66.61784	231.65
59	67.27301	208.9834
60	67.92805	0.0001
61	68.58293	48.98336
62	69.23768	98.31669
63	69.89227	122.3167
64	70.54672	0.0001
65	71.20103	0.0001
66	71.85519	0.0001
67	72.50922	42.65002
68	73.16309	20.65002
69	73.81681	0.0001
70	74.4704	0.0001
71	75.12383	0.0001
72	75.77712	0.0001
73	76.43027	20.31669
74	77.08327	0.0001
75	77.73613	26.31669
76	78.38884	0.0001
77	79.04141	46.31669
78	79.69383	39.31669
79	80.34611	37.98336
80	80.99824	0.0001
81	81.65022	17.31669
82	82.30207	60.98336
83	82.95377	175.9834
84	83.60532	90.98336
85	84.25672	29.98336
86	84.90798	0.0001
87	85.5591	0.0001
88	86.21007	0.0001
89	86.86089	30.65002
90	87.51157	59.31669
91	88.16211	12.65002
92	88.8125	0.0001
93	89.46274	0.0001
94	90.11284	0.0001
95	90.76279	0.0001
96	91.41261	23.98336
97	92.06227	54.31669
98	92.71178	58.31669
99	93.36116	0.0001
100	94.01038	0.0001
101	94.65947	0.0001
102	95.30841	0.0001
103	95.9572	0.0001
104	96.60584	0.0001
105	97.25435	0.0001
106	97.9027	0.0001
107	98.55092	0.0001
108	99.19898	0.0001
109	99.8469	0.0001
110	100.4947	0.0001
111	101.1423	591.9833
112	101.7898	615.3167
113	102.4371	574.9833
114	103.0843	17.98336
115	103.7314	16.31669
116	104.3783	13.98336
117	105.025	0.0001
118	105.6716	0.0001
119	106.3181	0.0001
120	106.9644	0.0001
121	107.6106	0.0001
122	108.2566	0.0001
123	108.9025	0.0001
124	109.5483	0.0001
125	110.1939	0.6500244
126	110.8393	241.9834
127	111.4846	112.65
128	112.1298	388.9834
129	112.7748	164.9834
130	113.4197	406.65
131	114.0644	135.3167
132	114.709	109.9834
133	115.3534	5.983358
134	115.9977	0.0001
135	116.6418	16.31669
136	117.2858	0.0001
137	117.9297	0.0001
138	118.5734	17.31669
139	119.2169	34.65002
140	119.8603	0.0001
141	120.5036	0.0001
142	121.1467	0.0001
143	121.7897	0.0001
144	122.4325	0.0001
145	123.0752	0.0001
146	123.7178	0.0001
147	124.3602	0.0001
148	125.0024	0.0001
149	125.6445	0.0001
150	126.2865	0.0001
151	126.9283	0.0001
152	127.5699	0.0001
153	128.2115	0.0001
154	128.8528	0.0001
155	129.4941	0.0001
156	130.1351	66.31669
157	130.7761	124.3167
158	131.4169	509.9834
159	132.0575	399.3167
160	132.698	341.65
161	133.3384	0.0001
162	133.9786	0.0001
163	134.6187	0.0001
164	135.2586	0.0001
165	135.8984	0.0001
166	136.538	0.0001
167	137.1775	0.0001
168	137.8168	0.0001
169	138.456	0.0001
170	139.095	0.0001
171	139.7339	0.0001
172	140.3727	0.0001
173	141.0113	60.65002
174	141.6498	5.650024
175	142.2881	10.98336
176	142.9263	92.31669
177	143.5643	140.65
178	144.2022	148.65
179	144.8399	102.65
180	145.4775	81.31669
181	146.1149	63.98336
182	146.7522	0.0001
183	147.3894	0.0001
184	148.0264	0.0001
185	148.6632	0.0001
186	149.3	0.0001
187	149.9365	0.0001
188	150.5729	0.0001
189	151.2092	0.0001
190	151.8454	0.0001
191	152.4813	24.65002
192	153.1172	111.9834
193	153.7529	61.31669
194	154.3884	153.9834
195	155.0238	91.65002
196	155.6591	56.98336
197	156.2942	0.0001
198	156.9291	0.0001
199	157.564	32.98336
200	158.1986	64.65002
201	158.8332	0.0001
202	159.4675	0.0001
203	160.1018	0.0001
204	160.7359	0.0001
205	161.3698	61.65002
206	162.0036	13.31669
207	162.6373	68.31669
208	163.2708	0.0001
209	163.9041	82.98336
210	164.5373	13.65002
211	165.1704	0.0001
212	165.8033	0.0001
213	166.4361	0.0001
214	167.0687	0.0001
215	167.7012	0.0001
216	168.3335	0.0001
217	168.9657	2.650024
218	169.5978	0.0001
219	170.2297	0.0001
220	170.8614	0.0001
221	171.493	0.0001
222	172.1245	0.0001
223	172.7558	0.0001
224	173.387	0.0001
225	174.018	37.65002
226	174.6489	0.0001
227	175.2796	0.0001
228	175.9102	0.0001
229	176.5406	54.98336
230	177.1709	102.65
231	177.8011	47.98336
232	178.4311	2.316691
233	179.0609	53.31669
234	179.6906	67.31669
235	180.3202	54.31669
236	180.9496	8.983357
237	181.5789	0.0001
238	182.208	0.0001
239	182.837	0.0001
240	183.4658	0.0001
241	184.0945	0.0001
242	184.723	0.0001
243	185.3514	32.98336
244	185.9797	32.65002
245	186.6078	0.0001
246	187.2357	0.0001
247	187.8635	0.0001
248	188.4912	0.0001
249	189.1187	0.0001
250	189.7461	0.0001
251	190.3733	0.0001
252	191.0004	0.0001
253	191.6273	0.0001
254	192.2541	14.65002
255	192.8808	25.65002
256	193.5072	42.31669
257	194.1336	0.0001
258	194.7598	0.0001
259	195.3858	56.31669
260	196.0117	67.31669
261	196.6375	122.65
262	197.2631	255.9834
263	197.8886	247.9834
264	198.5139	285.9834
265	199.1391	0.0001
266	199.7641	0.0001
267	200.389	387.3167
268	201.0137	419.9834
269	201.6383	445.9834
270	202.2628	0.0001
271	202.8871	0.0001
272	203.5112	0.0001
273	204.1352	0.0001
274	204.7591	0.0001
275	205.3828	0.0001
276	206.0064	22.65002
277	206.6298	0.0001
278	207.2531	0.0001
279	207.8762	0.0001
280	208.4992	0.0001
281	209.122	22.65002
282	209.7447	0.0001
283	210.3672	18.31669
284	210.9896	0.0001
285	211.6119	21.31669
286	212.234	0.0001
287	212.8559	0.0001
288	213.4778	0.0001
289	214.0994	0.0001
290	214.7209	0.0001
291	215.3423	0.0001
292	215.9635	0.0001
293	216.5846	0.0001
294	217.2055	166.65
295	217.8263	197.9834
296	218.447	381.3167
297	219.0675	157.9834
298	219.6878	257.9834
299	220.308	161.65
300	220.9281	349.3167
301	221.548	204.9834
302	222.1677	102.65
303	222.7873	0.0001
304	223.4068	0.0001
305	224.0261	0.0001
306	224.6453	6.983358
307	225.2643	0.0001
308	225.8832	0.0001
309	226.5019	10.98336
310	227.1205	83.65002
311	227.739	75.31669
312	228.3573	33.31669
313	228.9754	19.31669
314	229.5934	0.0001
315	230.2112	0.0001
316	230.8289	0.0001
317	231.4465	0.0001
318	232.0639	0.0001
319	232.6812	0.0001
320	233.2983	0.0001
321	233.9153	18.98336
322	234.5321	32.31669
323	235.1488	222.9834
324	235.7653	138.9834
325	236.3817	74.65002
326	236.998	0.0001
327	237.6141	0.0001
328	238.23	0.0001
329	238.8458	42.65002
330	239.4615	0.0001
331	240.077	7.650024
332	240.6923	0.0001
333	241.3075	0.0001
334	241.9226	0.0001
335	242.5375	0.0001
336	243.1523	0.0001
337	243.7669	0.0001
338	244.3814	0.0001
339	244.9957	0.0001
340	245.6099	0.0001
341	246.224	0.0001
342	246.8379	0.0001
343	247.4516	0.0001
344	248.0652	0.0001
345	248.6786	0.0001
346	249.292	0.0001
347	249.9051	0.0001
348	250.5181	0.0001
349	251.131	0.0001
350	251.7437	0.0001
351	252.3563	0.0001
352	252.9687	0.0001
353	253.581	0.0001
354	254.1931	0.0001
355	254.8051	0.0001
356	255.4169	0.0001
357	256.0286	0.0001
358	256.6402	85.98336
359	257.2516	94.65002
360	257.8628	249.65
361	258.4739	12.98336
362	259.0849	7.650024
363	259.6957	357.9834
364	260.3063	399.65
365	260.9169	396.3167
366	261.5272	0.0001
367	262.1375	0.0001
368	262.7475	0.0001
369	263.3575	0.0001
370	263.9672	0.0001
371	264.5769	53.98336
372	265.1864	37.98336
373	265.7957	25.65002
374	266.4049	10.31669
375	267.0139	0.0001
376	267.6228	0.0001
377	268.2316	160.3167
378	268.8402	471.9834
379	269.4486	528.3167
380	270.0569	273.9834
381	270.6651	39.65002
382	271.2731	47.65002
383	271.881	0.0001
384	272.4887	0.0001
385	273.0963	0.0001
386	273.7037	0.0001
387	274.311	0.0001
388	274.9182	45.98336
389	275.5251	109.9834
390	276.132	20.65002
391	276.7387	0.0001
392	277.3452	0.0001
393	277.9516	0.0001
394	278.5579	0.0001
395	279.164	0.0001
396	279.7699	0.0001
397	280.3757	53.31669
398	280.9814	68.31669
399	281.5869	0.0001
400	282.1923	5.983358
401	282.7975	0.0001
402	283.4026	0.0001
403	284.0075	0.0001
404	284.6123	0.0001
405	285.2169	0.0001
406	285.8214	117.3167
407	286.4258	505.65
408	287.0299	954.9834
409	287.634	709.6501
410	288.2379	506.9834
411	288.8416	54.98336
412	289.4452	0.0001
413	290.0487	0.0001
414	290.652	0.0001
415	291.2552	0.0001
416	291.8582	0.0001
417	292.461	0.0001
418	293.0638	0.0001
419	293.6663	0.0001
420	294.2687	156.65
421	294.871	213.9834
422	295.4731	155.3167
423	296.0751	0.0001
424	296.677	0.0001
425	297.2787	18.98336
426	297.8802	0.0001
427	298.4816	57.98336
428	299.0828	162.3167
429	299.6839	128.65
430	300.2849	20.65002
431	300.8857	0.0001
432	301.4864	0.0001
433	302.0869	0.0001
434	302.6872	0.0001
435	303.2874	5.983358
436	303.8875	49.31669
437	304.4874	0.0001
438	305.0872	0.0001
439	305.6868	104.3167
440	306.2863	627.9833
441	306.8856	716.6501
442	307.4848	524.65
443	308.0838	13.65002
444	308.6827	0.0001
445	309.2815	0.0001
446	309.8801	0.0001
447	310.4785	0.0001
448	311.0768	0.0001
449	311.675	0.0001
450	312.2729	0.0001
451	312.8708	0.0001
452	313.4685	0.0001
453	314.0661	53.98336
454	314.6635	30.31669
455	315.2608	0.0001
456	315.8579	406.65
457	316.4549	487.3167
458	317.0517	565.3167
459	317.6483	31.65002
460	318.2449	0.0001
461	318.8412	0.0001
462	319.4375	0.0001
463	320.0336	0.0001
464	320.6295	0.0001
465	321.2253	0.0001
466	321.821	0.0001
467	322.4164	0.0001
468	323.0118	0.0001
469	323.607	0.0001
470	324.2021	0.0001
471	324.797	0.0001
472	325.3917	0.0001
473	325.9863	0.0001
474	326.5808	0.0001
475	327.1751	61.31669
476	327.7693	65.65002
477	328.3633	1.316691
478	328.9572	16.65002
479	329.5509	0.0001
480	330.1444	0.0001
481	330.7379	0.0001
482	331.3312	192.65
483	331.9243	199.3167
484	332.5173	552.65
485	333.1101	336.65
486	333.7028	368.65
487	334.2953	39.31669
488	334.8878	24.65002
489	335.48	0.0001
490	336.0721	0.0001
491	336.664	0.0001
492	337.2559	0.0001
493	337.8475	0.0001
494	338.439	0.0001
495	339.0304	0.0001
496	339.6216	100.65
497	340.2126	121.3167
498	340.8036	25.65002
499	341.3943	0.0001
500	341.985	1.983358
501	342.5754	0.0001
502	343.1658	0.0001
503	343.756	98.31669
504	344.346	151.65
505	344.9359	157.65
506	345.5256	15.98336
507	346.1152	0.0001
508	346.7046	0.0001
509	347.2939	0.6500244
510	347.8831	0.0001
511	348.472	2.650024
512	349.0609	0.0001
513	349.6496	14.65002
514	350.2381	0.0001
515	350.8265	0.0001
516	351.4148	0.0001
517	352.0029	0.0001
518	352.5909	0.0001
519	353.1787	0.0001
520	353.7664	0.0001
521	354.3539	0.0001
522	354.9412	0.0001
523	355.5284	0.0001
524	356.1155	0.0001
525	356.7025	0.0001
526	357.2892	0.0001
527	357.8759	26.65002
528	358.4623	115.9834
529	359.0487	43.65002
530	359.6349	5.650024
531	360.2209	0.0001
532	360.8068	0.0001
533	361.3925	0.0001
534	361.9781	0.0001
535	362.5636	0.0001
536	363.1489	0.0001
537	363.734	0.0001
538	364.319	0.0001
539	364.9039	0.0001
540	365.4886	0.0001
541	366.0731	0.0001
542	366.6575	18.98336
543	367.2418	0.0001
544	367.8259	0.0001
545	368.4099	0.0001
546	368.9937	0.0001
547	369.5774	0.0001
548	370.1609	0.0001
549	370.7443	0.0001
550	371.3275	56.65002
551	371.9106	48.98336
552	372.4935	109.9834
553	373.0763	48.65002
554	373.6589	0.0001
555	374.2414	0.0001
556	374.8237	31.31669
557	375.4059	58.65002
558	375.9879	109.9834
559	376.5698	34.31669
560	377.1516	87.65002
561	377.7332	158.9834
562	378.3146	104.65
563	378.8959	104.65
564	379.4771	0.0001
565	380.0581	0.0001
566	380.6389	0.0001
567	381.2196	0.0001
568	381.8002	62.65002
569	382.3806	47.31669
570	382.9608	88.31669
571	383.541	0.0001
572	384.1209	97.31669
573	384.7007	86.98336
574	385.2804	64.31669
575	385.8599	2.983358
576	386.4393	0.0001
577	387.0185	4.316691
578	387.5976	0.0001
579	388.1765	40.98336
580	388.7553	0.0001
581	389.3339	0.0001
582	389.9124	0.0001
583	390.4908	0.0001
584	391.0689	250.65
585	391.647	233.3167
586	392.2249	229.9834
587	392.8026	0.0001
588	393.3802	0.0001
589	393.9576	0.0001
590	394.5349	0.0001
591	395.1121	13.31669
592	395.6891	56.31669
593	396.2659	193.65
594	396.8426	23.31669
595	397.4192	63.31669
596	397.9956	0.0001
597	398.5718	225.9834
598	399.1479	160.65
599	399.7239	160.9834
600	400.2997	0.0001
601	400.8754	0.0001
602	401.4509	0.0001
603	402.0262	0.0001
604	402.6015	162.9834
605	403.1765	181.3167
606	403.7515	205.9834
607	404.3262	13.31669
608	404.9008	7.650024
609	405.4753	0.0001
610	406.0497	0.0001
611	406.6238	0.0001
612	407.1979	0.0001
613	407.7718	0.0001
614	408.3455	0.0001
615	408.9191	0.0001
616	409.4925	0.0001
617	410.0658	0.0001
618	410.6389	219.3167
619	411.2119	307.3167
620	411.7848	368.3167
621	412.3575	77.98336
622	412.93	1.983358
623	413.5024	0.0001
624	414.0746	0.0001
625	414.6467	0.0001
626	415.2187	0.0001
627	415.7905	0.0001
628	416.3621	0.3166911
629	416.9336	0.0001
630	417.505	19.98336
631	418.0762	0.0001
632	418.6472	0.0001
633	419.2182	0.0001
634	419.7889	0.0001
635	420.3595	0.0001
636	420.93	0.0001
637	421.5003	0.0001
638	422.0705	3.983358
639	422.6405	0.0001
640	423.2104	0.0001
641	423.7801	25.65002
642	424.3497	28.65002
643	424.9191	5.983358
644	425.4884	0.0001
645	426.0575	0.0001
646	426.6265	0.0001
647	427.1953	0.0001
648	427.764	0.0001
649	428.3325	0.0001
650	428.9009	0.0001
651	429.4691	0.0001
652	430.0372	0.0001
653	430.6051	0.0001
654	431.1729	14.98336
655	431.7406	21.98336
656	432.308	37.31669
657	432.8754	359.9834
658	433.4426	405.3167
659	434.0096	707.9834
660	434.5765	422.65
661	435.1432	443.9834
662	435.7099	77.98336
663	436.2763	0.0001
664	436.8426	0.0001
665	437.4088	0.0001
666	437.9748	20.98336
667	438.5406	14.31669
668	439.1063	0.0001
669	439.6719	0.0001
670	440.2373	82.98336
671	440.8025	37.31669
672	441.3676	108.9834
673	441.9326	72.98336
674	442.4974	56.98336
675	443.0621	0.0001
676	443.6266	0.0001
677	444.1909	0.0001
678	444.7552	19.65002
679	445.3192	56.98336
680	445.8831	0.0001
681	446.4469	0.0001
682	447.0105	0.0001
683	447.574	0.0001
684	448.1373	0.0001
685	448.7005	0.0001
686	449.2635	0.0001
687	449.8264	0.0001
688	450.3891	0.0001
689	450.9517	0.0001
690	451.5141	0.0001
691	452.0764	0.0001
692	452.6385	0.0001
693	453.2005	0.0001
694	453.7623	54.98336
695	454.324	54.65002
696	454.8855	30.65002
697	455.4469	0.0001
698	456.0081	8.983357
699	456.5692	91.98336
700	457.1302	11.31669
701	457.691	0.6500244
702	458.2516	0.0001
703	458.8121	0.0001
704	459.3724	0.0001
705	459.9326	0.0001
706	460.4927	0.0001
707	461.0526	0.0001
708	461.6123	0.0001
709	462.1719	0.0001
710	462.7314	0.0001
711	463.2906	0.0001
712	463.8498	282.65
713	464.4088	322.9834
714	464.9676	227.9834
715	465.5263	0.0001
716	466.0849	0.0001
717	466.6433	237.3167
718	467.2015	299.9834
719	467.7596	217.3167
720	468.3176	0.0001
721	468.8754	0.0001
722	469.433	0.0001
723	469.9906	196.3167
724	470.5479	286.3167
725	471.1051	300.65
726	471.6622	0.0001
727	472.2191	0.0001
728	472.7758	0.0001
729	473.3325	0.0001
730	473.8889	133.3167
731	474.4453	74.65002
732	475.0014	26.65002
733	475.5574	0.0001
734	476.1133	0.0001
735	476.669	0.0001
736	477.2246	0.0001
737	477.78	0.0001
738	478.3353	0.0001
739	478.8904	0.0001
740	479.4453	0.9833577
741	480.0002	18.65002
742	480.5548	0.0001
743	481.1093	0.0001
744	481.6637	0.0001
745	482.218	0.0001
746	482.772	0.0001
747	483.3259	1.316691
748	483.8797	0.0001
749	484.4333	0.0001
750	484.9868	0.0001
751	485.5401	0.0001
752	486.0933	210.9834
753	486.6463	194.9834
754	487.1992	252.65
755	487.752	0.0001
756	488.3045	0.0001
757	488.857	0.0001
758	489.4092	18.31669
759	489.9614	77.98336
760	490.5134	32.31669
761	491.0652	0.0001
762	491.6169	0.0001
763	492.1684	0.0001
764	492.7198	0.0001
765	493.271	0.0001
766	493.8221	0.0001
767	494.373	372.9834
768	494.9238	396.9834
769	495.4745	397.9834
770	496.0249	0.0001
771	496.5753	14.31669
772	497.1255	0.0001
773	497.6755	10.98336
774	498.2254	0.0001
775	498.7751	0.0001
776	499.3247	0.0001
777	499.8742	0.0001
778	500.4235	16.31669
779	500.9726	0.0001
780	501.5216	63.98336
781	502.0704	42.65002
782	502.6191	146.65
783	503.1677	59.31669
784	503.7161	22.65002
785	504.2643	0.0001
786	504.8124	0.0001
787	505.3604	0.0001
788	505.9081	0.0001
789	506.4558	29.31669
790	507.0033	87.98336
791	507.5506	152.65
792	508.0978	187.3167
793	508.6449	151.9834
794	509.1917	97.98336
795	509.7385	0.3166911
796	510.2851	8.650024
797	510.8315	30.98336
798	511.3778	23.65002
799	511.924	0.0001
800	512.47	0.0001
801	513.0159	121.3167
802	513.5615	147.9834
803	514.1071	148.65
804	514.6525	0.0001
805	515.1978	29.31669
806	515.7429	43.98336
807	516.2878	81.98336
808	516.8326	99.98336
809	517.3773	102.65
810	517.9218	72.65002
811	518.4661	83.31669
812	519.0103	110.9834
813	519.5543	114.65
814	520.0983	55.98336
815	520.642	83.98336
816	521.1856	49.31669
817	521.7291	54.65002
818	522.2723	22.98336
819	522.8155	69.31669
820	523.3585	103.9834
821	523.9014	143.9834
822	524.4441	152.65
823	524.9866	187.3167
824	525.5291	208.65
825	526.0713	361.9834
826	526.6134	491.9834
827	527.1553	499.9834
828	527.6971	419.3167
829	528.2388	327.9834
830	528.7803	443.9834
831	529.3217	475.9834
832	529.8629	581.65
833	530.4039	564.9833
834	530.9448	564.9833
835	531.4856	636.3167
836	532.0262	628.9833
837	532.5667	702.9834
838	533.1069	778.6501
839	533.6471	888.9834
840	534.1871	905.9834
841	534.727	786.9834
842	535.2667	868.9834
843	535.8062	886.3167
844	536.3456	978.9834
845	536.8849	914.3167
846	537.424	982.3167
847	537.963	1062.317
848	538.5018	1184.983
849	539.0404	1234.317
850	539.5789	1279.983
851	540.1172	1361.65
852	540.6555	1425.317
853	541.1935	1444.65
854	541.7314	1437.983
855	542.2692	1467.983
856	542.8068	1592.65
857	543.3442	1639.317
858	543.8815	1731.317
859	544.4187	1637.317
860	544.9557	1663.317
861	545.4926	1829.317
862	546.0293	1990.65
863	546.5659	2064.317
864	547.1022	1957.983
865	547.6385	1994.317
866	548.1746	2027.983
867	548.7106	2088.65
868	549.2463	2100.983
869	549.782	2238.65
870	550.3175	2313.983
871	550.8528	2385.983
872	551.3881	2344.317
873	551.9232	2387.317
874	552.458	2316.317
875	552.9928	2329.317
876	553.5274	2343.65
877	554.0618	2488.983
878	554.5961	2581.65
879	555.1303	2531.65
880	555.6643	2484.65
881	556.1981	2402.317
882	556.7319	2445.317
883	557.2654	2382.65
884	557.7988	2377.317
885	558.332	2979.316
886	558.8652	3036.65
887	559.3981	3007.316
888	559.9309	2350.65
889	560.4636	2303.983
890	560.996	2297.317
891	561.5284	2302.983
892	562.0606	2300.65
893	562.5927	2246.317
894	563.1246	2249.65
895	563.6563	2237.65
896	564.1879	2210.983
897	564.7194	2195.65
898	565.2507	2114.65
899	565.7818	2058.65
900	566.3128	2013.65
901	566.8436	1999.65
902	567.3743	2258.65
903	567.9049	2213.317
904	568.4353	2217.983
905	568.9655	1881.65
906	569.4956	1806.65
907	570.0256	1865.317
908	570.5554	1893.65
909	571.085	1863.317
910	571.6145	1709.65
911	572.1439	1651.983
912	572.673	1601.317
913	573.2021	1502.983
914	573.731	1586.983
915	574.2597	1659.317
916	574.7883	1661.983
917	575.3167	1599.65
918	575.845	1512.65
919	576.3732	1504.65
920	576.9011	1453.983
921	577.429	1405.983
922	577.9567	1504.65
923	578.4842	1471.983
924	579.0116	1479.983
925	579.5388	1309.983
926	580.0659	1266.65
927	580.5928	1320.65
928	581.1196	1348.317
929	581.6463	1442.983
930	582.1727	1389.65
931	582.6991	1522.983
932	583.2253	1579.65
933	583.7513	1632.983
934	584.2772	1629.65
935	584.8029	1616.983
936	585.3285	1576.317
937	585.8539	1524.317
938	586.3792	1458.65
939	586.9044	1504.983
940	587.4293	1767.65
941	587.9542	1754.65
942	588.4788	1705.65
943	589.0034	1410.983
944	589.5277	1464.317
945	590.0519	1431.317
946	590.576	1393.317
947	591.1	1387.65
948	591.6237	1476.317
949	592.1473	1516.983
950	592.6708	1473.317
951	593.1942	1411.983
952	593.7173	1480.983
953	594.2404	1466.317
954	594.7632	1572.65
955	595.2859	1561.317
956	595.8085	1630.65
957	596.3309	1549.317
958	596.8531	1534.65
959	597.3753	1514.65
960	597.8973	1523.317
961	598.4191	1477.983
962	598.9407	1486.983
963	599.4622	1546.65
964	599.9836	1655.983
965	600.5048	1616.983
966	601.0259	1534.65
967	601.5468	1423.317
968	602.0676	1571.317
969	602.5881	1688.317
970	603.1086	1858.317
971	603.6289	1745.65
972	604.149	1836.317
973	604.6691	1675.65
974	605.1889	1679.317
975	605.7086	1868.65
976	606.2282	1852.65
977	606.7476	1758.317
978	607.2668	1405.983
979	607.7859	1369.983
980	608.3049	1348.65
981	608.8237	1331.983
982	609.3423	1413.983
983	609.8608	1443.983
984	610.3792	1420.65
985	610.8974	1338.65
986	611.4154	1335.983
987	611.9333	1274.983
988	612.451	1299.983
989	612.9686	1244.317
990	613.4861	1236.65
991	614.0034	1205.317
992	614.5205	1270.65
993	615.0375	1274.317
994	615.5543	1526.317
995	616.071	1458.65
996	616.5876	1614.65
997	617.1039	1292.983
998	617.6202	1249.983
999	618.1363	1065.983
1000	618.6522	1124.983
1001	619.168	1162.65
1002	619.6836	1078.983
1003	620.1991	941.6501
1004	620.7144	888.3167
1005	621.2296	833.6501
1006	621.7446	816.6501
1007	622.2595	777.9834
1008	622.7742	801.9834
1009	623.2888	849.9834
1010	623.8032	812.6501
1011	624.3175	1185.983
1012	624.8316	1153.983
1013	625.3456	1493.983
1014	625.8594	1217.983
1015	626.373	1247.317
1016	626.8865	1017.983
1017	627.3999	952.6501
1018	627.9131	847.6501
1019	628.4262	866.3167
1020	628.9391	879.6501
1021	629.4519	992.3167
1022	629.9645	959.9834
1023	630.4769	855.9834
1024	630.9893	778.9834
1025	631.5014	706.6501
1026	632.0134	770.6501
1027	632.5253	905.9834
1028	633.037	849.9834
1029	633.5485	932.6501
1030	634.0599	873.9834
1031	634.5712	867.3167
1032	635.0823	848.6501
1033	635.5932	769.9834
1034	636.104	822.6501
1035	636.6146	666.65
1036	637.1251	641.3167
1037	637.6355	671.9833
1038	638.1457	751.9834
1039	638.6557	756.6501
1040	639.1656	653.65
1041	639.6754	705.3167
1042	640.1849	753.6501
1043	640.6943	764.6501
1044	641.2036	647.3167
1045	641.7128	544.65
1046	642.2217	481.3167
1047	642.7306	414.3167
1048	643.2393	480.65
1049	643.7477	1052.317
1050	644.2562	1077.65
1051	644.7643	973.6499
1052	645.2725	707.3167
1053	645.7803	724.3167
1054	646.2881	824.9834
1055	646.7958	499.65
1056	647.3032	537.9833
1057	647.8105	503.9834
1058	648.3177	565.65
1059	648.8247	507.65
1060	649.3315	494.3167
1061	649.8383	491.65
1062	650.3448	503.9834
1063	650.8513	480.3167
1064	651.3575	435.3167
1065	651.8636	438.9834
1066	652.3696	448.65
1067	652.8754	563.3167
1068	653.381	570.3167
1069	653.8865	657.3167
1070	654.3918	569.3167
1071	654.897	542.9833
1072	655.4021	403.3167
1073	655.907	365.65
1074	656.4117	727.9834
1075	656.9163	716.9834
1076	657.4208	769.3167
1077	657.925	394.3167
1078	658.4292	435.9834
1079	658.9332	362.65
1080	659.437	311.9834
1081	659.9407	234.65
1082	660.4442	293.3167
1083	660.9476	341.3167
1084	661.4508	369.3167
1085	661.9539	333.65
1086	662.4568	351.3167
1087	662.9596	377.9834
1088	663.4622	383.9834
1089	663.9647	323.3167
1090	664.467	316.3167
1091	664.9692	331.65
1092	665.4712	346.9834
1093	665.9731	297.65
1094	666.4748	354.3167
1095	666.9763	394.65
1096	667.4777	397.65
1097	667.979	267.65
1098	668.4801	215.3167
1099	668.9811	219.9834
1100	669.4819	284.3167
1101	669.9825	276.65
1102	670.483	255.9834
1103	670.9833	277.3167
1104	671.4836	253.3167
1105	671.9836	298.65
1106	672.4835	428.65
1107	672.9832	509.9834
1108	673.4828	486.9834
1109	673.9822	286.3167
1110	674.4816	194.3167
1111	674.9807	199.9834
1112	675.4797	233.9834
1113	675.9785	261.9834
1114	676.4772	257.3167
1115	676.9757	287.65
1116	677.4741	275.65
1117	677.9723	275.3167
1118	678.4704	175.65
1119	678.9683	152.9834
1120	679.4661	129.65
1121	679.9637	194.9834
1122	680.4611	313.9834
1123	680.9584	318.9834
1124	681.4556	288.9834
1125	681.9526	178.65
1126	682.4495	98.65002
1127	682.9462	53.98336
1128	683.4427	128.65
1129	683.9391	178.9834
1130	684.4354	177.3167
1131	684.9315	149.3167
1132	685.4274	149.65
1133	685.9232	121.65
1134	686.4189	416.65
1135	686.9144	474.3167
1136	687.4097	495.9834
1137	687.9049	311.9834
1138	688.4	286.65
1139	688.8948	341.3167
1140	689.3896	201.3167
1141	689.8842	243.9834
1142	690.3786	273.3167
1143	690.8729	246.9834
1144	691.367	182.3167
1145	691.861	168.9834
1146	692.3548	195.65
1147	692.8484	248.65
1148	693.342	186.65
1149	693.8353	116.9834
1150	694.3286	72.65002
1151	694.8216	53.31669
1152	695.3145	96.31669
1153	695.8073	152.3167
1154	696.2999	222.3167
1155	696.7924	287.65
1156	697.2847	159.9834
1157	697.7768	77.65002
1158	698.2688	0.0001
1159	698.7606	102.9834
1160	699.2523	127.3167
1161	699.7439	192.65
1162	700.2353	153.9834
1163	700.7265	127.3167
1164	701.2176	160.3167
1165	701.7085	100.3167
1166	702.1993	134.3167
1167	702.6899	70.65002
1168	703.1804	70.65002
1169	703.6707	160.65
1170	704.1609	112.65
1171	704.6509	214.9834
1172	705.1408	57.65002
1173	705.6305	36.31669
1174	706.1201	0.0001
1175	706.6095	17.98336
1176	707.0988	75.31669
1177	707.5879	86.65002
1178	708.0768	92.65002
1179	708.5656	567.3167
1180	709.0543	598.65
1181	709.5428	541.3167
1182	710.0311	159.3167
1183	710.5193	155.9834
1184	711.0074	165.9834
1185	711.4953	28.65002
1186	711.983	104.9834
1187	712.4706	77.98336
1188	712.9581	158.65
1189	713.4453	133.9834
1190	713.9324	126.65
1191	714.4194	94.65002
1192	714.9063	268.9834
1193	715.3929	636.9833
1194	715.8795	696.6501
1195	716.3658	495.9834
1196	716.8521	104.9834
1197	717.3381	315.65
1198	717.824	389.65
1199	718.3098	445.3167
1200	718.7954	177.65
1201	719.2809	40.98336
1202	719.7662	0.0001
1203	720.2513	0.0001
1204	720.7363	30.65002
1205	721.2212	66.65002
1206	721.7059	14.31669
1207	722.1904	0.0001
1208	722.6748	0.0001
1209	723.1591	62.65002
1210	723.6431	162.65
1211	724.1271	185.3167
1212	724.6108	59.98336
1213	725.0945	49.65002
1214	725.5779	32.31669
1215	726.0613	83.65002
1216	726.5444	89.98336
1217	727.0275	77.65002
1218	727.5103	0.0001
1219	727.993	0.0001
1220	728.4756	17.65002
1221	728.958	89.31669
1222	729.4403	168.65
1223	729.9224	117.9834
1224	730.4044	117.9834
1225	730.8862	40.65002
1226	731.3678	0.0001
1227	731.8493	0.0001
1228	732.3306	22.65002
1229	732.8118	44.65002
1230	733.2928	39.31669
1231	733.7737	16.65002
1232	734.2545	84.65002
1233	734.7351	47.98336
1234	735.2155	80.65002
1235	735.6958	31.98336
1236	736.1759	64.65002
1237	736.6559	0.0001
1238	737.1357	0.0001
1239	737.6154	0.0001
1240	738.0949	23.98336
1241	738.5742	0.0001
1242	739.0535	0.0001
1243	739.5325	0.0001
1244	740.0114	0.0001
1245	740.4902	0.0001
1246	740.9688	0.0001
1247	741.4472	0.0001
1248	741.9255	71.65002
1249	742.4036	56.98336
1250	742.8817	81.31669
1251	743.3595	0.0001
1252	743.8372	0.0001
1253	744.3147	0.0001
1254	744.7921	63.98336
1255	745.2693	71.98336
1256	745.7464	99.31669
1257	746.2233	0.0001
1258	746.7001	0.0001
1259	747.1767	297.65
1260	747.6531	338.65
1261	748.1295	367.65
1262	748.6056	6.650024
1263	749.0816	1.316691
1264	749.5575	0.0001
1265	750.0332	0.0001
1266	750.5087	0.0001
1267	750.9841	0.0001
1268	751.4594	0.0001
1269	751.9344	4.650024
1270	752.4094	0.0001
1271	752.8842	0.0001
1272	753.3588	0.0001
1273	753.8333	0.0001
1274	754.3076	0.0001
1275	754.7818	0.0001
1276	755.2558	55.98336
1277	755.7297	262.65
1278	756.2034	439.9834
1279	756.6769	368.65
1280	757.1503	183.9834
1281	757.6236	20.65002
1282	758.0967	0.0001
1283	758.5696	0.0001
1284	759.0425	0.0001
1285	759.5151	0.0001
1286	759.9876	275.65
1287	760.46	336.9834
1288	760.9321	418.9834
1289	761.4042	15.31669
1290	761.876	0.0001
1291	762.3478	0.0001
1292	762.8193	14.65002
1293	763.2908	61.31669
1294	763.762	0.0001
1295	764.2332	0.0001
1296	764.7042	0.0001
1297	765.1749	10.31669
1298	765.6456	0.0001
1299	766.1161	0.0001
1300	766.5865	0.0001
1301	767.0566	0.0001
1302	767.5267	0.0001
1303	767.9966	23.98336
1304	768.4664	39.98336
1305	768.9359	35.98336
1306	769.4054	0.0001
1307	769.8746	0.0001
1308	770.3438	0.0001
1309	770.8127	0.0001
1310	771.2816	0.0001
1311	771.7502	0.0001
1312	772.2188	132.65
1313	772.6871	64.98336
1314	773.1553	199.3167
1315	773.6234	113.65
1316	774.0913	165.65
1317	774.5591	73.65002
1318	775.0267	0.0001
1319	775.4941	0.0001
1320	775.9614	0.0001
1321	776.4286	0.0001
1322	776.8956	0.0001
1323	777.3624	0.0001
1324	777.829	16.65002
1325	778.2956	37.98336
1326	778.762	0.0001
1327	779.2282	0.0001
1328	779.6943	16.98336
1329	780.1602	52.31669
1330	780.626	143.3167
1331	781.0916	143.9834
1332	781.557	79.31669
1333	782.0223	901.9833
1334	782.4875	860.9832
1335	782.9525	920.6499
1336	783.4173	4.650024
1337	783.882	0.0001
1338	784.3466	0.0001
1339	784.8109	0.0001
1340	785.2751	0.0001
1341	785.7393	0.0001
1342	786.2032	0.0001
1343	786.6669	0.0001
1344	787.1306	0.0001
1345	787.5941	0.0001
1346	788.0574	0.0001
1347	788.5205	0.0001
1348	788.9835	181.3167
1349	789.4464	207.9834
1350	789.9091	283.9834
1351	790.3716	55.31669
1352	790.834	103.3167
1353	791.2963	46.65002
1354	791.7584	5.650024
1355	792.2203	0.0001
1356	792.6821	0.0001
1357	793.1437	24.31669
1358	793.6052	31.98336
1359	794.0665	483.9834
1360	794.5276	473.65
1361	794.9887	405.65
1362	795.4495	0.0001
1363	795.9103	0.0001
1364	796.3708	0.0001
1365	796.8312	0.0001
1366	797.2914	0.0001
1367	797.7515	0.0001
1368	798.2115	0.0001
1369	798.6713	0.0001
1370	799.1309	0.0001
1371	799.5904	0.0001
1372	800.0497	0.0001
1373	800.5089	0.0001
1374	800.968	0.0001
1375	801.4268	0.0001
1376	801.8855	11.98336
1377	802.3441	0.0001
1378	802.8025	0.0001
1379	803.2607	0.0001
1380	803.7189	0.0001
1381	804.1768	0.0001
1382	804.6346	0.0001
1383	805.0922	0.0001
1384	805.5497	0.0001
1385	806.0071	0.0001
1386	806.4642	0.0001
1387	806.9213	0.0001
1388	807.3782	0.0001
1389	807.8349	0.0001
1390	808.2914	0.0001
1391	808.7479	0.0001
1392	809.2041	0.0001
1393	809.6602	0.0001
1394	810.1161	0.0001
1395	810.572	0.0001
1396	811.0276	0.0001
1397	811.4831	17.65002
1398	811.9385	0.0001
1399	812.3937	0.0001
1400	812.8487	0.0001
1401	813.3036	0.0001
1402	813.7583	18.98336
1403	814.2128	0.0001
1404	814.6673	0.0001
1405	815.1215	0.0001
1406	815.5757	0.0001
1407	816.0296	0.0001
1408	816.4834	0.0001
1409	816.9371	0.0001
1410	817.3906	0.0001
1411	817.8439	32.98336
1412	818.2971	67.98336
1413	818.7501	15.31669
1414	819.203	62.98336
1415	819.6558	0.0001
1416	820.1083	0.0001
1417	820.5607	0.0001
1418	821.013	0.0001
1419	821.4651	0.0001
1420	821.9171	0.0001
1421	822.3689	0.0001
1422	822.8206	25.31669
1423	823.2721	168.3167
1424	823.7234	245.65
1425	824.1746	165.3167
1426	824.6257	72.65002
1427	825.0765	84.65002
1428	825.5273	19.98336
1429	825.9778	0.0001
1430	826.4283	0.0001
1431	826.8785	0.0001
1432	827.3287	0.0001
1433	827.7786	0.0001
1434	828.2285	0.0001
1435	828.6781	0.0001
1436	829.1276	0.0001
1437	829.577	0.0001
1438	830.0261	0.0001
1439	830.4752	0.0001
1440	830.9241	0.0001
1441	831.3728	12.65002
1442	831.8214	244.9834
1443	832.2698	266.9834
1444	832.7181	233.3167
1445	833.1662	63.65002
1446	833.6141	45.31669
1447	834.062	0.0001
1448	834.5096	0.0001
1449	834.9572	0.0001
1450	835.4045	160.65
1451	835.8517	244.65
1452	836.2987	297.9834
1453	836.7456	21.65002
1454	837.1923	0.0001
1455	837.6389	0.0001
1456	838.0853	35.31669
1457	838.5316	0.0001
1458	838.9777	30.65002
1459	839.4237	127.65
1460	839.8695	146.3167
1461	840.3152	73.65002
1462	840.7607	0.0001
1463	841.206	0.0001
1464	841.6512	181.3167
1465	842.0963	167.9834
1466	842.5411	290.9834
1467	842.9859	36.65002
1468	843.4305	45.98336
1469	843.8749	0.0001
1470	844.3192	0.0001
1471	844.7632	0.0001
1472	845.2072	0.0001
1473	845.6511	0.0001
1474	846.0947	8.650024
1475	846.5382	0.0001
1476	846.9816	0.0001
1477	847.4247	0.0001
1478	847.8678	0.0001
1479	848.3107	0.0001
1480	848.7534	0.0001
1481	849.196	0.0001
1482	849.6384	0.0001
1483	850.0807	0.0001
1484	850.5228	0.0001
1485	850.9647	128.3167
1486	851.4066	85.98336
1487	851.8482	60.31669
1488	852.2897	0.0001
1489	852.7311	4.650024
1490	853.1722	54.65002
1491	853.6133	0.0001
1492	854.0541	0.0001
1493	854.4949	0.0001
1494	854.9355	0.0001
1495	855.3759	0.0001
1496	855.8162	0.0001
1497	856.2563	0.0001
1498	856.6962	68.65002
1499	857.136	0.0001
1500	857.5757	193.9834
1501	858.0152	125.3167
1502	858.4545	149.3167
1503	858.8937	0.0001
1504	859.3328	0.0001
1505	859.7716	0.0001
1506	860.2103	0.6500244
1507	860.6489	34.98336
1508	861.0873	50.98336
1509	861.5256	0.0001
1510	861.9637	0.0001
1511	862.4017	0.0001
1512	862.8395	0.0001
1513	863.2771	0.0001
1514	863.7146	0.0001
1515	864.1519	0.0001
1516	864.5891	0.0001
1517	865.0261	0.0001
1518	865.463	61.65002
1519	865.8997	0.0001
1520	866.3363	19.98336
1521	866.7727	0.0001
1522	867.209	0.0001
1523	867.6451	0.0001
1524	868.081	0.0001
1525	868.5168	0.0001
1526	868.9525	0.0001
1527	869.3879	0.0001
1528	869.8232	0.0001
1529	870.2584	0.0001
1530	870.6935	0.0001
1531	871.1284	0.0001
1532	871.563	28.31669
1533	871.9976	0.0001
1534	872.432	48.98336
1535	872.8663	0.0001
1536	873.3004	111.9834
1537	873.7343	125.65
1538	874.1681	98.65002
1539	874.6017	0.0001
1540	875.0352	0.0001
1541	875.4685	0.0001
1542	875.9017	0.0001
1543	876.3347	0.0001
1544	876.7676	0.0001
1545	877.2003	0.0001
1546	877.6328	0.0001
1547	878.0652	0.0001
1548	878.4974	135.9834
1549	878.9296	67.31669
1550	879.3615	121.9834
1551	879.7933	37.31669
1552	880.2249	217.3167
1553	880.6564	174.65
1554	881.0877	105.3167
1555	881.5189	0.0001
1556	881.9498	0.0001
1557	882.3807	0.0001
1558	882.8114	0.0001
1559	883.2419	0.0001
1560	883.6723	259.3167
1561	884.1025	243.3167
1562	884.5327	256.3167
1563	884.9626	34.31669
1564	885.3923	166.3167
1565	885.822	144.65
1566	886.2514	33.65002
1567	886.6807	0.0001
1568	887.1099	0.0001
1569	887.5389	0.0001
1570	887.9677	0.0001
1571	888.3964	0.0001
1572	888.825	0.0001
1573	889.2533	109.9834
1574	889.6815	158.65
1575	890.1096	169.9834
1576	890.5375	0.0001
1577	890.9653	0.0001
1578	891.3929	0.0001
1579	891.8204	20.65002
1580	892.2477	0.0001
1581	892.6748	0.0001
1582	893.1018	183.9834
1583	893.5286	228.3167
1584	893.9553	294.65
1585	894.3818	0.0001
1586	894.8082	0.0001
1587	895.2344	0.0001
1588	895.6605	0.0001
1589	896.0864	0.0001
1590	896.5121	0.0001
1591	896.9377	61.31669
1592	897.3632	450.9834
1593	897.7885	871.9834
1594	898.2136	805.6501
1595	898.6385	384.9834
1596	899.0634	0.0001
1597	899.488	0.0001
1598	899.9125	0.0001
1599	900.3369	0.0001
1600	900.7611	0.0001
1601	901.1852	0.0001
1602	901.6091	0.0001
1603	902.0328	0.0001
1604	902.4564	0.0001
1605	902.8798	0.0001
1606	903.303	0.0001
1607	903.7262	0.0001
1608	904.1492	0.0001
1609	904.572	0.0001
1610	904.9946	0.0001
1611	905.4171	0.0001
1612	905.8395	0.0001
1613	906.2617	0.0001
1614	906.6837	0.0001
1615	907.1056	0.0001
1616	907.5273	11.98336
1617	907.9489	29.31669
1618	908.3703	0.0001
1619	908.7915	0.0001
1620	909.2126	0.0001
1621	909.6336	0.0001
1622	910.0544	0.0001
1623	910.475	0.0001
1624	910.8955	0.0001
1625	911.3159	0.0001
1626	911.736	0.0001
1627	912.1561	0.0001
1628	912.5759	0.0001
1629	912.9956	145.65
1630	913.4152	92.98336
1631	913.8346	60.98336
1632	914.2538	0.0001
1633	914.6729	0.0001
1634	915.0919	0.0001
1635	915.5106	0.0001
1636	915.9293	0.0001
1637	916.3477	0.0001
1638	916.7661	0.0001
1639	917.1842	0.0001
1640	917.6022	0.0001
1641	918.0201	0.0001
1642	918.4377	0.0001
1643	918.8553	0.0001
1644	919.2727	0.0001
1645	919.6899	21.31669
1646	920.107	28.65002
1647	920.5239	64.65002
1648	920.9407	27.31669
1649	921.3573	16.65002
1650	921.7737	0.0001
1651	922.19	0.0001
1652	922.6062	0.0001
1653	923.0222	0.0001
1654	923.438	0.0001
1655	923.8537	0.0001
1656	924.2692	0.0001
1657	924.6846	0.0001
1658	925.0998	0.0001
1659	925.5148	122.9834
1660	925.9297	113.65
1661	926.3445	91.98336
1662	926.7591	0.0001
1663	927.1735	0.0001
1664	927.5878	0.0001
1665	928.002	0.0001
1666	928.4159	0.0001
1667	928.8297	0.0001
1668	929.2434	73.65002
1669	929.6569	68.98336
1670	930.0703	370.9834
1671	930.4835	232.65
1672	930.8965	260.65
1673	931.3094	0.0001
1674	931.7221	0.0001
1675	932.1347	0.0001
1676	932.5471	0.0001
1677	932.9594	0.0001
1678	933.3715	0.0001
1679	933.7834	0.0001
1680	934.1953	0.0001
1681	934.6069	0.0001
1682	935.0184	21.31669
1683	935.4297	16.65002
1684	935.8409	0.0001
1685	936.2519	0.0001
1686	936.6628	0.0001
1687	937.0735	0.0001
1688	937.484	0.0001
1689	937.8944	0.0001
1690	938.3047	0.0001
1691	938.7148	0.0001
1692	939.1247	0.0001
1693	939.5345	272.9834
1694	939.9441	388.9834
1695	940.3536	348.9834
1696	940.7629	87.98336
1697	941.1721	49.31669
1698	941.5811	90.65002
1699	941.9899	0.0001
1700	942.3986	0.0001
1701	942.8071	0.0001
1702	943.2155	84.98336
1703	943.6237	95.98336
1704	944.0318	95.98336
1705	944.4397	0.0001
1706	944.8475	0.0001
1707	945.2551	0.0001
1708	945.6625	0.0001
1709	946.0698	0.0001
1710	946.4769	0.0001
1711	946.8839	0.0001
1712	947.2908	0.0001
1713	947.6974	0.0001
1714	948.1039	0.0001
1715	948.5103	0.0001
1716	948.9165	54.98336
1717	949.3226	110.65
1718	949.7285	6.983358
1719	950.1342	0.3166911
1720	950.5397	0.0001
1721	950.9452	0.0001
1722	951.3505	88.65002
1723	951.7556	57.31669
1724	952.1605	111.9834
1725	952.5653	0.0001
1726	952.97	0.0001
1727	953.3745	0.0001
1728	953.7788	0.0001
1729	954.183	0.0001
1730	954.587	0.0001
1731	954.9909	39.98336
1732	955.3946	40.65002
1733	955.7982	16.98336
1734	956.2015	0.0001
1735	956.6048	0.0001
1736	957.0079	0.0001
1737	957.4108	0.0001
1738	957.8136	90.31669
1739	958.2162	0.0001
1740	958.6187	0.0001
1741	959.0211	0.0001
1742	959.4232	0.0001
1743	959.8252	178.9834
1744	960.2271	265.9834
1745	960.6287	245.65
1746	961.0303	0.0001
1747	961.4316	0.0001
1748	961.8329	0.0001
1749	962.2339	0.0001
1750	962.6348	0.0001
1751	963.0356	0.0001
1752	963.4362	0.0001
1753	963.8367	0.0001
1754	964.2369	0.0001
1755	964.6371	0.0001
1756	965.037	18.31669
1757	965.4369	127.3167
1758	965.8365	135.65
1759	966.236	21.98336
1760	966.6354	0.0001
1761	967.0346	0.0001
1762	967.4337	0.0001
1763	967.8325	0.0001
1764	968.2313	0.0001
1765	968.6298	0.0001
1766	969.0283	0.0001
1767	969.4265	0.0001
1768	969.8246	0.0001
1769	970.2226	0.0001
1770	970.6204	0.0001
1771	971.018	0.0001
1772	971.4155	17.31669
1773	971.8128	105.3167
1774	972.21	29.31669
1775	972.607	0.0001
1776	973.0039	0.0001
1777	973.4006	0.0001
1778	973.7971	5.650024
1779	974.1935	529.65
1780	974.5898	590.9833
1781	974.9858	435.3167
1782	975.3818	72.31669
1783	975.7775	87.31669
1784	976.1732	93.98336
1785	976.5686	2.316691
1786	976.9639	86.31669
1787	977.3591	16.31669
1788	977.754	0.0001
1789	978.1489	0.0001
1790	978.5436	0.0001
1791	978.938	65.31669
1792	979.3325	115.65
1793	979.7266	117.65
1794	980.1207	194.65
1795	980.5146	66.65002
1796	980.9083	41.31669
1797	981.3019	0.0001
1798	981.6954	0.0001
1799	982.0886	0.0001
1800	982.4818	25.65002
1801	982.8747	0.0001
1802	983.2675	0.0001
1803	983.6602	38.65002
1804	984.0527	20.98336
1805	984.445	6.316691
1806	984.8372	0.0001
1807	985.2292	0.0001
1808	985.621	0.0001
1809	986.0128	0.0001
1810	986.4044	31.31669
1811	986.7957	0.0001
1812	987.187	0.0001
1813	987.5781	0.0001
1814	987.969	60.65002
1815	988.3597	141.3167
1816	988.7504	189.9834
1817	989.1409	73.31669
1818	989.5311	0.0001
1819	989.9213	0.0001
1820	990.3113	0.0001
1821	990.7011	0.0001
1822	991.0908	0.0001
1823	991.4803	0.0001
1824	991.8697	0.0001
1825	992.2589	0.0001
1826	992.648	150.9834
1827	993.0369	216.9834
1828	993.4257	208.65
1829	993.8142	0.0001
1830	994.2026	101.65
1831	994.5909	111.9834
1832	994.9791	215.9834
1833	995.367	0.0001
1834	995.7548	0.0001
1835	996.1425	0.0001
1836	996.53	0.0001
1837	996.9173	0.0001
1838	997.3045	0.0001
1839	997.6915	0.0001
1840	998.0784	0.0001
1841	998.4651	0.0001
1842	998.8516	77.31669
1843	999.238	116.3167
1844	999.6243	90.65002
1845	1000.01	57.31669
1846	1000.396	71.98336
1847	1000.782	0.0001
1848	1001.168	0.0001
1849	1001.553	323.3167
1850	1001.938	382.65
1851	1002.324	365.9834
1852	1002.709	0.0001
1853	1003.093	0.0001
1854	1003.478	0.0001
1855	1003.863	14.65002
1856	1004.247	65.31669
1857	1004.631	9.650024
1858	1005.015	0.0001
1859	1005.399	0.0001
1860	1005.783	0.0001
1861	1006.167	0.0001
1862	1006.55	0.0001
1863	1006.933	0.0001
1864	1007.316	0.0001
1865	1007.699	0.0001
1866	1008.082	0.0001
1867	1008.465	0.0001
1868	1008.847	0.0001
1869	1009.23	0.0001
1870	1009.612	0.0001
1871	1009.994	0.0001
1872	1010.376	0.0001
1873	1010.757	0.0001
1874	1011.139	0.0001
1875	1011.52	0.0001
1876	1011.901	0.0001
1877	1012.283	0.0001
1878	1012.664	0.0001
1879	1013.044	0.0001
1880	1013.425	0.0001
1881	1013.805	0.0001
1882	1014.186	0.0001
1883	1014.566	0.0001
1884	1014.946	0.0001
1885	1015.326	0.0001
1886	1015.705	0.0001
1887	1016.085	0.0001
1888	1016.464	72.65002
1889	1016.843	84.31669
1890	1017.222	2.316691
1891	1017.601	0.0001
1892	1017.98	0.0001
1893	1018.359	0.0001
1894	1018.737	0.0001
1895	1019.115	0.0001
1896	1019.493	0.0001
1897	1019.871	0.0001
1898	1020.249	0.0001
1899	1020.627	0.0001
1900	1021.004	0.0001
1901	1021.382	0.0001
1902	1021.759	0.0001
1903	1022.136	0.0001
1904	1022.513	0.0001
1905	1022.889	0.0001
1906	1023.266	0.0001
1907	1023.642	0.0001
1908	1024.018	0.0001
1909	1024.395	0.0001
1910	1024.77	65.65002
1911	1025.146	58.31669
1912	1025.522	78.98336
1913	1025.897	73.65002
1914	1026.272	6.983358
1915	1026.648	0.0001
1916	1027.023	0.0001
1917	1027.397	0.0001
1918	1027.772	29.31669
1919	1028.146	0.0001
1920	1028.521	0.0001
1921	1028.895	0.0001
1922	1029.269	0.0001
1923	1029.643	0.0001
1924	1030.017	0.0001
1925	1030.39	0.0001
1926	1030.764	0.0001
1927	1031.137	0.0001
1928	1031.51	0.0001
1929	1031.883	23.98336
1930	1032.256	359.9834
1931	1032.628	574.3167
1932	1033.001	450.65
1933	1033.373	155.9834
1934	1033.745	0.0001
1935	1034.117	0.0001
1936	1034.489	0.0001
1937	1034.861	0.0001
1938	1035.232	0.0001
1939	1035.604	0.0001
1940	1035.975	0.0001
1941	1036.346	15.65002
1942	1036.717	0.0001
1943	1037.088	294.65
1944	1037.458	319.65
1945	1037.828	270.3167
1946	1038.199	0.0001
1947	1038.569	0.0001
1948	1038.939	0.0001
1949	1039.309	0.0001
1950	1039.678	0.0001
1951	1040.048	0.0001
1952	1040.417	0.0001
1953	1040.786	0.0001
1954	1041.155	0.0001
1955	1041.524	0.0001
1956	1041.893	0.0001
1957	1042.261	0.0001
1958	1042.63	0.0001
1959	1042.998	0.0001
1960	1043.366	0.0001
1961	1043.734	0.0001
1962	1044.102	2.983358
1963	1044.469	0.0001
1964	1044.837	0.0001
1965	1045.204	0.0001
1966	1045.571	0.0001
1967	1045.938	0.0001
1968	1046.305	0.0001
1969	1046.672	0.0001
1970	1047.038	0.0001
1971	1047.404	0.0001
1972	1047.771	0.0001
1973	1048.136	0.0001
1974	1048.502	30.65002
1975	1048.868	44.31669
1976	1049.234	61.98336
1977	1049.599	0.0001
1978	1049.964	0.0001
1979	1050.329	0.0001
1980	1050.694	102.65
1981	1051.059	188.65
1982	1051.424	273.9834
1983	1051.788	8.983357
1984	1052.152	0.0001
1985	1052.516	0.0001
1986	1052.88	32.31669
1987	1053.244	53.31669
1988	1053.608	127.3167
1989	1053.971	157.3167
1990	1054.335	143.65
1991	1054.698	235.3167
1992	1055.061	42.31669
1993	1055.424	2.316691
1994	1055.787	22.98336
1995	1056.149	50.98336
1996	1056.512	165.65
1997	1056.874	0.0001
1998	1057.236	0.0001
1999	1057.598	0.0001
2000	1057.96	0.0001
2001	1058.321	0.0001
2002	1058.683	2.983358
2003	1059.044	0.0001
2004	1059.405	50.31669
2005	1059.766	12.98336
2006	1060.127	0.0001
2007	1060.488	0.0001
2008	1060.848	0.0001
2009	1061.209	0.0001
2010	1061.569	29.31669
2011	1061.929	94.31669
2012	1062.289	83.65002
2013	1062.648	19.65002
2014	1063.008	77.98336
2015	1063.367	519.9833
2016	1063.727	632.65
2017	1064.086	497.9834
2018	1064.445	109.9834
2019	1064.804	0.0001
2020	1065.162	0.0001
2021	1065.521	270.65
2022	1065.879	331.65
2023	1066.237	352.3167
2024	1066.595	0.0001
2025	1066.953	0.0001
2026	1067.311	0.0001
2027	1067.668	0.0001
2028	1068.026	0.0001
2029	1068.383	0.0001
2030	1068.74	0.0001
2031	1069.097	0.0001
2032	1069.453	0.0001
2033	1069.81	0.0001
2034	1070.166	62.98336
2035	1070.523	0.0001
2036	1070.879	0.0001
2037	1071.235	0.0001
2038	1071.591	0.0001
2039	1071.946	14.31669
2040	1072.302	48.65002
2041	1072.657	79.31669
2042	1073.012	0.0001
2043	1073.367	10.65002
2044	1073.722	0.0001
2045	1074.077	0.0001
2046	1074.431	2.983358
2047	1074.786	48.15002
