0	28.36968	400.9
1	29.03326	220.8666
2	29.69669	0.0001
3	30.35998	0.0001
4	31.02312	0.0001
5	31.68612	0.0001
6	32.34897	0.0001
7	33.01168	0.0001
8	33.67424	0.0001
9	34.33666	0.0001
10	34.99894	0.0001
11	35.66106	0.0001
12	36.32305	0.0001
13	36.98489	0.0001
14	37.64658	0.0001
15	38.30814	993.4666
16	38.96954	1161.133
17	39.6308	1155.8
18	40.29192	0.0001
19	40.95289	0.0001
20	41.61372	0.0001
21	42.2744	0.0001
22	42.93494	6.466593
23	43.59533	54.79993
24	44.25558	23.79993
25	44.91568	764.7999
26	45.57564	727.7998
27	46.23545	716.1331
28	46.89512	0.0001
29	47.55465	0.0001
30	48.21402	0.0001
31	48.87326	78.46659
32	49.53235	0.0001
33	50.1913	41.46659
34	50.85009	0.0001
35	51.50875	0.0001
36	52.16726	0.0001
37	52.82563	0.0001
38	53.48384	0.0001
39	54.14192	61.46659
40	54.79985	10.46659
41	55.45764	0.0001
42	56.11528	0.0001
43	56.77278	0.0001
44	57.43013	0.0001
45	58.08733	0.0001
46	58.7444	205.1333
47	59.40131	203.7999
48	60.05809	538.1332
49	60.71471	220.1333
50	61.3712	233.4666
51	62.02753	0.0001
52	62.68372	0.0001
53	63.33977	0.0001
54	63.99567	0.0001
55	64.65143	62.79993
56	65.30704	71.79993
57	65.96251	234.7999
58	66.61784	235.4666
59	67.27301	215.7999
60	67.92805	0.0001
61	68.58293	26.13326
62	69.23768	79.79993
63	69.89227	142.7999
64	70.54672	0.0001
65	71.20103	0.0001
66	71.85519	0.0001
67	72.50922	2.13326
68	73.16309	0.0001
69	73.81681	0.0001
70	74.4704	0.0001
71	75.12383	0.0001
72	75.77712	0.0001
73	76.43027	0.0001
74	77.08327	0.0001
75	77.73613	0.0001
76	78.38884	0.0001
77	79.04141	0.0001
78	79.69383	8.799927
79	80.34611	57.46659
80	80.99824	42.46659
81	81.65022	54.46659
82	82.30207	90.13326
83	82.95377	193.1333
84	83.60532	134.4666
85	84.25672	81.46659
86	84.90798	0.0001
87	85.5591	0.0001
88	86.21007	0.0001
89	86.86089	0.0001
90	87.51157	21.13326
91	88.16211	0.0001
92	88.8125	0.0001
93	89.46274	0.0001
94	90.11284	0.0001
95	90.76279	0.0001
96	91.41261	47.79993
97	92.06227	19.79993
98	92.71178	0.7999268
99	93.36116	0.0001
100	94.01038	0.0001
101	94.65947	0.0001
102	95.30841	0.0001
103	95.9572	0.0001
104	96.60584	0.0001
105	97.25435	0.0001
106	97.9027	0.0001
107	98.55092	0.0001
108	99.19898	0.0001
109	99.8469	0.0001
110	100.4947	0.0001
111	101.1423	580.7999
112	101.7898	616.4666
113	102.4371	607.1332
114	103.0843	49.13326
115	103.7314	24.79993
116	104.3783	43.46659
117	105.025	0.0001
118	105.6716	0.0001
119	106.3181	0.0001
120	106.9644	0.0001
121	107.6106	0.0001
122	108.2566	0.0001
123	108.9025	0.0001
124	109.5483	0.0001
125	110.1939	12.79993
126	110.8393	286.7999
127	111.4846	135.1333
128	112.1298	419.4666
129	112.7748	168.1333
130	113.4197	418.7999
131	114.0644	125.4666
132	114.709	113.4666
133	115.3534	9.466594
134	115.9977	0.0001
135	116.6418	11.79993
136	117.2858	0.0001
137	117.9297	0.0001
138	118.5734	0.0001
139	119.2169	22.79993
140	119.8603	0.0001
141	120.5036	0.0001
142	121.1467	0.0001
143	121.7897	0.0001
144	122.4325	0.0001
145	123.0752	0.0001
146	123.7178	0.0001
147	124.3602	0.0001
148	125.0024	0.0001
149	125.6445	0.0001
150	126.2865	0.0001
151	126.9283	0.0001
152	127.5699	0.0001
153	128.2115	0.0001
154	128.8528	0.0001
155	129.4941	0.0001
156	130.1351	116.4666
157	130.7761	169.7999
158	131.4169	560.4666
159	132.0575	439.4666
160	132.698	386.1333
161	133.3384	0.0001
162	133.9786	0.0001
163	134.6187	0.0001
164	135.2586	0.0001
165	135.8984	0.0001
166	136.538	0.0001
167	137.1775	0.0001
168	137.8168	18.13326
169	138.456	6.466593
170	139.095	0.0001
171	139.7339	0.0001
172	140.3727	0.0001
173	141.0113	0.0001
174	141.6498	0.0001
175	142.2881	0.0001
176	142.9263	10.46659
177	143.5643	63.79993
178	144.2022	92.13326
179	144.8399	108.4666
180	145.4775	140.1333
181	146.1149	95.46659
182	146.7522	0.0001
183	147.3894	0.0001
184	148.0264	0.0001
185	148.6632	0.0001
186	149.3	0.0001
187	149.9365	0.0001
188	150.5729	0.0001
189	151.2092	0.0001
190	151.8454	0.0001
191	152.4813	58.13326
192	153.1172	126.4666
193	153.7529	46.79993
194	154.3884	94.79993
195	155.0238	10.13326
196	155.6591	0.0001
197	156.2942	0.0001
198	156.9291	0.0001
199	157.564	70.13326
200	158.1986	80.79993
201	158.8332	0.0001
202	159.4675	0.0001
203	160.1018	0.0001
204	160.7359	0.0001
205	161.3698	63.13326
206	162.0036	0.0001
207	162.6373	57.13326
208	163.2708	0.0001
209	163.9041	63.79993
210	164.5373	6.799927
211	165.1704	0.0001
212	165.8033	0.0001
213	166.4361	0.0001
214	167.0687	0.0001
215	167.7012	0.0001
216	168.3335	0.0001
217	168.9657	0.0001
218	169.5978	0.0001
219	170.2297	0.0001
220	170.8614	0.0001
221	171.493	0.0001
222	172.1245	0.0001
223	172.7558	0.0001
224	173.387	18.46659
225	174.018	63.46659
226	174.6489	0.0001
227	175.2796	0.0001
228	175.9102	0.0001
229	176.5406	0.0001
230	177.1709	42.79993
231	177.8011	0.0001
232	178.4311	0.0001
233	179.0609	0.0001
234	179.6906	10.79993
235	180.3202	53.79993
236	180.9496	34.79993
237	181.5789	0.0001
238	182.208	0.0001
239	182.837	0.0001
240	183.4658	0.0001
241	184.0945	0.0001
242	184.723	3.466594
243	185.3514	0.0001
244	185.9797	4.799927
245	186.6078	0.0001
246	187.2357	0.0001
247	187.8635	0.0001
248	188.4912	0.0001
249	189.1187	0.0001
250	189.7461	0.0001
251	190.3733	0.0001
252	191.0004	0.0001
253	191.6273	0.0001
254	192.2541	8.13326
255	192.8808	26.79993
256	193.5072	71.46659
257	194.1336	8.799927
258	194.7598	0.0001
259	195.3858	86.79993
260	196.0117	59.79993
261	196.6375	76.79993
262	197.2631	155.4666
263	197.8886	154.4666
264	198.5139	232.1333
265	199.1391	0.0001
266	199.7641	0.0001
267	200.389	406.7999
268	201.0137	409.1333
269	201.6383	409.1333
270	202.2628	0.0001
271	202.8871	0.0001
272	203.5112	0.0001
273	204.1352	0.0001
274	204.7591	0.0001
275	205.3828	0.0001
276	206.0064	0.0001
277	206.6298	0.0001
278	207.2531	0.0001
279	207.8762	0.0001
280	208.4992	6.799927
281	209.122	33.46659
282	209.7447	0.0001
283	210.3672	0.0001
284	210.9896	0.0001
285	211.6119	0.0001
286	212.234	0.0001
287	212.8559	0.0001
288	213.4778	0.0001
289	214.0994	0.0001
290	214.7209	0.0001
291	215.3423	0.0001
292	215.9635	0.0001
293	216.5846	0.0001
294	217.2055	174.7999
295	217.8263	196.1333
296	218.447	380.7999
297	219.0675	96.13326
298	219.6878	187.7999
299	220.308	134.4666
300	220.9281	336.7999
301	221.548	201.7999
302	222.1677	91.13326
303	222.7873	0.0001
304	223.4068	0.0001
305	224.0261	0.0001
306	224.6453	6.799927
307	225.2643	1.799927
308	225.8832	6.466593
309	226.5019	5.466593
310	227.1205	55.13326
311	227.739	77.46659
312	228.3573	86.13326
313	228.9754	106.1333
314	229.5934	38.79993
315	230.2112	0.0001
316	230.8289	0.0001
317	231.4465	0.0001
318	232.0639	0.0001
319	232.6812	0.0001
320	233.2983	0.0001
321	233.9153	4.13326
322	234.5321	1.466593
323	235.1488	208.7999
324	235.7653	151.4666
325	236.3817	90.79993
326	236.998	0.0001
327	237.6141	0.0001
328	238.23	0.0001
329	238.8458	25.13326
330	239.4615	0.0001
331	240.077	0.0001
332	240.6923	0.0001
333	241.3075	0.0001
334	241.9226	0.0001
335	242.5375	0.0001
336	243.1523	0.0001
337	243.7669	0.0001
338	244.3814	0.0001
339	244.9957	0.0001
340	245.6099	0.0001
341	246.224	0.0001
342	246.8379	0.0001
343	247.4516	0.0001
344	248.0652	0.0001
345	248.6786	0.0001
346	249.292	0.0001
347	249.9051	0.0001
348	250.5181	0.0001
349	251.131	0.0001
350	251.7437	0.0001
351	252.3563	0.0001
352	252.9687	0.0001
353	253.581	0.0001
354	254.1931	0.0001
355	254.8051	0.0001
356	255.4169	0.0001
357	256.0286	0.0001
358	256.6402	120.4666
359	257.2516	140.7999
360	257.8628	248.7999
361	258.4739	0.0001
362	259.0849	0.0001
363	259.6957	372.4666
364	260.3063	425.1333
365	260.9169	438.4666
366	261.5272	13.46659
367	262.1375	0.0001
368	262.7475	0.0001
369	263.3575	0.0001
370	263.9672	0.0001
371	264.5769	55.79993
372	265.1864	48.79993
373	265.7957	35.46659
374	266.4049	0.0001
375	267.0139	0.0001
376	267.6228	0.0001
377	268.2316	156.1333
378	268.8402	478.7999
379	269.4486	490.1333
380	270.0569	236.4666
381	270.6651	28.46659
382	271.2731	97.46659
383	271.881	17.13326
384	272.4887	15.46659
385	273.0963	0.0001
386	273.7037	0.0001
387	274.311	0.0001
388	274.9182	41.79993
389	275.5251	77.79993
390	276.132	0.0001
391	276.7387	0.0001
392	277.3452	0.0001
393	277.9516	0.0001
394	278.5579	0.0001
395	279.164	0.0001
396	279.7699	45.46659
397	280.3757	44.79993
398	280.9814	103.1333
399	281.5869	3.13326
400	282.1923	19.46659
401	282.7975	0.0001
402	283.4026	0.0001
403	284.0075	0.0001
404	284.6123	0.0001
405	285.2169	0.0001
406	285.8214	187.1333
407	286.4258	578.1332
408	287.0299	973.1333
409	287.634	730.4666
410	288.2379	519.4666
411	288.8416	84.79993
412	289.4452	14.13326
413	290.0487	0.0001
414	290.652	0.0001
415	291.2552	0.0001
416	291.8582	0.0001
417	292.461	0.0001
418	293.0638	0.0001
419	293.6663	0.0001
420	294.2687	142.1333
421	294.871	208.4666
422	295.4731	168.4666
423	296.0751	28.46659
424	296.677	0.0001
425	297.2787	0.0001
426	297.8802	0.0001
427	298.4816	16.79993
428	299.0828	161.4666
429	299.6839	137.4666
430	300.2849	9.466594
431	300.8857	0.0001
432	301.4864	0.0001
433	302.0869	0.0001
434	302.6872	0.0001
435	303.2874	21.79993
436	303.8875	47.46659
437	304.4874	0.0001
438	305.0872	0.0001
439	305.6868	163.4666
440	306.2863	612.7999
441	306.8856	672.7999
442	307.4848	475.4666
443	308.0838	53.46659
444	308.6827	0.0001
445	309.2815	0.0001
446	309.8801	0.0001
447	310.4785	0.0001
448	311.0768	0.0001
449	311.675	0.0001
450	312.2729	0.0001
451	312.8708	0.0001
452	313.4685	0.0001
453	314.0661	14.13326
454	314.6635	25.79993
455	315.2608	0.0001
456	315.8579	483.4666
457	316.4549	501.4666
458	317.0517	574.7999
459	317.6483	0.0001
460	318.2449	0.0001
461	318.8412	0.0001
462	319.4375	0.0001
463	320.0336	0.0001
464	320.6295	0.0001
465	321.2253	0.0001
466	321.821	0.0001
467	322.4164	0.0001
468	323.0118	0.0001
469	323.607	0.0001
470	324.2021	0.0001
471	324.797	0.0001
472	325.3917	0.0001
473	325.9863	0.0001
474	326.5808	5.799927
475	327.1751	98.79993
476	327.7693	90.79993
477	328.3633	14.13326
478	328.9572	9.13326
479	329.5509	0.0001
480	330.1444	10.79993
481	330.7379	0.0001
482	331.3312	187.1333
483	331.9243	186.4666
484	332.5173	538.7999
485	333.1101	298.4666
486	333.7028	323.7999
487	334.2953	18.46659
488	334.8878	23.46659
489	335.48	0.0001
490	336.0721	0.0001
491	336.664	0.0001
492	337.2559	0.0001
493	337.8475	0.0001
494	338.439	0.0001
495	339.0304	26.79993
496	339.6216	132.1333
497	340.2126	105.4666
498	340.8036	0.0001
499	341.3943	0.0001
500	341.985	0.0001
501	342.5754	0.0001
502	343.1658	0.0001
503	343.756	63.46659
504	344.346	116.1333
505	344.9359	87.46659
506	345.5256	5.466593
507	346.1152	0.0001
508	346.7046	0.0001
509	347.2939	8.466594
510	347.8831	0.0001
511	348.472	45.13326
512	349.0609	0.0001
513	349.6496	16.13326
514	350.2381	0.0001
515	350.8265	0.0001
516	351.4148	0.0001
517	352.0029	0.0001
518	352.5909	0.0001
519	353.1787	0.0001
520	353.7664	0.0001
521	354.3539	0.0001
522	354.9412	0.0001
523	355.5284	0.0001
524	356.1155	1.466593
525	356.7025	10.79993
526	357.2892	0.0001
527	357.8759	0.0001
528	358.4623	60.13326
529	359.0487	77.46659
530	359.6349	82.79993
531	360.2209	0.0001
532	360.8068	0.0001
533	361.3925	0.0001
534	361.9781	0.0001
535	362.5636	0.0001
536	363.1489	0.0001
537	363.734	0.0001
538	364.319	0.0001
539	364.9039	0.0001
540	365.4886	0.0001
541	366.0731	0.0001
542	366.6575	0.0001
543	367.2418	0.0001
544	367.8259	0.0001
545	368.4099	0.0001
546	368.9937	0.0001
547	369.5774	0.0001
548	370.1609	0.0001
549	370.7443	0.0001
550	371.3275	49.79993
551	371.9106	65.13326
552	372.4935	92.79993
553	373.0763	47.79993
554	373.6589	1.13326
555	374.2414	0.0001
556	374.8237	1.799927
557	375.4059	0.0001
558	375.9879	9.799927
559	376.5698	0.0001
560	377.1516	11.79993
561	377.7332	65.13326
562	378.3146	29.79993
563	378.8959	38.79993
564	379.4771	0.0001
565	380.0581	0.0001
566	380.6389	0.0001
567	381.2196	0.0001
568	381.8002	49.46659
569	382.3806	19.46659
570	382.9608	71.46659
571	383.541	0.0001
572	384.1209	83.79993
573	384.7007	65.13326
574	385.2804	60.13326
575	385.8599	12.13326
576	386.4393	1.466593
577	387.0185	21.13326
578	387.5976	0.0001
579	388.1765	27.46659
580	388.7553	0.0001
581	389.3339	0.0001
582	389.9124	0.0001
583	390.4908	0.0001
584	391.0689	188.1333
585	391.647	146.1333
586	392.2249	170.1333
587	392.8026	0.0001
588	393.3802	0.0001
589	393.9576	0.0001
590	394.5349	0.0001
591	395.1121	14.13326
592	395.6891	44.13326
593	396.2659	170.1333
594	396.8426	0.0001
595	397.4192	15.46659
596	397.9956	0.0001
597	398.5718	201.7999
598	399.1479	167.1333
599	399.7239	202.1333
600	400.2997	0.0001
601	400.8754	0.0001
602	401.4509	0.0001
603	402.0262	0.0001
604	402.6015	150.4666
605	403.1765	141.1333
606	403.7515	138.4666
607	404.3262	0.0001
608	404.9008	11.13326
609	405.4753	0.0001
610	406.0497	0.0001
611	406.6238	0.0001
612	407.1979	0.0001
613	407.7718	0.0001
614	408.3455	0.0001
615	408.9191	0.0001
616	409.4925	0.0001
617	410.0658	0.0001
618	410.6389	184.4666
619	411.2119	254.1333
620	411.7848	336.1333
621	412.3575	61.13326
622	412.93	0.0001
623	413.5024	0.0001
624	414.0746	0.0001
625	414.6467	0.0001
626	415.2187	46.46659
627	415.7905	0.0001
628	416.3621	6.13326
629	416.9336	0.0001
630	417.505	0.0001
631	418.0762	0.0001
632	418.6472	0.0001
633	419.2182	0.0001
634	419.7889	0.0001
635	420.3595	0.0001
636	420.93	0.0001
637	421.5003	0.0001
638	422.0705	66.13326
639	422.6405	0.0001
640	423.2104	0.0001
641	423.7801	0.0001
642	424.3497	0.0001
643	424.9191	0.0001
644	425.4884	0.0001
645	426.0575	0.0001
646	426.6265	0.0001
647	427.1953	0.0001
648	427.764	0.0001
649	428.3325	0.0001
650	428.9009	0.0001
651	429.4691	0.0001
652	430.0372	0.0001
653	430.6051	3.799927
654	431.1729	88.46659
655	431.7406	86.46659
656	432.308	98.46659
657	432.8754	482.1333
658	433.4426	544.4666
659	434.0096	816.4666
660	434.5765	457.7999
661	435.1432	472.7999
662	435.7099	120.7999
663	436.2763	0.0001
664	436.8426	0.0001
665	437.4088	0.0001
666	437.9748	0.0001
667	438.5406	0.0001
668	439.1063	0.0001
669	439.6719	0.0001
670	440.2373	56.79993
671	440.8025	54.79993
672	441.3676	130.7999
673	441.9326	32.79993
674	442.4974	0.0001
675	443.0621	0.0001
676	443.6266	0.0001
677	444.1909	10.46659
678	444.7552	29.46659
679	445.3192	70.46659
680	445.8831	0.0001
681	446.4469	0.0001
682	447.0105	0.0001
683	447.574	0.0001
684	448.1373	0.0001
685	448.7005	0.0001
686	449.2635	0.0001
687	449.8264	0.0001
688	450.3891	18.46659
689	450.9517	0.0001
690	451.5141	0.0001
691	452.0764	0.0001
692	452.6385	0.0001
693	453.2005	4.799927
694	453.7623	54.79993
695	454.324	44.46659
696	454.8855	0.0001
697	455.4469	6.466593
698	456.0081	47.46659
699	456.5692	93.13326
700	457.1302	0.0001
701	457.691	0.0001
702	458.2516	0.0001
703	458.8121	0.0001
704	459.3724	0.0001
705	459.9326	0.0001
706	460.4927	0.0001
707	461.0526	0.0001
708	461.6123	0.0001
709	462.1719	0.0001
710	462.7314	0.0001
711	463.2906	0.0001
712	463.8498	250.4666
713	464.4088	286.7999
714	464.9676	217.4666
715	465.5263	0.0001
716	466.0849	0.0001
717	466.6433	238.1333
718	467.2015	295.4666
719	467.7596	225.4666
720	468.3176	0.0001
721	468.8754	0.0001
722	469.433	0.0001
723	469.9906	220.1333
724	470.5479	306.1333
725	471.1051	302.1333
726	471.6622	0.0001
727	472.2191	0.0001
728	472.7758	0.0001
729	473.3325	0.0001
730	473.8889	110.1333
731	474.4453	24.79993
732	475.0014	0.0001
733	475.5574	0.0001
734	476.1133	0.0001
735	476.669	0.0001
736	477.2246	0.0001
737	477.78	0.0001
738	478.3353	0.0001
739	478.8904	0.0001
740	479.4453	0.0001
741	480.0002	0.0001
742	480.5548	0.0001
743	481.1093	0.0001
744	481.6637	0.0001
745	482.218	0.0001
746	482.772	0.0001
747	483.3259	40.79993
748	483.8797	0.0001
749	484.4333	0.0001
750	484.9868	0.0001
751	485.5401	0.0001
752	486.0933	257.1333
753	486.6463	247.7999
754	487.1992	283.1333
755	487.752	0.0001
756	488.3045	0.0001
757	488.857	0.0001
758	489.4092	0.0001
759	489.9614	45.79993
760	490.5134	10.13326
761	491.0652	0.0001
762	491.6169	0.0001
763	492.1684	0.0001
764	492.7198	0.0001
765	493.271	0.0001
766	493.8221	0.0001
767	494.373	430.4666
768	494.9238	431.1333
769	495.4745	451.7999
770	496.0249	55.79993
771	496.5753	92.79993
772	497.1255	24.13326
773	497.6755	0.4665934
774	498.2254	0.0001
775	498.7751	0.0001
776	499.3247	0.0001
777	499.8742	0.0001
778	500.4235	26.79993
779	500.9726	21.13326
780	501.5216	75.13326
781	502.0704	10.46659
782	502.6191	128.1333
783	503.1677	59.79993
784	503.7161	49.46659
785	504.2643	0.0001
786	504.8124	0.0001
787	505.3604	0.0001
788	505.9081	2.13326
789	506.4558	8.466594
790	507.0033	87.13326
791	507.5506	181.1333
792	508.0978	275.4666
793	508.6449	196.1333
794	509.1917	106.7999
795	509.7385	8.13326
796	510.2851	89.46659
797	510.8315	149.4666
798	511.3778	159.4666
799	511.924	89.46659
800	512.47	39.13326
801	513.0159	236.1333
802	513.5615	187.7999
803	514.1071	195.7999
804	514.6525	5.13326
805	515.1978	77.13326
806	515.7429	66.79993
807	516.2878	150.4666
808	516.8326	151.4666
809	517.3773	171.4666
810	517.9218	169.4666
811	518.4661	237.4666
812	519.0103	279.4666
813	519.5543	270.7999
814	520.0983	214.7999
815	520.642	286.1333
816	521.1856	282.7999
817	521.7291	311.7999
818	522.2723	273.1333
819	522.8155	287.7999
820	523.3585	317.4666
821	523.9014	356.1333
822	524.4441	380.1333
823	524.9866	446.7999
824	525.5291	489.4666
825	526.0713	685.4666
826	526.6134	800.1333
827	527.1553	797.4666
828	527.6971	669.1332
829	528.2388	589.1332
830	528.7803	737.1333
831	529.3217	809.1333
832	529.8629	921.1333
833	530.4039	884.1333
834	530.9448	909.8
835	531.4856	1057.8
836	532.0262	1138.133
837	532.5667	1238.133
838	533.1069	1300.133
839	533.6471	1449.133
840	534.1871	1457.133
841	534.727	1333.133
842	535.2667	1437.467
843	535.8062	1540.8
844	536.3456	1686.8
845	536.8849	1636.133
846	537.424	1713.467
847	537.963	1867.8
848	538.5018	2022.133
849	539.0404	2109.467
850	539.5789	2170.8
851	540.1172	2278.133
852	540.6555	2379.8
853	541.1935	2455.8
854	541.7314	2513.133
855	542.2692	2583.467
856	542.8068	2623.8
857	543.3442	2672.133
858	543.8815	2800.133
859	544.4187	2852.467
860	544.9557	2949.8
861	545.4926	3101.467
862	546.0293	3299.133
863	546.5659	3345.133
864	547.1022	3332.133
865	547.6385	3299.467
866	548.1746	3378.467
867	548.7106	3418.467
868	549.2463	3535.133
869	549.782	3742.133
870	550.3175	3852.8
871	550.8528	3925.467
872	551.3881	3875.8
873	551.9232	3963.8
874	552.458	3906.467
875	552.9928	3964.133
876	553.5274	3989.467
877	554.0618	4138.466
878	554.5961	4152.8
879	555.1303	4132.466
880	555.6643	4072.133
881	556.1981	4005.8
882	556.7319	4058.133
883	557.2654	4013.8
884	557.7988	3967.133
885	558.332	4455.133
886	558.8652	4561.466
887	559.3981	4509.133
888	559.9309	3919.8
889	560.4636	3822.467
890	560.996	3906.133
891	561.5284	3859.467
892	562.0606	3792.8
893	562.5927	3703.133
894	563.1246	3677.8
895	563.6563	3647.467
896	564.1879	3632.133
897	564.7194	3539.8
898	565.2507	3479.133
899	565.7818	3339.8
900	566.3128	3367.8
901	566.8436	3326.467
902	567.3743	3569.8
903	567.9049	3487.467
904	568.4353	3446.467
905	568.9655	3115.467
906	569.4956	3003.133
907	570.0256	3045.8
908	570.5554	2974.133
909	571.085	2935.467
910	571.6145	2775.133
911	572.1439	2761.133
912	572.673	2733.467
913	573.2021	2655.467
914	573.731	2677.8
915	574.2597	2697.8
916	574.7883	2625.467
917	575.3167	2600.133
918	575.845	2555.8
919	576.3732	2565.133
920	576.9011	2498.467
921	577.429	2413.133
922	577.9567	2497.133
923	578.4842	2438.467
924	579.0116	2389.467
925	579.5388	2302.8
926	580.0659	2286.8
927	580.5928	2348.133
928	581.1196	2305.467
929	581.6463	2365.467
930	582.1727	2401.133
931	582.6991	2475.8
932	583.2253	2550.133
933	583.7513	2533.8
934	584.2772	2595.133
935	584.8029	2618.133
936	585.3285	2562.8
937	585.8539	2499.467
938	586.3792	2435.467
939	586.9044	2478.8
940	587.4293	2744.133
941	587.9542	2691.133
942	588.4788	2623.467
943	589.0034	2252.133
944	589.5277	2356.8
945	590.0519	2408.467
946	590.576	2448.8
947	591.1	2404.8
948	591.6237	2453.133
949	592.1473	2532.467
950	592.6708	2503.467
951	593.1942	2480.133
952	593.7173	2498.8
953	594.2404	2539.133
954	594.7632	2601.133
955	595.2859	2590.467
956	595.8085	2618.133
957	596.3309	2576.8
958	596.8531	2539.8
959	597.3753	2498.467
960	597.8973	2515.133
961	598.4191	2544.8
962	598.9407	2505.467
963	599.4622	2491.8
964	599.9836	2552.133
965	600.5048	2553.467
966	601.0259	2491.133
967	601.5468	2371.8
968	602.0676	2561.8
969	602.5881	2657.8
970	603.1086	2799.467
971	603.6289	2662.467
972	604.149	2800.8
973	604.6691	2672.133
974	605.1889	2657.8
975	605.7086	2850.8
976	606.2282	2823.133
977	606.7476	2717.133
978	607.2668	2316.133
979	607.7859	2283.133
980	608.3049	2245.8
981	608.8237	2184.8
982	609.3423	2193.467
983	609.8608	2169.467
984	610.3792	2119.8
985	610.8974	2052.133
986	611.4154	2050.133
987	611.9333	2031.466
988	612.451	2068.133
989	612.9686	2042.133
990	613.4861	2057.467
991	614.0034	1994.133
992	614.5205	2035.466
993	615.0375	1972.8
994	615.5543	2284.133
995	616.071	2234.467
996	616.5876	2405.467
997	617.1039	2010.133
998	617.6202	1887.8
999	618.1363	1666.467
1000	618.6522	1731.467
1001	619.168	1761.8
1002	619.6836	1673.133
1003	620.1991	1551.8
1004	620.7144	1543.8
1005	621.2296	1555.133
1006	621.7446	1531.8
1007	622.2595	1456.8
1008	622.7742	1456.8
1009	623.2888	1463.133
1010	623.8032	1455.8
1011	624.3175	1772.133
1012	624.8316	1713.466
1013	625.3456	2030.466
1014	625.8594	1727.8
1015	626.373	1785.133
1016	626.8865	1547.8
1017	627.3999	1455.467
1018	627.9131	1372.8
1019	628.4262	1386.133
1020	628.9391	1459.467
1021	629.4519	1505.8
1022	629.9645	1438.133
1023	630.4769	1343.467
1024	630.9893	1310.467
1025	631.5014	1239.133
1026	632.0134	1245.133
1027	632.5253	1348.133
1028	633.037	1300.8
1029	633.5485	1367.8
1030	634.0599	1270.133
1031	634.5712	1321.467
1032	635.0823	1316.467
1033	635.5932	1285.8
1034	636.104	1231.8
1035	636.6146	1114.133
1036	637.1251	1089.467
1037	637.6355	1150.8
1038	638.1457	1202.8
1039	638.6557	1176.133
1040	639.1656	1119.467
1041	639.6754	1219.133
1042	640.1849	1278.133
1043	640.6943	1245.467
1044	641.2036	1113.467
1045	641.7128	996.1333
1046	642.2217	952.8
1047	642.7306	859.1333
1048	643.2393	895.1333
1049	643.7477	1430.466
1050	644.2562	1468.8
1051	644.7643	1424.466
1052	645.2725	1162.133
1053	645.7803	1113.467
1054	646.2881	1165.8
1055	646.7958	838.4666
1056	647.3032	867.4666
1057	647.8105	827.4666
1058	648.3177	901.1333
1059	648.8247	832.4666
1060	649.3315	826.1333
1061	649.8383	778.1333
1062	650.3448	820.8
1063	650.8513	811.4666
1064	651.3575	777.8
1065	651.8636	804.8
1066	652.3696	798.8
1067	652.8754	881.8
1068	653.381	866.1333
1069	653.8865	913.4666
1070	654.3918	870.1333
1071	654.897	841.8
1072	655.4021	757.8
1073	655.907	737.1333
1074	656.4117	1088.133
1075	656.9163	1061.467
1076	657.4208	1058.8
1077	657.925	700.1333
1078	658.4292	726.4666
1079	658.9332	677.4666
1080	659.437	626.1332
1081	659.9407	546.4666
1082	660.4442	566.7999
1083	660.9476	566.7999
1084	661.4508	601.4666
1085	661.9539	666.1332
1086	662.4568	726.8
1087	662.9596	733.4666
1088	663.4622	660.1332
1089	663.9647	582.1332
1090	664.467	598.7999
1091	664.9692	616.7999
1092	665.4712	651.7999
1093	665.9731	590.4666
1094	666.4748	669.1332
1095	666.9763	677.1332
1096	667.4777	673.7999
1097	667.979	511.4666
1098	668.4801	489.1333
1099	668.9811	488.4666
1100	669.4819	529.4666
1101	669.9825	487.1333
1102	670.483	426.1333
1103	670.9833	426.4666
1104	671.4836	372.7999
1105	671.9836	495.4666
1106	672.4835	662.4666
1107	672.9832	746.4666
1108	673.4828	631.4666
1109	673.9822	460.4666
1110	674.4816	387.1333
1111	674.9807	450.4666
1112	675.4797	472.7999
1113	675.9785	548.7999
1114	676.4772	534.1332
1115	676.9757	513.4666
1116	677.4741	461.4666
1117	677.9723	444.1333
1118	678.4704	383.4666
1119	678.9683	336.7999
1120	679.4661	272.7999
1121	679.9637	313.4666
1122	680.4611	442.7999
1123	680.9584	498.4666
1124	681.4556	452.7999
1125	681.9526	343.4666
1126	682.4495	267.7999
1127	682.9462	250.7999
1128	683.4427	314.7999
1129	683.9391	343.7999
1130	684.4354	363.7999
1131	684.9315	325.4666
1132	685.4274	306.1333
1133	685.9232	224.7999
1134	686.4189	523.1332
1135	686.9144	582.1332
1136	687.4097	606.7999
1137	687.9049	391.4666
1138	688.4	382.1333
1139	688.8948	484.1333
1140	689.3896	337.1333
1141	689.8842	343.1333
1142	690.3786	341.7999
1143	690.8729	344.4666
1144	691.367	342.7999
1145	691.861	329.1333
1146	692.3548	353.7999
1147	692.8484	368.4666
1148	693.342	278.1333
1149	693.8353	210.1333
1150	694.3286	166.1333
1151	694.8216	181.1333
1152	695.3145	245.4666
1153	695.8073	305.7999
1154	696.2999	348.4666
1155	696.7924	424.1333
1156	697.2847	316.4666
1157	697.7768	203.4666
1158	698.2688	74.46659
1159	698.7606	166.7999
1160	699.2523	219.7999
1161	699.7439	244.7999
1162	700.2353	218.7999
1163	700.7265	179.7999
1164	701.2176	238.7999
1165	701.7085	134.4666
1166	702.1993	177.1333
1167	702.6899	156.7999
1168	703.1804	170.4666
1169	703.6707	282.4666
1170	704.1609	197.4666
1171	704.6509	333.4666
1172	705.1408	198.4666
1173	705.6305	167.7999
1174	706.1201	38.13326
1175	706.6095	99.79993
1176	707.0988	166.1333
1177	707.5879	152.1333
1178	708.0768	178.7999
1179	708.5656	615.4666
1180	709.0543	642.4666
1181	709.5428	561.7999
1182	710.0311	186.7999
1183	710.5193	178.7999
1184	711.0074	166.7999
1185	711.4953	43.46659
1186	711.983	115.4666
1187	712.4706	128.1333
1188	712.9581	243.4666
1189	713.4453	232.7999
1190	713.9324	157.4666
1191	714.4194	71.46659
1192	714.9063	229.1333
1193	715.3929	640.4666
1194	715.8795	699.4666
1195	716.3658	496.7999
1196	716.8521	136.1333
1197	717.3381	402.7999
1198	717.824	472.1333
1199	718.3098	517.7999
1200	718.7954	227.4666
1201	719.2809	112.1333
1202	719.7662	43.13326
1203	720.2513	12.13326
1204	720.7363	119.1333
1205	721.2212	149.1333
1206	721.7059	126.7999
1207	722.1904	18.79993
1208	722.6748	37.46659
1209	723.1591	148.1333
1210	723.6431	270.1333
1211	724.1271	309.1333
1212	724.6108	201.1333
1213	725.0945	177.1333
1214	725.5779	118.7999
1215	726.0613	129.1333
1216	726.5444	86.13326
1217	727.0275	60.79993
1218	727.5103	13.13326
1219	727.993	0.0001
1220	728.4756	44.79993
1221	728.958	95.13326
1222	729.4403	130.1333
1223	729.9224	83.79993
1224	730.4044	84.13326
1225	730.8862	22.79993
1226	731.3678	0.0001
1227	731.8493	0.0001
1228	732.3306	35.13326
1229	732.8118	62.79993
1230	733.2928	52.13326
1231	733.7737	25.46659
1232	734.2545	132.1333
1233	734.7351	78.46659
1234	735.2155	124.7999
1235	735.6958	75.46659
1236	736.1759	125.7999
1237	736.6559	37.46659
1238	737.1357	29.13326
1239	737.6154	0.0001
1240	738.0949	122.7999
1241	738.5742	46.13326
1242	739.0535	104.4666
1243	739.5325	0.0001
1244	740.0114	0.0001
1245	740.4902	0.0001
1246	740.9688	0.0001
1247	741.4472	43.46659
1248	741.9255	112.7999
1249	742.4036	82.79993
1250	742.8817	94.46659
1251	743.3595	0.0001
1252	743.8372	3.466594
1253	744.3147	2.799927
1254	744.7921	173.4666
1255	745.2693	179.1333
1256	745.7464	211.1333
1257	746.2233	49.46659
1258	746.7001	68.79993
1259	747.1767	358.4666
1260	747.6531	361.1333
1261	748.1295	337.7999
1262	748.6056	0.0001
1263	749.0816	0.0001
1264	749.5575	0.0001
1265	750.0332	0.0001
1266	750.5087	0.0001
1267	750.9841	0.0001
1268	751.4594	6.799927
1269	751.9344	10.46659
1270	752.4094	0.0001
1271	752.8842	0.0001
1272	753.3588	0.0001
1273	753.8333	0.0001
1274	754.3076	0.0001
1275	754.7818	0.0001
1276	755.2558	120.1333
1277	755.7297	329.7999
1278	756.2034	486.7999
1279	756.6769	423.4666
1280	757.1503	199.7999
1281	757.6236	9.466594
1282	758.0967	0.0001
1283	758.5696	0.0001
1284	759.0425	0.0001
1285	759.5151	0.0001
1286	759.9876	290.7999
1287	760.46	354.4666
1288	760.9321	403.1333
1289	761.4042	28.13326
1290	761.876	2.466594
1291	762.3478	30.46659
1292	762.8193	29.79993
1293	763.2908	40.79993
1294	763.762	0.0001
1295	764.2332	0.0001
1296	764.7042	0.0001
1297	765.1749	0.0001
1298	765.6456	0.0001
1299	766.1161	0.0001
1300	766.5865	0.0001
1301	767.0566	18.13326
1302	767.5267	42.13326
1303	767.9966	63.79993
1304	768.4664	66.46659
1305	768.9359	41.13326
1306	769.4054	0.0001
1307	769.8746	0.0001
1308	770.3438	0.0001
1309	770.8127	0.0001
1310	771.2816	0.0001
1311	771.7502	0.0001
1312	772.2188	139.4666
1313	772.6871	68.46659
1314	773.1553	210.1333
1315	773.6234	167.4666
1316	774.0913	200.1333
1317	774.5591	123.7999
1318	775.0267	0.0001
1319	775.4941	0.0001
1320	775.9614	0.0001
1321	776.4286	0.0001
1322	776.8956	0.0001
1323	777.3624	0.0001
1324	777.829	3.799927
1325	778.2956	6.466593
1326	778.762	0.0001
1327	779.2282	19.13326
1328	779.6943	61.13326
1329	780.1602	61.13326
1330	780.626	132.7999
1331	781.0916	113.4666
1332	781.557	69.46659
1333	782.0223	941.7999
1334	782.4875	886.4665
1335	782.9525	963.7998
1336	783.4173	7.13326
1337	783.882	0.0001
1338	784.3466	0.0001
1339	784.8109	0.0001
1340	785.2751	0.0001
1341	785.7393	0.0001
1342	786.2032	0.0001
1343	786.6669	0.0001
1344	787.1306	0.0001
1345	787.5941	0.0001
1346	788.0574	0.0001
1347	788.5205	0.0001
1348	788.9835	166.1333
1349	789.4464	211.4666
1350	789.9091	255.7999
1351	790.3716	0.0001
1352	790.834	0.0001
1353	791.2963	0.0001
1354	791.7584	0.0001
1355	792.2203	0.0001
1356	792.6821	0.0001
1357	793.1437	0.0001
1358	793.6052	10.46659
1359	794.0665	427.7999
1360	794.5276	409.7999
1361	794.9887	364.7999
1362	795.4495	0.0001
1363	795.9103	0.0001
1364	796.3708	0.0001
1365	796.8312	0.0001
1366	797.2914	0.0001
1367	797.7515	0.0001
1368	798.2115	0.0001
1369	798.6713	0.0001
1370	799.1309	0.0001
1371	799.5904	0.0001
1372	800.0497	0.0001
1373	800.5089	0.0001
1374	800.968	0.0001
1375	801.4268	0.0001
1376	801.8855	0.0001
1377	802.3441	0.0001
1378	802.8025	0.0001
1379	803.2607	0.0001
1380	803.7189	0.0001
1381	804.1768	0.0001
1382	804.6346	0.0001
1383	805.0922	0.0001
1384	805.5497	0.0001
1385	806.0071	0.0001
1386	806.4642	0.0001
1387	806.9213	0.0001
1388	807.3782	0.0001
1389	807.8349	0.0001
1390	808.2914	0.0001
1391	808.7479	0.0001
1392	809.2041	0.0001
1393	809.6602	0.0001
1394	810.1161	0.0001
1395	810.572	0.0001
1396	811.0276	0.0001
1397	811.4831	29.46659
1398	811.9385	28.79993
1399	812.3937	26.13326
1400	812.8487	0.0001
1401	813.3036	0.0001
1402	813.7583	0.1332601
1403	814.2128	0.0001
1404	814.6673	0.0001
1405	815.1215	0.0001
1406	815.5757	0.0001
1407	816.0296	24.13326
1408	816.4834	15.46659
1409	816.9371	0.0001
1410	817.3906	0.0001
1411	817.8439	45.46659
1412	818.2971	83.46659
1413	818.7501	28.13326
1414	819.203	86.79993
1415	819.6558	30.13326
1416	820.1083	16.79993
1417	820.5607	0.0001
1418	821.013	0.0001
1419	821.4651	0.0001
1420	821.9171	0.0001
1421	822.3689	0.0001
1422	822.8206	20.79993
1423	823.2721	179.4666
1424	823.7234	215.1333
1425	824.1746	132.4666
1426	824.6257	44.13326
1427	825.0765	67.46659
1428	825.5273	2.13326
1429	825.9778	0.0001
1430	826.4283	0.0001
1431	826.8785	0.0001
1432	827.3287	0.0001
1433	827.7786	0.0001
1434	828.2285	0.0001
1435	828.6781	0.0001
1436	829.1276	0.0001
1437	829.577	0.0001
1438	830.0261	0.0001
1439	830.4752	0.0001
1440	830.9241	0.0001
1441	831.3728	89.79993
1442	831.8214	288.1333
1443	832.2698	303.4666
1444	832.7181	211.1333
1445	833.1662	32.46659
1446	833.6141	28.46659
1447	834.062	0.0001
1448	834.5096	0.0001
1449	834.9572	0.0001
1450	835.4045	161.1333
1451	835.8517	265.4666
1452	836.2987	317.7999
1453	836.7456	20.46659
1454	837.1923	0.0001
1455	837.6389	0.0001
1456	838.0853	24.13326
1457	838.5316	0.0001
1458	838.9777	12.13326
1459	839.4237	127.4666
1460	839.8695	151.4666
1461	840.3152	80.13326
1462	840.7607	0.0001
1463	841.206	0.0001
1464	841.6512	212.1333
1465	842.0963	160.7999
1466	842.5411	272.4666
1467	842.9859	40.46659
1468	843.4305	96.79993
1469	843.8749	0.0001
1470	844.3192	0.0001
1471	844.7632	0.0001
1472	845.2072	0.0001
1473	845.6511	0.0001
1474	846.0947	1.466593
1475	846.5382	0.0001
1476	846.9816	0.0001
1477	847.4247	0.0001
1478	847.8678	0.0001
1479	848.3107	0.0001
1480	848.7534	0.0001
1481	849.196	0.0001
1482	849.6384	0.0001
1483	850.0807	0.0001
1484	850.5228	0.0001
1485	850.9647	122.1333
1486	851.4066	68.13326
1487	851.8482	38.13326
1488	852.2897	0.0001
1489	852.7311	16.79993
1490	853.1722	96.46659
1491	853.6133	0.0001
1492	854.0541	0.0001
1493	854.4949	0.0001
1494	854.9355	0.0001
1495	855.3759	0.0001
1496	855.8162	0.0001
1497	856.2563	0.0001
1498	856.6962	16.79993
1499	857.136	0.0001
1500	857.5757	143.4666
1501	858.0152	87.13326
1502	858.4545	124.4666
1503	858.8937	0.0001
1504	859.3328	0.0001
1505	859.7716	0.0001
1506	860.2103	0.0001
1507	860.6489	52.13326
1508	861.0873	91.46659
1509	861.5256	0.0001
1510	861.9637	0.0001
1511	862.4017	0.0001
1512	862.8395	0.0001
1513	863.2771	0.0001
1514	863.7146	0.0001
1515	864.1519	0.0001
1516	864.5891	12.46659
1517	865.0261	0.0001
1518	865.463	32.79993
1519	865.8997	0.0001
1520	866.3363	0.0001
1521	866.7727	0.0001
1522	867.209	0.0001
1523	867.6451	0.0001
1524	868.081	0.0001
1525	868.5168	0.0001
1526	868.9525	0.0001
1527	869.3879	0.0001
1528	869.8232	0.0001
1529	870.2584	0.0001
1530	870.6935	0.0001
1531	871.1284	0.0001
1532	871.563	0.0001
1533	871.9976	0.0001
1534	872.432	0.0001
1535	872.8663	0.0001
1536	873.3004	80.13326
1537	873.7343	93.79993
1538	874.1681	72.46659
1539	874.6017	0.0001
1540	875.0352	0.0001
1541	875.4685	0.0001
1542	875.9017	0.0001
1543	876.3347	0.0001
1544	876.7676	0.0001
1545	877.2003	0.0001
1546	877.6328	0.0001
1547	878.0652	0.0001
1548	878.4974	96.79993
1549	878.9296	29.13326
1550	879.3615	67.13326
1551	879.7933	8.13326
1552	880.2249	180.7999
1553	880.6564	132.7999
1554	881.0877	17.46659
1555	881.5189	0.0001
1556	881.9498	0.0001
1557	882.3807	0.0001
1558	882.8114	0.0001
1559	883.2419	0.0001
1560	883.6723	278.1333
1561	884.1025	250.4666
1562	884.5327	251.7999
1563	884.9626	0.0001
1564	885.3923	79.46659
1565	885.822	95.13326
1566	886.2514	2.799927
1567	886.6807	0.0001
1568	887.1099	0.0001
1569	887.5389	0.0001
1570	887.9677	0.0001
1571	888.3964	0.0001
1572	888.825	0.0001
1573	889.2533	99.46659
1574	889.6815	128.1333
1575	890.1096	96.79993
1576	890.5375	0.0001
1577	890.9653	0.0001
1578	891.3929	0.0001
1579	891.8204	15.46659
1580	892.2477	0.0001
1581	892.6748	0.0001
1582	893.1018	192.7999
1583	893.5286	215.1333
1584	893.9553	277.7999
1585	894.3818	5.799927
1586	894.8082	0.0001
1587	895.2344	0.0001
1588	895.6605	0.0001
1589	896.0864	0.0001
1590	896.5121	0.0001
1591	896.9377	31.46659
1592	897.3632	425.7999
1593	897.7885	840.8
1594	898.2136	815.4666
1595	898.6385	375.4666
1596	899.0634	0.0001
1597	899.488	0.0001
1598	899.9125	0.0001
1599	900.3369	0.0001
1600	900.7611	0.0001
1601	901.1852	0.0001
1602	901.6091	0.0001
1603	902.0328	0.0001
1604	902.4564	0.0001
1605	902.8798	0.0001
1606	903.303	0.0001
1607	903.7262	0.0001
1608	904.1492	0.0001
1609	904.572	0.0001
1610	904.9946	0.0001
1611	905.4171	0.0001
1612	905.8395	0.0001
1613	906.2617	0.0001
1614	906.6837	0.0001
1615	907.1056	0.0001
1616	907.5273	4.466593
1617	907.9489	0.0001
1618	908.3703	0.0001
1619	908.7915	0.0001
1620	909.2126	0.0001
1621	909.6336	0.0001
1622	910.0544	0.0001
1623	910.475	0.0001
1624	910.8955	0.0001
1625	911.3159	0.0001
1626	911.736	0.0001
1627	912.1561	0.0001
1628	912.5759	0.0001
1629	912.9956	119.4666
1630	913.4152	68.79993
1631	913.8346	62.79993
1632	914.2538	0.0001
1633	914.6729	0.0001
1634	915.0919	0.0001
1635	915.5106	17.79993
1636	915.9293	0.0001
1637	916.3477	0.0001
1638	916.7661	0.0001
1639	917.1842	0.0001
1640	917.6022	0.0001
1641	918.0201	0.0001
1642	918.4377	0.0001
1643	918.8553	0.0001
1644	919.2727	0.0001
1645	919.6899	0.0001
1646	920.107	0.0001
1647	920.5239	61.13326
1648	920.9407	53.46659
1649	921.3573	48.13326
1650	921.7737	0.0001
1651	922.19	0.0001
1652	922.6062	0.0001
1653	923.0222	0.0001
1654	923.438	0.0001
1655	923.8537	0.0001
1656	924.2692	0.0001
1657	924.6846	0.0001
1658	925.0998	0.0001
1659	925.5148	100.7999
1660	925.9297	115.4666
1661	926.3445	124.7999
1662	926.7591	0.0001
1663	927.1735	0.0001
1664	927.5878	0.0001
1665	928.002	0.0001
1666	928.4159	0.0001
1667	928.8297	0.0001
1668	929.2434	142.1333
1669	929.6569	147.7999
1670	930.0703	425.1333
1671	930.4835	238.4666
1672	930.8965	228.7999
1673	931.3094	0.0001
1674	931.7221	0.0001
1675	932.1347	0.0001
1676	932.5471	0.0001
1677	932.9594	0.0001
1678	933.3715	0.0001
1679	933.7834	0.0001
1680	934.1953	0.0001
1681	934.6069	0.0001
1682	935.0184	0.0001
1683	935.4297	0.0001
1684	935.8409	0.0001
1685	936.2519	0.0001
1686	936.6628	0.0001
1687	937.0735	0.0001
1688	937.484	0.0001
1689	937.8944	0.0001
1690	938.3047	0.0001
1691	938.7148	0.0001
1692	939.1247	0.0001
1693	939.5345	267.7999
1694	939.9441	411.7999
1695	940.3536	353.4666
1696	940.7629	46.46659
1697	941.1721	0.0001
1698	941.5811	42.79993
1699	941.9899	0.0001
1700	942.3986	0.0001
1701	942.8071	0.0001
1702	943.2155	86.46659
1703	943.6237	144.1333
1704	944.0318	91.13326
1705	944.4397	0.0001
1706	944.8475	0.0001
1707	945.2551	0.0001
1708	945.6625	0.0001
1709	946.0698	0.0001
1710	946.4769	0.0001
1711	946.8839	0.0001
1712	947.2908	0.0001
1713	947.6974	0.0001
1714	948.1039	0.0001
1715	948.5103	0.0001
1716	948.9165	44.13326
1717	949.3226	118.4666
1718	949.7285	12.13326
1719	950.1342	0.0001
1720	950.5397	0.0001
1721	950.9452	0.0001
1722	951.3505	1.466593
1723	951.7556	31.46659
1724	952.1605	37.46659
1725	952.5653	0.0001
1726	952.97	0.0001
1727	953.3745	0.0001
1728	953.7788	0.0001
1729	954.183	0.0001
1730	954.587	0.0001
1731	954.9909	34.13326
1732	955.3946	31.46659
1733	955.7982	8.13326
1734	956.2015	0.0001
1735	956.6048	0.0001
1736	957.0079	0.0001
1737	957.4108	0.0001
1738	957.8136	81.79993
1739	958.2162	0.0001
1740	958.6187	0.0001
1741	959.0211	0.0001
1742	959.4232	0.0001
1743	959.8252	183.7999
1744	960.2271	271.4666
1745	960.6287	261.4666
1746	961.0303	0.0001
1747	961.4316	0.0001
1748	961.8329	0.0001
1749	962.2339	0.0001
1750	962.6348	0.0001
1751	963.0356	0.0001
1752	963.4362	0.0001
1753	963.8367	0.0001
1754	964.2369	0.0001
1755	964.6371	0.0001
1756	965.037	36.13326
1757	965.4369	164.7999
1758	965.8365	148.7999
1759	966.236	46.46659
1760	966.6354	0.0001
1761	967.0346	0.0001
1762	967.4337	0.0001
1763	967.8325	9.799927
1764	968.2313	0.0001
1765	968.6298	0.0001
1766	969.0283	0.0001
1767	969.4265	0.0001
1768	969.8246	0.0001
1769	970.2226	0.0001
1770	970.6204	0.0001
1771	971.018	0.0001
1772	971.4155	0.0001
1773	971.8128	68.13326
1774	972.21	0.0001
1775	972.607	0.0001
1776	973.0039	0.0001
1777	973.4006	0.0001
1778	973.7971	2.799927
1779	974.1935	510.1333
1780	974.5898	580.7999
1781	974.9858	442.7999
1782	975.3818	58.13326
1783	975.7775	47.79993
1784	976.1732	62.46659
1785	976.5686	0.0001
1786	976.9639	113.1333
1787	977.3591	83.46659
1788	977.754	41.79993
1789	978.1489	0.0001
1790	978.5436	0.0001
1791	978.938	64.79993
1792	979.3325	127.4666
1793	979.7266	87.46659
1794	980.1207	140.4666
1795	980.5146	37.79993
1796	980.9083	50.79993
1797	981.3019	0.0001
1798	981.6954	0.0001
1799	982.0886	0.0001
1800	982.4818	15.13326
1801	982.8747	0.0001
1802	983.2675	0.0001
1803	983.6602	2.799927
1804	984.0527	0.0001
1805	984.445	0.0001
1806	984.8372	0.0001
1807	985.2292	0.0001
1808	985.621	0.0001
1809	986.0128	0.0001
1810	986.4044	31.79993
1811	986.7957	0.0001
1812	987.187	0.0001
1813	987.5781	0.0001
1814	987.969	0.0001
1815	988.3597	70.79993
1816	988.7504	117.4666
1817	989.1409	34.46659
1818	989.5311	0.0001
1819	989.9213	0.0001
1820	990.3113	0.0001
1821	990.7011	28.79993
1822	991.0908	0.0001
1823	991.4803	0.0001
1824	991.8697	0.0001
1825	992.2589	0.0001
1826	992.648	144.1333
1827	993.0369	215.4666
1828	993.4257	236.7999
1829	993.8142	0.0001
1830	994.2026	86.79993
1831	994.5909	99.46659
1832	994.9791	234.7999
1833	995.367	4.13326
1834	995.7548	13.79993
1835	996.1425	0.0001
1836	996.53	0.0001
1837	996.9173	0.0001
1838	997.3045	0.0001
1839	997.6915	0.0001
1840	998.0784	0.0001
1841	998.4651	0.4665934
1842	998.8516	92.13326
1843	999.238	79.13326
1844	999.6243	32.13326
1845	1000.01	2.799927
1846	1000.396	36.46659
1847	1000.782	0.0001
1848	1001.168	0.0001
1849	1001.553	326.7999
1850	1001.938	377.1333
1851	1002.324	384.1333
1852	1002.709	0.0001
1853	1003.093	0.0001
1854	1003.478	0.0001
1855	1003.863	0.0001
1856	1004.247	0.0001
1857	1004.631	0.0001
1858	1005.015	0.0001
1859	1005.399	0.0001
1860	1005.783	0.0001
1861	1006.167	0.0001
1862	1006.55	0.0001
1863	1006.933	0.0001
1864	1007.316	0.0001
1865	1007.699	46.46659
1866	1008.082	0.0001
1867	1008.465	0.0001
1868	1008.847	0.0001
1869	1009.23	0.0001
1870	1009.612	0.0001
1871	1009.994	0.0001
1872	1010.376	0.0001
1873	1010.757	0.0001
1874	1011.139	0.0001
1875	1011.52	0.0001
1876	1011.901	0.0001
1877	1012.283	0.0001
1878	1012.664	0.0001
1879	1013.044	0.0001
1880	1013.425	0.0001
1881	1013.805	0.0001
1882	1014.186	0.0001
1883	1014.566	0.0001
1884	1014.946	0.0001
1885	1015.326	0.0001
1886	1015.705	0.0001
1887	1016.085	0.0001
1888	1016.464	0.0001
1889	1016.843	32.79993
1890	1017.222	0.0001
1891	1017.601	0.0001
1892	1017.98	0.0001
1893	1018.359	0.0001
1894	1018.737	0.0001
1895	1019.115	0.0001
1896	1019.493	0.0001
1897	1019.871	0.0001
1898	1020.249	0.0001
1899	1020.627	0.0001
1900	1021.004	0.0001
1901	1021.382	0.0001
1902	1021.759	16.79993
1903	1022.136	33.79993
1904	1022.513	0.0001
1905	1022.889	0.0001
1906	1023.266	0.0001
1907	1023.642	0.0001
1908	1024.018	0.0001
1909	1024.395	0.0001
1910	1024.77	28.13326
1911	1025.146	51.79993
1912	1025.522	39.79993
1913	1025.897	18.13326
1914	1026.272	0.0001
1915	1026.648	0.0001
1916	1027.023	0.0001
1917	1027.397	0.0001
1918	1027.772	30.79993
1919	1028.146	0.0001
1920	1028.521	0.0001
1921	1028.895	0.0001
1922	1029.269	0.0001
1923	1029.643	0.0001
1924	1030.017	0.0001
1925	1030.39	0.0001
1926	1030.764	0.0001
1927	1031.137	0.0001
1928	1031.51	0.0001
1929	1031.883	21.79993
1930	1032.256	384.1333
1931	1032.628	586.7999
1932	1033.001	448.4666
1933	1033.373	146.7999
1934	1033.745	0.0001
1935	1034.117	0.0001
1936	1034.489	0.0001
1937	1034.861	0.0001
1938	1035.232	0.0001
1939	1035.604	0.0001
1940	1035.975	0.0001
1941	1036.346	39.79993
1942	1036.717	22.13326
1943	1037.088	344.4666
1944	1037.458	296.1333
1945	1037.828	241.7999
1946	1038.199	0.0001
1947	1038.569	0.0001
1948	1038.939	0.0001
1949	1039.309	0.0001
1950	1039.678	0.0001
1951	1040.048	0.0001
1952	1040.417	0.0001
1953	1040.786	0.0001
1954	1041.155	0.0001
1955	1041.524	0.0001
1956	1041.893	0.0001
1957	1042.261	0.0001
1958	1042.63	0.0001
1959	1042.998	0.0001
1960	1043.366	0.0001
1961	1043.734	0.0001
1962	1044.102	22.46659
1963	1044.469	0.0001
1964	1044.837	0.0001
1965	1045.204	0.0001
1966	1045.571	0.0001
1967	1045.938	0.0001
1968	1046.305	0.0001
1969	1046.672	0.0001
1970	1047.038	0.0001
1971	1047.404	0.0001
1972	1047.771	0.0001
1973	1048.136	0.0001
1974	1048.502	54.79993
1975	1048.868	50.79993
1976	1049.234	72.13326
1977	1049.599	0.0001
1978	1049.964	0.0001
1979	1050.329	0.0001
1980	1050.694	45.79993
1981	1051.059	118.1333
1982	1051.424	175.7999
1983	1051.788	0.0001
1984	1052.152	0.0001
1985	1052.516	0.0001
1986	1052.88	57.79993
1987	1053.244	85.46659
1988	1053.608	105.4666
1989	1053.971	160.1333
1990	1054.335	190.1333
1991	1054.698	300.4666
1992	1055.061	84.13326
1993	1055.424	37.79993
1994	1055.787	56.46659
1995	1056.149	81.13326
1996	1056.512	188.4666
1997	1056.874	0.0001
1998	1057.236	0.0001
1999	1057.598	0.0001
2000	1057.96	0.0001
2001	1058.321	0.0001
2002	1058.683	0.0001
2003	1059.044	0.0001
2004	1059.405	34.79993
2005	1059.766	46.46659
2006	1060.127	11.79993
2007	1060.488	0.0001
2008	1060.848	0.0001
2009	1061.209	0.0001
2010	1061.569	0.0001
2011	1061.929	46.46659
2012	1062.289	40.13326
2013	1062.648	0.0001
2014	1063.008	44.46659
2015	1063.367	459.1333
2016	1063.727	572.1332
2017	1064.086	440.7999
2018	1064.445	59.46659
2019	1064.804	0.0001
2020	1065.162	0.0001
2021	1065.521	285.4666
2022	1065.879	358.7999
2023	1066.237	354.1333
2024	1066.595	0.0001
2025	1066.953	0.0001
2026	1067.311	0.0001
2027	1067.668	0.0001
2028	1068.026	0.0001
2029	1068.383	0.0001
2030	1068.74	0.0001
2031	1069.097	0.0001
2032	1069.453	0.0001
2033	1069.81	0.0001
2034	1070.166	43.79993
2035	1070.523	0.0001
2036	1070.879	0.0001
2037	1071.235	0.0001
2038	1071.591	0.0001
2039	1071.946	42.13326
2040	1072.302	78.79993
2041	1072.657	114.7999
2042	1073.012	26.46659
2043	1073.367	53.13326
2044	1073.722	0.0001
2045	1074.077	0.0001
2046	1074.431	0.0001
2047	1074.786	0.0001
