0	28.36968	446.475
1	29.03326	247.3
2	29.69669	0.0001
3	30.35998	0.0001
4	31.02312	0.0001
5	31.68612	0.0001
6	32.34897	0.0001
7	33.01168	0.0001
8	33.67424	0.0001
9	34.33666	0.0001
10	34.99894	0.0001
11	35.66106	0.0001
12	36.32305	0.0001
13	36.98489	0.0001
14	37.64658	0.0001
15	38.30814	1000.95
16	38.96954	1155.284
17	39.6308	1127.617
18	40.29192	0.0001
19	40.95289	0.0001
20	41.61372	0.0001
21	42.2744	0.0001
22	42.93494	1.950073
23	43.59533	63.61674
24	44.25558	3.283406
25	44.91568	731.6168
26	45.57564	704.9502
27	46.23545	739.2835
28	46.89512	0.0001
29	47.55465	0.0001
30	48.21402	0.0001
31	48.87326	111.2834
32	49.53235	26.61674
33	50.1913	58.61674
34	50.85009	0.0001
35	51.50875	0.0001
36	52.16726	0.0001
37	52.82563	0.0001
38	53.48384	0.0001
39	54.14192	83.28341
40	54.79985	70.95007
41	55.45764	63.61674
42	56.11528	0.0001
43	56.77278	0.0001
44	57.43013	0.0001
45	58.08733	0.0001
46	58.7444	211.2834
47	59.40131	197.9501
48	60.05809	544.2834
49	60.71471	212.2834
50	61.3712	222.9501
51	62.02753	0.0001
52	62.68372	0.0001
53	63.33977	0.0001
54	63.99567	58.95007
55	64.65143	90.95007
56	65.30704	79.61674
57	65.96251	211.6167
58	66.61784	221.2834
59	67.27301	185.2834
60	67.92805	0.0001
61	68.58293	29.61674
62	69.23768	90.95007
63	69.89227	163.6167
64	70.54672	0.0001
65	71.20103	0.0001
66	71.85519	0.0001
67	72.50922	55.95007
68	73.16309	17.61674
69	73.81681	0.0001
70	74.4704	0.0001
71	75.12383	0.0001
72	75.77712	51.28341
73	76.43027	33.95007
74	77.08327	0.0001
75	77.73613	2.61674
76	78.38884	0.0001
77	79.04141	32.95007
78	79.69383	35.28341
79	80.34611	17.28341
80	80.99824	0.0001
81	81.65022	0.0001
82	82.30207	84.95007
83	82.95377	194.9501
84	83.60532	178.6167
85	84.25672	97.95007
86	84.90798	0.0001
87	85.5591	0.0001
88	86.21007	0.0001
89	86.86089	0.0001
90	87.51157	63.61674
91	88.16211	22.28341
92	88.8125	0.0001
93	89.46274	0.0001
94	90.11284	0.0001
95	90.76279	0.0001
96	91.41261	97.95007
97	92.06227	81.61674
98	92.71178	53.61674
99	93.36116	0.0001
100	94.01038	0.0001
101	94.65947	0.0001
102	95.30841	0.0001
103	95.9572	0.0001
104	96.60584	0.0001
105	97.25435	0.0001
106	97.9027	0.0001
107	98.55092	0.0001
108	99.19898	0.0001
109	99.8469	0.0001
110	100.4947	0.0001
111	101.1423	590.9501
112	101.7898	629.9501
113	102.4371	591.9501
114	103.0843	49.28341
115	103.7314	4.61674
116	104.3783	45.61674
117	105.025	0.0001
118	105.6716	0.0001
119	106.3181	0.0001
120	106.9644	0.0001
121	107.6106	0.0001
122	108.2566	0.0001
123	108.9025	0.0001
124	109.5483	0.0001
125	110.1939	10.61674
126	110.8393	266.2834
127	111.4846	146.6167
128	112.1298	469.2834
129	112.7748	248.6167
130	113.4197	462.6167
131	114.0644	134.6167
132	114.709	91.95007
133	115.3534	7.950073
134	115.9977	0.0001
135	116.6418	29.95007
136	117.2858	0.0001
137	117.9297	45.28341
138	118.5734	13.95007
139	119.2169	3.61674
140	119.8603	0.0001
141	120.5036	0.0001
142	121.1467	0.0001
143	121.7897	0.0001
144	122.4325	0.0001
145	123.0752	0.0001
146	123.7178	0.0001
147	124.3602	0.0001
148	125.0024	0.0001
149	125.6445	0.0001
150	126.2865	0.0001
151	126.9283	0.0001
152	127.5699	0.0001
153	128.2115	0.0001
154	128.8528	0.0001
155	129.4941	0.0001
156	130.1351	81.95007
157	130.7761	116.2834
158	131.4169	482.2834
159	132.0575	352.2834
160	132.698	297.2834
161	133.3384	0.0001
162	133.9786	0.0001
163	134.6187	0.0001
164	135.2586	0.0001
165	135.8984	0.0001
166	136.538	0.0001
167	137.1775	0.0001
168	137.8168	21.28341
169	138.456	10.61674
170	139.095	12.28341
171	139.7339	0.0001
172	140.3727	7.61674
173	141.0113	96.95007
174	141.6498	16.95007
175	142.2881	0.0001
176	142.9263	55.95007
177	143.5643	102.9501
178	144.2022	149.2834
179	144.8399	122.2834
180	145.4775	128.9501
181	146.1149	64.95007
182	146.7522	0.0001
183	147.3894	0.0001
184	148.0264	0.0001
185	148.6632	0.0001
186	149.3	0.0001
187	149.9365	0.0001
188	150.5729	0.0001
189	151.2092	0.0001
190	151.8454	0.0001
191	152.4813	41.61674
192	153.1172	144.2834
193	153.7529	85.95007
194	154.3884	154.6167
195	155.0238	73.28341
196	155.6591	0.0001
197	156.2942	0.0001
198	156.9291	0.0001
199	157.564	77.95007
200	158.1986	91.28341
201	158.8332	22.28341
202	159.4675	0.0001
203	160.1018	0.0001
204	160.7359	0.0001
205	161.3698	23.95007
206	162.0036	0.0001
207	162.6373	10.28341
208	163.2708	0.0001
209	163.9041	71.95007
210	164.5373	21.95007
211	165.1704	0.0001
212	165.8033	0.0001
213	166.4361	0.0001
214	167.0687	0.0001
215	167.7012	0.0001
216	168.3335	0.0001
217	168.9657	0.0001
218	169.5978	0.0001
219	170.2297	0.0001
220	170.8614	0.0001
221	171.493	0.0001
222	172.1245	0.0001
223	172.7558	0.0001
224	173.387	25.95007
225	174.018	78.61674
226	174.6489	0.0001
227	175.2796	0.0001
228	175.9102	0.0001
229	176.5406	56.95007
230	177.1709	69.61674
231	177.8011	0.0001
232	178.4311	0.0001
233	179.0609	0.0001
234	179.6906	1.283407
235	180.3202	65.95007
236	180.9496	13.95007
237	181.5789	0.0001
238	182.208	0.0001
239	182.837	0.0001
240	183.4658	0.0001
241	184.0945	0.0001
242	184.723	0.0001
243	185.3514	0.0001
244	185.9797	0.0001
245	186.6078	0.0001
246	187.2357	0.0001
247	187.8635	0.0001
248	188.4912	0.0001
249	189.1187	0.0001
250	189.7461	0.0001
251	190.3733	0.0001
252	191.0004	0.0001
253	191.6273	0.0001
254	192.2541	0.2834066
255	192.8808	17.28341
256	193.5072	57.28341
257	194.1336	0.0001
258	194.7598	0.0001
259	195.3858	66.95007
260	196.0117	84.28341
261	196.6375	79.61674
262	197.2631	254.6167
263	197.8886	228.9501
264	198.5139	290.9501
265	199.1391	0.0001
266	199.7641	0.0001
267	200.389	415.6167
268	201.0137	383.9501
269	201.6383	390.6167
270	202.2628	0.0001
271	202.8871	0.0001
272	203.5112	0.0001
273	204.1352	0.0001
274	204.7591	0.0001
275	205.3828	0.0001
276	206.0064	0.0001
277	206.6298	0.0001
278	207.2531	0.0001
279	207.8762	0.0001
280	208.4992	3.283406
281	209.122	28.61674
282	209.7447	0.0001
283	210.3672	0.0001
284	210.9896	0.0001
285	211.6119	55.95007
286	212.234	0.0001
287	212.8559	0.0001
288	213.4778	0.0001
289	214.0994	0.0001
290	214.7209	0.0001
291	215.3423	0.0001
292	215.9635	0.0001
293	216.5846	0.0001
294	217.2055	157.6167
295	217.8263	183.6167
296	218.447	384.2834
297	219.0675	139.9501
298	219.6878	253.6167
299	220.308	193.9501
300	220.9281	399.2834
301	221.548	253.2834
302	222.1677	127.9501
303	222.7873	0.0001
304	223.4068	0.0001
305	224.0261	0.0001
306	224.6453	0.0001
307	225.2643	0.0001
308	225.8832	0.0001
309	226.5019	0.0001
310	227.1205	48.61674
311	227.739	70.28341
312	228.3573	66.28341
313	228.9754	54.95007
314	229.5934	0.0001
315	230.2112	0.0001
316	230.8289	0.0001
317	231.4465	0.0001
318	232.0639	0.0001
319	232.6812	0.0001
320	233.2983	0.0001
321	233.9153	38.95007
322	234.5321	47.61674
323	235.1488	244.9501
324	235.7653	182.9501
325	236.3817	78.28341
326	236.998	0.0001
327	237.6141	0.0001
328	238.23	0.0001
329	238.8458	32.61674
330	239.4615	0.0001
331	240.077	6.61674
332	240.6923	0.0001
333	241.3075	0.0001
334	241.9226	0.0001
335	242.5375	0.0001
336	243.1523	0.0001
337	243.7669	0.0001
338	244.3814	0.0001
339	244.9957	0.0001
340	245.6099	0.0001
341	246.224	0.0001
342	246.8379	0.0001
343	247.4516	0.0001
344	248.0652	0.0001
345	248.6786	0.0001
346	249.292	0.0001
347	249.9051	0.0001
348	250.5181	0.0001
349	251.131	0.0001
350	251.7437	0.0001
351	252.3563	0.0001
352	252.9687	0.0001
353	253.581	0.0001
354	254.1931	0.0001
355	254.8051	0.0001
356	255.4169	0.0001
357	256.0286	0.0001
358	256.6402	118.6167
359	257.2516	136.2834
360	257.8628	282.6167
361	258.4739	67.28341
362	259.0849	60.61674
363	259.6957	449.9501
364	260.3063	458.9501
365	260.9169	500.6167
366	261.5272	32.95007
367	262.1375	0.0001
368	262.7475	0.0001
369	263.3575	0.0001
370	263.9672	0.0001
371	264.5769	44.61674
372	265.1864	41.61674
373	265.7957	38.61674
374	266.4049	0.0001
375	267.0139	0.0001
376	267.6228	0.0001
377	268.2316	176.2834
378	268.8402	463.6167
379	269.4486	496.9501
380	270.0569	230.9501
381	270.6651	23.61674
382	271.2731	41.95007
383	271.881	0.0001
384	272.4887	0.0001
385	273.0963	0.0001
386	273.7037	0.0001
387	274.311	27.95007
388	274.9182	91.28341
389	275.5251	125.9501
390	276.132	0.0001
391	276.7387	0.0001
392	277.3452	0.0001
393	277.9516	0.0001
394	278.5579	0.0001
395	279.164	0.0001
396	279.7699	46.28341
397	280.3757	94.61674
398	280.9814	150.6167
399	281.5869	9.61674
400	282.1923	45.61674
401	282.7975	0.0001
402	283.4026	0.0001
403	284.0075	0.0001
404	284.6123	0.0001
405	285.2169	0.0001
406	285.8214	151.9501
407	286.4258	520.6168
408	287.0299	963.95
409	287.634	740.6167
410	288.2379	509.9501
411	288.8416	33.61674
412	289.4452	0.0001
413	290.0487	0.0001
414	290.652	0.0001
415	291.2552	0.0001
416	291.8582	0.0001
417	292.461	0.0001
418	293.0638	0.0001
419	293.6663	0.0001
420	294.2687	92.95007
421	294.871	165.2834
422	295.4731	141.9501
423	296.0751	63.95007
424	296.677	0.0001
425	297.2787	24.61674
426	297.8802	0.0001
427	298.4816	40.61674
428	299.0828	186.9501
429	299.6839	131.6167
430	300.2849	26.28341
431	300.8857	0.0001
432	301.4864	0.0001
433	302.0869	0.0001
434	302.6872	0.0001
435	303.2874	18.95007
436	303.8875	63.28341
437	304.4874	0.0001
438	305.0872	0.0001
439	305.6868	157.6167
440	306.2863	673.2834
441	306.8856	699.95
442	307.4848	512.2834
443	308.0838	16.61674
444	308.6827	0.0001
445	309.2815	0.0001
446	309.8801	0.0001
447	310.4785	0.0001
448	311.0768	0.0001
449	311.675	0.0001
450	312.2729	0.0001
451	312.8708	0.0001
452	313.4685	0.0001
453	314.0661	0.0001
454	314.6635	14.28341
455	315.2608	0.0001
456	315.8579	458.6167
457	316.4549	492.6167
458	317.0517	581.9501
459	317.6483	0.0001
460	318.2449	0.0001
461	318.8412	0.0001
462	319.4375	0.0001
463	320.0336	0.0001
464	320.6295	0.0001
465	321.2253	0.0001
466	321.821	0.0001
467	322.4164	0.0001
468	323.0118	0.0001
469	323.607	0.0001
470	324.2021	0.0001
471	324.797	0.0001
472	325.3917	0.0001
473	325.9863	0.0001
474	326.5808	0.0001
475	327.1751	80.95007
476	327.7693	42.28341
477	328.3633	0.0001
478	328.9572	0.0001
479	329.5509	0.0001
480	330.1444	0.0001
481	330.7379	0.0001
482	331.3312	215.9501
483	331.9243	240.6167
484	332.5173	536.9501
485	333.1101	264.9501
486	333.7028	306.6167
487	334.2953	0.0001
488	334.8878	22.95007
489	335.48	0.0001
490	336.0721	0.0001
491	336.664	0.0001
492	337.2559	0.0001
493	337.8475	0.0001
494	338.439	0.0001
495	339.0304	17.95007
496	339.6216	134.9501
497	340.2126	124.9501
498	340.8036	33.95007
499	341.3943	0.0001
500	341.985	19.61674
501	342.5754	0.0001
502	343.1658	0.0001
503	343.756	43.28341
504	344.346	110.2834
505	344.9359	117.6167
506	345.5256	0.0001
507	346.1152	0.0001
508	346.7046	0.0001
509	347.2939	0.0001
510	347.8831	0.0001
511	348.472	0.0001
512	349.0609	0.0001
513	349.6496	3.61674
514	350.2381	0.0001
515	350.8265	0.0001
516	351.4148	0.0001
517	352.0029	0.0001
518	352.5909	0.0001
519	353.1787	0.0001
520	353.7664	0.0001
521	354.3539	13.61674
522	354.9412	0.0001
523	355.5284	16.28341
524	356.1155	33.95007
525	356.7025	23.61674
526	357.2892	0.0001
527	357.8759	0.0001
528	358.4623	86.95007
529	359.0487	64.95007
530	359.6349	73.61674
531	360.2209	0.0001
532	360.8068	0.0001
533	361.3925	0.0001
534	361.9781	0.0001
535	362.5636	0.0001
536	363.1489	0.0001
537	363.734	0.0001
538	364.319	0.0001
539	364.9039	0.0001
540	365.4886	0.0001
541	366.0731	0.0001
542	366.6575	0.0001
543	367.2418	0.0001
544	367.8259	0.0001
545	368.4099	0.0001
546	368.9937	0.0001
547	369.5774	0.0001
548	370.1609	0.0001
549	370.7443	20.95007
550	371.3275	54.95007
551	371.9106	43.95007
552	372.4935	89.28341
553	373.0763	41.28341
554	373.6589	9.283406
555	374.2414	0.0001
556	374.8237	26.28341
557	375.4059	20.95007
558	375.9879	93.28341
559	376.5698	0.0001
560	377.1516	48.95007
561	377.7332	115.6167
562	378.3146	90.28341
563	378.8959	60.95007
564	379.4771	0.0001
565	380.0581	0.0001
566	380.6389	0.0001
567	381.2196	0.0001
568	381.8002	41.61674
569	382.3806	33.95007
570	382.9608	94.28341
571	383.541	0.0001
572	384.1209	96.61674
573	384.7007	62.28341
574	385.2804	45.28341
575	385.8599	8.61674
576	386.4393	0.0001
577	387.0185	6.283407
578	387.5976	0.0001
579	388.1765	52.61674
580	388.7553	0.0001
581	389.3339	0.0001
582	389.9124	0.0001
583	390.4908	0.0001
584	391.0689	244.6167
585	391.647	225.9501
586	392.2249	231.9501
587	392.8026	0.0001
588	393.3802	0.0001
589	393.9576	0.0001
590	394.5349	0.0001
591	395.1121	57.28341
592	395.6891	121.2834
593	396.2659	245.6167
594	396.8426	48.61674
595	397.4192	63.95007
596	397.9956	0.0001
597	398.5718	236.2834
598	399.1479	154.9501
599	399.7239	174.9501
600	400.2997	0.0001
601	400.8754	0.0001
602	401.4509	0.0001
603	402.0262	0.0001
604	402.6015	121.9501
605	403.1765	135.6167
606	403.7515	141.6167
607	404.3262	0.0001
608	404.9008	0.0001
609	405.4753	0.0001
610	406.0497	0.0001
611	406.6238	0.0001
612	407.1979	0.0001
613	407.7718	0.0001
614	408.3455	0.0001
615	408.9191	0.0001
616	409.4925	0.0001
617	410.0658	0.0001
618	410.6389	212.6167
619	411.2119	314.2834
620	411.7848	375.9501
621	412.3575	59.95007
622	412.93	0.2834066
623	413.5024	0.0001
624	414.0746	0.0001
625	414.6467	0.0001
626	415.2187	0.0001
627	415.7905	0.0001
628	416.3621	0.2834066
629	416.9336	0.0001
630	417.505	43.95007
631	418.0762	8.61674
632	418.6472	0.0001
633	419.2182	0.0001
634	419.7889	0.0001
635	420.3595	0.0001
636	420.93	0.0001
637	421.5003	0.0001
638	422.0705	18.61674
639	422.6405	0.0001
640	423.2104	0.0001
641	423.7801	39.28341
642	424.3497	86.28341
643	424.9191	69.28341
644	425.4884	0.0001
645	426.0575	0.0001
646	426.6265	0.0001
647	427.1953	0.0001
648	427.764	0.0001
649	428.3325	0.0001
650	428.9009	0.0001
651	429.4691	0.0001
652	430.0372	0.0001
653	430.6051	0.0001
654	431.1729	26.95007
655	431.7406	58.95007
656	432.308	30.28341
657	432.8754	446.6167
658	433.4426	489.2834
659	434.0096	827.95
660	434.5765	509.2834
661	435.1432	535.9501
662	435.7099	134.6167
663	436.2763	0.0001
664	436.8426	0.0001
665	437.4088	0.0001
666	437.9748	47.95007
667	438.5406	30.28341
668	439.1063	0.0001
669	439.6719	0.0001
670	440.2373	74.61674
671	440.8025	74.95007
672	441.3676	192.9501
673	441.9326	77.61674
674	442.4974	18.28341
675	443.0621	0.0001
676	443.6266	0.0001
677	444.1909	11.28341
678	444.7552	79.28341
679	445.3192	109.9501
680	445.8831	0.0001
681	446.4469	0.0001
682	447.0105	0.0001
683	447.574	0.0001
684	448.1373	0.0001
685	448.7005	0.0001
686	449.2635	0.0001
687	449.8264	0.0001
688	450.3891	6.283407
689	450.9517	0.0001
690	451.5141	0.0001
691	452.0764	0.0001
692	452.6385	0.0001
693	453.2005	3.950073
694	453.7623	25.28341
695	454.324	24.61674
696	454.8855	20.28341
697	455.4469	53.95007
698	456.0081	108.2834
699	456.5692	178.9501
700	457.1302	87.28341
701	457.691	42.28341
702	458.2516	0.0001
703	458.8121	0.0001
704	459.3724	0.0001
705	459.9326	0.0001
706	460.4927	0.0001
707	461.0526	0.0001
708	461.6123	0.0001
709	462.1719	0.0001
710	462.7314	0.0001
711	463.2906	0.0001
712	463.8498	254.9501
713	464.4088	305.9501
714	464.9676	246.9501
715	465.5263	0.0001
716	466.0849	0.0001
717	466.6433	201.6167
718	467.2015	273.6167
719	467.7596	214.2834
720	468.3176	0.0001
721	468.8754	0.0001
722	469.433	0.0001
723	469.9906	197.9501
724	470.5479	332.2834
725	471.1051	352.9501
726	471.6622	48.28341
727	472.2191	0.0001
728	472.7758	0.0001
729	473.3325	14.61674
730	473.8889	109.9501
731	474.4453	26.61674
732	475.0014	0.9500732
733	475.5574	0.0001
734	476.1133	0.0001
735	476.669	0.0001
736	477.2246	0.0001
737	477.78	0.0001
738	478.3353	0.0001
739	478.8904	0.0001
740	479.4453	0.0001
741	480.0002	0.0001
742	480.5548	0.0001
743	481.1093	0.0001
744	481.6637	0.0001
745	482.218	0.0001
746	482.772	0.0001
747	483.3259	18.61674
748	483.8797	0.0001
749	484.4333	0.0001
750	484.9868	0.0001
751	485.5401	0.0001
752	486.0933	279.2834
753	486.6463	281.2834
754	487.1992	321.2834
755	487.752	0.0001
756	488.3045	0.0001
757	488.857	0.0001
758	489.4092	61.61674
759	489.9614	77.61674
760	490.5134	0.0001
761	491.0652	0.0001
762	491.6169	0.0001
763	492.1684	0.0001
764	492.7198	0.0001
765	493.271	0.0001
766	493.8221	0.0001
767	494.373	380.9501
768	494.9238	391.9501
769	495.4745	461.2834
770	496.0249	26.28341
771	496.5753	79.61674
772	497.1255	0.0001
773	497.6755	44.61674
774	498.2254	0.0001
775	498.7751	0.0001
776	499.3247	0.0001
777	499.8742	0.0001
778	500.4235	44.61674
779	500.9726	5.283407
780	501.5216	88.61674
781	502.0704	38.61674
782	502.6191	152.6167
783	503.1677	84.61674
784	503.7161	67.61674
785	504.2643	0.0001
786	504.8124	19.95007
787	505.3604	75.95007
788	505.9081	117.6167
789	506.4558	140.6167
790	507.0033	196.6167
791	507.5506	247.6167
792	508.0978	273.9501
793	508.6449	186.6167
794	509.1917	180.2834
795	509.7385	92.95007
796	510.2851	145.2834
797	510.8315	125.6167
798	511.3778	136.2834
799	511.924	80.95007
800	512.47	74.61674
801	513.0159	316.2834
802	513.5615	321.6167
803	514.1071	314.2834
804	514.6525	113.2834
805	515.1978	167.9501
806	515.7429	182.6167
807	516.2878	233.2834
808	516.8326	269.9501
809	517.3773	299.2834
810	517.9218	289.9501
811	518.4661	324.6167
812	519.0103	316.6167
813	519.5543	328.6167
814	520.0983	280.6167
815	520.642	349.9501
816	521.1856	360.6167
817	521.7291	390.2834
818	522.2723	399.2834
819	522.8155	452.6167
820	523.3585	468.9501
821	523.9014	484.6167
822	524.4441	537.2834
823	524.9866	650.6168
824	525.5291	715.95
825	526.0713	845.2834
826	526.6134	901.95
827	527.1553	933.95
828	527.6971	829.2834
829	528.2388	815.2834
830	528.7803	940.6167
831	529.3217	1046.617
832	529.8629	1189.95
833	530.4039	1191.283
834	530.9448	1246.617
835	531.4856	1365.617
836	532.0262	1455.617
837	532.5667	1585.283
838	533.1069	1738.617
839	533.6471	1867.617
840	534.1871	1901.617
841	534.727	1780.283
842	535.2667	1832.283
843	535.8062	1893.95
844	536.3456	1978.617
845	536.8849	2015.95
846	537.424	2119.617
847	537.963	2247.283
848	538.5018	2368.95
849	539.0404	2469.95
850	539.5789	2615.617
851	540.1172	2755.617
852	540.6555	2882.95
853	541.1935	2977.283
854	541.7314	3058.283
855	542.2692	3130.283
856	542.8068	3197.95
857	543.3442	3318.95
858	543.8815	3505.617
859	544.4187	3552.617
860	544.9557	3683.283
861	545.4926	3871.95
862	546.0293	4138.284
863	546.5659	4209.284
864	547.1022	4187.284
865	547.6385	4215.284
866	548.1746	4243.617
867	548.7106	4294.284
868	549.2463	4367.617
869	549.782	4626.284
870	550.3175	4744.284
871	550.8528	4785.95
872	551.3881	4705.284
873	551.9232	4835.284
874	552.458	4865.95
875	552.9928	4959.95
876	553.5274	4952.617
877	554.0618	5093.95
878	554.5961	5095.95
879	555.1303	5025.284
880	555.6643	4994.95
881	556.1981	4940.95
882	556.7319	5008.284
883	557.2654	4932.617
884	557.7988	4914.95
885	558.332	5503.951
886	558.8652	5547.284
887	559.3981	5575.951
888	559.9309	4877.617
889	560.4636	4734.617
890	560.996	4681.284
891	561.5284	4663.95
892	562.0606	4683.95
893	562.5927	4552.617
894	563.1246	4442.95
895	563.6563	4365.617
896	564.1879	4309.284
897	564.7194	4301.284
898	565.2507	4212.284
899	565.7818	4124.95
900	566.3128	4096.95
901	566.8436	4032.283
902	567.3743	4234.617
903	567.9049	4165.95
904	568.4353	4176.284
905	568.9655	3864.617
906	569.4956	3726.95
907	570.0256	3721.617
908	570.5554	3680.95
909	571.085	3587.617
910	571.6145	3397.617
911	572.1439	3364.617
912	572.673	3333.95
913	573.2021	3269.95
914	573.731	3261.95
915	574.2597	3301.283
916	574.7883	3220.617
917	575.3167	3131.95
918	575.845	3083.95
919	576.3732	3068.283
920	576.9011	3025.95
921	577.429	2925.283
922	577.9567	2976.617
923	578.4842	2991.95
924	579.0116	2999.617
925	579.5388	2898.95
926	580.0659	2799.617
927	580.5928	2816.617
928	581.1196	2793.617
929	581.6463	2813.617
930	582.1727	2767.617
931	582.6991	2808.283
932	583.2253	2964.95
933	583.7513	3028.95
934	584.2772	3166.283
935	584.8029	3131.617
936	585.3285	3033.95
937	585.8539	2907.283
938	586.3792	2849.617
939	586.9044	2937.95
940	587.4293	3220.617
941	587.9542	3200.95
942	588.4788	3144.617
943	589.0034	2816.95
944	589.5277	2873.283
945	590.0519	2886.95
946	590.576	2916.283
947	591.1	2887.617
948	591.6237	2888.95
949	592.1473	2956.617
950	592.6708	2928.95
951	593.1942	2920.95
952	593.7173	2912.95
953	594.2404	2920.283
954	594.7632	3068.283
955	595.2859	3073.617
956	595.8085	3118.617
957	596.3309	3033.283
958	596.8531	3033.617
959	597.3753	3044.283
960	597.8973	3031.95
961	598.4191	2966.283
962	598.9407	2977.95
963	599.4622	2983.617
964	599.9836	3118.95
965	600.5048	3045.283
966	601.0259	3045.283
967	601.5468	2965.617
968	602.0676	3158.617
969	602.5881	3240.283
970	603.1086	3245.283
971	603.6289	3089.95
972	604.149	3143.617
973	604.6691	3075.95
974	605.1889	3051.95
975	605.7086	3229.95
976	606.2282	3231.95
977	606.7476	3151.95
978	607.2668	2772.283
979	607.7859	2666.95
980	608.3049	2650.283
981	608.8237	2631.95
982	609.3423	2750.617
983	609.8608	2714.283
984	610.3792	2637.95
985	610.8974	2514.95
986	611.4154	2482.283
987	611.9333	2407.283
988	612.451	2429.95
989	612.9686	2409.95
990	613.4861	2422.283
991	614.0034	2341.283
992	614.5205	2378.617
993	615.0375	2368.617
994	615.5543	2646.617
995	616.071	2537.283
996	616.5876	2674.95
997	617.1039	2280.617
998	617.6202	2184.283
999	618.1363	1971.617
1000	618.6522	2059.617
1001	619.168	2086.617
1002	619.6836	1999.95
1003	620.1991	1855.617
1004	620.7144	1853.283
1005	621.2296	1840.283
1006	621.7446	1780.95
1007	622.2595	1708.95
1008	622.7742	1712.617
1009	623.2888	1789.95
1010	623.8032	1816.95
1011	624.3175	2166.617
1012	624.8316	2072.95
1013	625.3456	2321.95
1014	625.8594	2013.617
1015	626.373	2057.95
1016	626.8865	1833.95
1017	627.3999	1759.95
1018	627.9131	1667.95
1019	628.4262	1702.617
1020	628.9391	1691.95
1021	629.4519	1777.283
1022	629.9645	1700.283
1023	630.4769	1666.283
1024	630.9893	1608.283
1025	631.5014	1509.95
1026	632.0134	1506.617
1027	632.5253	1594.617
1028	633.037	1568.95
1029	633.5485	1618.617
1030	634.0599	1545.283
1031	634.5712	1489.95
1032	635.0823	1476.283
1033	635.5932	1443.95
1034	636.104	1543.95
1035	636.6146	1427.617
1036	637.1251	1340.283
1037	637.6355	1340.283
1038	638.1457	1380.283
1039	638.6557	1422.617
1040	639.1656	1286.283
1041	639.6754	1300.617
1042	640.1849	1361.283
1043	640.6943	1394.617
1044	641.2036	1326.95
1045	641.7128	1169.617
1046	642.2217	1108.95
1047	642.7306	1044.617
1048	643.2393	1115.95
1049	643.7477	1577.284
1050	644.2562	1581.95
1051	644.7643	1470.617
1052	645.2725	1287.617
1053	645.7803	1272.95
1054	646.2881	1381.617
1055	646.7958	1090.95
1056	647.3032	1143.617
1057	647.8105	1102.283
1058	648.3177	1129.283
1059	648.8247	1048.283
1060	649.3315	1001.95
1061	649.8383	965.95
1062	650.3448	972.95
1063	650.8513	951.2834
1064	651.3575	956.6167
1065	651.8636	987.6167
1066	652.3696	986.95
1067	652.8754	1063.617
1068	653.381	1016.617
1069	653.8865	1127.283
1070	654.3918	1059.95
1071	654.897	1012.617
1072	655.4021	873.2834
1073	655.907	779.2834
1074	656.4117	1159.283
1075	656.9163	1145.283
1076	657.4208	1233.95
1077	657.925	905.95
1078	658.4292	929.2834
1079	658.9332	822.95
1080	659.437	727.6167
1081	659.9407	645.9501
1082	660.4442	686.6167
1083	660.9476	734.2834
1084	661.4508	754.95
1085	661.9539	811.2834
1086	662.4568	861.95
1087	662.9596	877.2834
1088	663.4622	802.6167
1089	663.9647	706.95
1090	664.467	719.6167
1091	664.9692	731.6167
1092	665.4712	756.95
1093	665.9731	683.95
1094	666.4748	795.6167
1095	666.9763	838.2834
1096	667.4777	856.95
1097	667.979	693.2834
1098	668.4801	656.9501
1099	668.9811	639.2834
1100	669.4819	641.9501
1101	669.9825	575.2834
1102	670.483	545.6168
1103	670.9833	534.9501
1104	671.4836	515.2834
1105	671.9836	576.9501
1106	672.4835	730.2834
1107	672.9832	824.95
1108	673.4828	750.6167
1109	673.9822	602.6168
1110	674.4816	452.9501
1111	674.9807	470.2834
1112	675.4797	462.2834
1113	675.9785	527.2834
1114	676.4772	524.6168
1115	676.9757	561.2834
1116	677.4741	531.2834
1117	677.9723	513.9501
1118	678.4704	398.6167
1119	678.9683	356.9501
1120	679.4661	315.6167
1121	679.9637	384.2834
1122	680.4611	510.6167
1123	680.9584	553.9501
1124	681.4556	493.9501
1125	681.9526	379.2834
1126	682.4495	327.2834
1127	682.9462	346.9501
1128	683.4427	425.2834
1129	683.9391	415.2834
1130	684.4354	401.6167
1131	684.9315	343.6167
1132	685.4274	336.6167
1133	685.9232	266.9501
1134	686.4189	596.2834
1135	686.9144	674.2834
1136	687.4097	685.2834
1137	687.9049	465.2834
1138	688.4	428.6167
1139	688.8948	460.9501
1140	689.3896	321.9501
1141	689.8842	356.9501
1142	690.3786	443.6167
1143	690.8729	432.9501
1144	691.367	360.9501
1145	691.861	323.2834
1146	692.3548	359.2834
1147	692.8484	402.6167
1148	693.342	325.2834
1149	693.8353	238.6167
1150	694.3286	214.9501
1151	694.8216	185.6167
1152	695.3145	211.9501
1153	695.8073	307.6167
1154	696.2999	376.9501
1155	696.7924	456.2834
1156	697.2847	320.6167
1157	697.7768	227.2834
1158	698.2688	157.9501
1159	698.7606	242.2834
1160	699.2523	290.6167
1161	699.7439	282.9501
1162	700.2353	261.6167
1163	700.7265	229.2834
1164	701.2176	261.2834
1165	701.7085	170.6167
1166	702.1993	180.9501
1167	702.6899	153.6167
1168	703.1804	162.6167
1169	703.6707	270.9501
1170	704.1609	224.2834
1171	704.6509	324.6167
1172	705.1408	191.2834
1173	705.6305	184.6167
1174	706.1201	82.61674
1175	706.6095	172.2834
1176	707.0988	242.2834
1177	707.5879	234.9501
1178	708.0768	230.6167
1179	708.5656	681.2834
1180	709.0543	680.9501
1181	709.5428	613.9501
1182	710.0311	221.6167
1183	710.5193	194.9501
1184	711.0074	202.9501
1185	711.4953	57.61674
1186	711.983	165.6167
1187	712.4706	189.6167
1188	712.9581	270.6167
1189	713.4453	255.9501
1190	713.9324	199.9501
1191	714.4194	156.9501
1192	714.9063	301.2834
1193	715.3929	665.9501
1194	715.8795	704.2834
1195	716.3658	507.6167
1196	716.8521	125.9501
1197	717.3381	407.2834
1198	717.824	487.9501
1199	718.3098	549.2834
1200	718.7954	235.6167
1201	719.2809	112.6167
1202	719.7662	34.95007
1203	720.2513	27.28341
1204	720.7363	79.61674
1205	721.2212	123.2834
1206	721.7059	61.28341
1207	722.1904	0.0001
1208	722.6748	0.0001
1209	723.1591	120.9501
1210	723.6431	243.6167
1211	724.1271	313.9501
1212	724.6108	215.2834
1213	725.0945	200.9501
1214	725.5779	138.6167
1215	726.0613	143.9501
1216	726.5444	122.9501
1217	727.0275	116.9501
1218	727.5103	86.95007
1219	727.993	0.0001
1220	728.4756	102.2834
1221	728.958	136.2834
1222	729.4403	172.9501
1223	729.9224	127.9501
1224	730.4044	116.6167
1225	730.8862	78.61674
1226	731.3678	14.61674
1227	731.8493	3.950073
1228	732.3306	47.28341
1229	732.8118	80.95007
1230	733.2928	93.61674
1231	733.7737	79.61674
1232	734.2545	142.6167
1233	734.7351	110.2834
1234	735.2155	136.6167
1235	735.6958	78.61674
1236	736.1759	99.95007
1237	736.6559	31.95007
1238	737.1357	50.95007
1239	737.6154	19.28341
1240	738.0949	126.2834
1241	738.5742	33.28341
1242	739.0535	49.28341
1243	739.5325	0.0001
1244	740.0114	0.0001
1245	740.4902	0.0001
1246	740.9688	11.61674
1247	741.4472	70.28341
1248	741.9255	175.6167
1249	742.4036	129.2834
1250	742.8817	119.9501
1251	743.3595	0.0001
1252	743.8372	12.95007
1253	744.3147	29.61674
1254	744.7921	185.2834
1255	745.2693	203.2834
1256	745.7464	212.2834
1257	746.2233	39.61674
1258	746.7001	65.61674
1259	747.1767	365.6167
1260	747.6531	397.2834
1261	748.1295	388.6167
1262	748.6056	0.0001
1263	749.0816	0.0001
1264	749.5575	23.61674
1265	750.0332	58.28341
1266	750.5087	32.95007
1267	750.9841	0.0001
1268	751.4594	26.61674
1269	751.9344	33.28341
1270	752.4094	0.0001
1271	752.8842	0.0001
1272	753.3588	0.0001
1273	753.8333	0.0001
1274	754.3076	0.0001
1275	754.7818	0.0001
1276	755.2558	151.6167
1277	755.7297	312.2834
1278	756.2034	518.2834
1279	756.6769	406.9501
1280	757.1503	214.6167
1281	757.6236	0.0001
1282	758.0967	0.0001
1283	758.5696	0.0001
1284	759.0425	0.0001
1285	759.5151	0.0001
1286	759.9876	318.2834
1287	760.46	355.6167
1288	760.9321	399.9501
1289	761.4042	5.950073
1290	761.876	0.0001
1291	762.3478	24.61674
1292	762.8193	37.61674
1293	763.2908	46.28341
1294	763.762	0.0001
1295	764.2332	0.0001
1296	764.7042	0.0001
1297	765.1749	0.0001
1298	765.6456	0.0001
1299	766.1161	0.0001
1300	766.5865	0.0001
1301	767.0566	0.0001
1302	767.5267	17.95007
1303	767.9966	70.95007
1304	768.4664	42.28341
1305	768.9359	13.61674
1306	769.4054	0.0001
1307	769.8746	0.0001
1308	770.3438	0.0001
1309	770.8127	0.0001
1310	771.2816	0.0001
1311	771.7502	0.0001
1312	772.2188	156.9501
1313	772.6871	62.28341
1314	773.1553	185.2834
1315	773.6234	146.9501
1316	774.0913	202.9501
1317	774.5591	126.2834
1318	775.0267	18.61674
1319	775.4941	0.0001
1320	775.9614	0.0001
1321	776.4286	0.0001
1322	776.8956	0.0001
1323	777.3624	0.0001
1324	777.829	0.0001
1325	778.2956	0.0001
1326	778.762	0.0001
1327	779.2282	0.0001
1328	779.6943	63.28341
1329	780.1602	60.95007
1330	780.626	120.6167
1331	781.0916	77.95007
1332	781.557	43.28341
1333	782.0223	913.6168
1334	782.4875	883.6169
1335	782.9525	950.2835
1336	783.4173	40.28341
1337	783.882	5.950073
1338	784.3466	0.0001
1339	784.8109	0.0001
1340	785.2751	0.0001
1341	785.7393	0.0001
1342	786.2032	0.0001
1343	786.6669	0.0001
1344	787.1306	0.0001
1345	787.5941	0.0001
1346	788.0574	0.0001
1347	788.5205	0.0001
1348	788.9835	157.2834
1349	789.4464	177.2834
1350	789.9091	277.2834
1351	790.3716	42.28341
1352	790.834	65.95007
1353	791.2963	2.61674
1354	791.7584	0.0001
1355	792.2203	0.0001
1356	792.6821	0.0001
1357	793.1437	10.61674
1358	793.6052	0.0001
1359	794.0665	415.9501
1360	794.5276	430.2834
1361	794.9887	351.2834
1362	795.4495	0.0001
1363	795.9103	0.0001
1364	796.3708	0.0001
1365	796.8312	0.0001
1366	797.2914	0.0001
1367	797.7515	0.0001
1368	798.2115	0.0001
1369	798.6713	0.0001
1370	799.1309	0.0001
1371	799.5904	0.0001
1372	800.0497	0.0001
1373	800.5089	0.0001
1374	800.968	0.0001
1375	801.4268	0.0001
1376	801.8855	31.28341
1377	802.3441	0.0001
1378	802.8025	0.0001
1379	803.2607	0.0001
1380	803.7189	0.0001
1381	804.1768	0.0001
1382	804.6346	0.0001
1383	805.0922	0.0001
1384	805.5497	0.0001
1385	806.0071	0.0001
1386	806.4642	0.0001
1387	806.9213	0.0001
1388	807.3782	0.0001
1389	807.8349	0.0001
1390	808.2914	0.0001
1391	808.7479	0.0001
1392	809.2041	0.0001
1393	809.6602	0.0001
1394	810.1161	0.0001
1395	810.572	0.0001
1396	811.0276	2.61674
1397	811.4831	54.61674
1398	811.9385	18.95007
1399	812.3937	0.0001
1400	812.8487	0.0001
1401	813.3036	0.0001
1402	813.7583	14.28341
1403	814.2128	0.0001
1404	814.6673	0.0001
1405	815.1215	0.0001
1406	815.5757	0.0001
1407	816.0296	0.0001
1408	816.4834	0.0001
1409	816.9371	0.0001
1410	817.3906	0.0001
1411	817.8439	61.28341
1412	818.2971	131.2834
1413	818.7501	53.61674
1414	819.203	50.95007
1415	819.6558	0.0001
1416	820.1083	0.0001
1417	820.5607	0.0001
1418	821.013	0.0001
1419	821.4651	0.0001
1420	821.9171	0.0001
1421	822.3689	0.0001
1422	822.8206	51.61674
1423	823.2721	160.6167
1424	823.7234	159.2834
1425	824.1746	77.28341
1426	824.6257	39.95007
1427	825.0765	89.95007
1428	825.5273	20.61674
1429	825.9778	0.0001
1430	826.4283	0.0001
1431	826.8785	2.283406
1432	827.3287	0.0001
1433	827.7786	0.0001
1434	828.2285	0.0001
1435	828.6781	0.0001
1436	829.1276	0.0001
1437	829.577	0.0001
1438	830.0261	0.0001
1439	830.4752	0.0001
1440	830.9241	0.0001
1441	831.3728	79.95007
1442	831.8214	285.9501
1443	832.2698	264.9501
1444	832.7181	211.6167
1445	833.1662	36.28341
1446	833.6141	62.61674
1447	834.062	0.0001
1448	834.5096	0.0001
1449	834.9572	0.0001
1450	835.4045	195.9501
1451	835.8517	299.6167
1452	836.2987	360.9501
1453	836.7456	84.95007
1454	837.1923	0.0001
1455	837.6389	0.0001
1456	838.0853	0.0001
1457	838.5316	0.0001
1458	838.9777	6.61674
1459	839.4237	105.2834
1460	839.8695	152.2834
1461	840.3152	104.2834
1462	840.7607	0.0001
1463	841.206	0.0001
1464	841.6512	179.9501
1465	842.0963	159.2834
1466	842.5411	265.2834
1467	842.9859	9.950073
1468	843.4305	49.95007
1469	843.8749	0.0001
1470	844.3192	0.0001
1471	844.7632	0.0001
1472	845.2072	0.0001
1473	845.6511	0.0001
1474	846.0947	0.0001
1475	846.5382	0.0001
1476	846.9816	0.0001
1477	847.4247	0.0001
1478	847.8678	0.0001
1479	848.3107	0.0001
1480	848.7534	0.0001
1481	849.196	0.0001
1482	849.6384	0.0001
1483	850.0807	0.0001
1484	850.5228	0.0001
1485	850.9647	126.2834
1486	851.4066	107.2834
1487	851.8482	68.95007
1488	852.2897	0.0001
1489	852.7311	0.0001
1490	853.1722	0.0001
1491	853.6133	0.0001
1492	854.0541	0.0001
1493	854.4949	0.0001
1494	854.9355	0.0001
1495	855.3759	0.0001
1496	855.8162	0.0001
1497	856.2563	0.0001
1498	856.6962	21.28341
1499	857.136	0.0001
1500	857.5757	105.9501
1501	858.0152	44.61674
1502	858.4545	71.28341
1503	858.8937	0.0001
1504	859.3328	0.0001
1505	859.7716	0.0001
1506	860.2103	13.28341
1507	860.6489	67.95007
1508	861.0873	66.95007
1509	861.5256	0.0001
1510	861.9637	0.0001
1511	862.4017	0.0001
1512	862.8395	0.0001
1513	863.2771	0.0001
1514	863.7146	0.0001
1515	864.1519	0.0001
1516	864.5891	11.95007
1517	865.0261	0.0001
1518	865.463	67.28341
1519	865.8997	0.0001
1520	866.3363	9.950073
1521	866.7727	0.0001
1522	867.209	0.0001
1523	867.6451	0.0001
1524	868.081	0.0001
1525	868.5168	0.0001
1526	868.9525	0.0001
1527	869.3879	0.0001
1528	869.8232	0.0001
1529	870.2584	0.0001
1530	870.6935	0.0001
1531	871.1284	0.0001
1532	871.563	9.61674
1533	871.9976	0.0001
1534	872.432	31.95007
1535	872.8663	0.0001
1536	873.3004	47.61674
1537	873.7343	79.61674
1538	874.1681	93.61674
1539	874.6017	0.0001
1540	875.0352	0.0001
1541	875.4685	0.0001
1542	875.9017	0.0001
1543	876.3347	0.0001
1544	876.7676	0.0001
1545	877.2003	0.0001
1546	877.6328	0.0001
1547	878.0652	0.0001
1548	878.4974	97.95007
1549	878.9296	46.61674
1550	879.3615	80.61674
1551	879.7933	34.95007
1552	880.2249	189.9501
1553	880.6564	174.2834
1554	881.0877	66.61674
1555	881.5189	0.0001
1556	881.9498	0.0001
1557	882.3807	0.0001
1558	882.8114	0.0001
1559	883.2419	0.0001
1560	883.6723	224.9501
1561	884.1025	218.2834
1562	884.5327	240.9501
1563	884.9626	0.0001
1564	885.3923	115.2834
1565	885.822	149.2834
1566	886.2514	38.28341
1567	886.6807	0.0001
1568	887.1099	0.0001
1569	887.5389	0.0001
1570	887.9677	0.0001
1571	888.3964	6.61674
1572	888.825	0.0001
1573	889.2533	98.95007
1574	889.6815	116.9501
1575	890.1096	100.6167
1576	890.5375	0.0001
1577	890.9653	0.0001
1578	891.3929	0.0001
1579	891.8204	78.61674
1580	892.2477	16.95007
1581	892.6748	0.0001
1582	893.1018	205.6167
1583	893.5286	215.6167
1584	893.9553	261.6167
1585	894.3818	1.283407
1586	894.8082	0.0001
1587	895.2344	0.0001
1588	895.6605	0.0001
1589	896.0864	0.0001
1590	896.5121	0.0001
1591	896.9377	48.61674
1592	897.3632	433.9501
1593	897.7885	883.95
1594	898.2136	813.2834
1595	898.6385	367.9501
1596	899.0634	0.0001
1597	899.488	0.0001
1598	899.9125	0.0001
1599	900.3369	0.0001
1600	900.7611	0.0001
1601	901.1852	0.0001
1602	901.6091	0.0001
1603	902.0328	0.0001
1604	902.4564	0.0001
1605	902.8798	0.0001
1606	903.303	0.0001
1607	903.7262	0.0001
1608	904.1492	0.0001
1609	904.572	0.0001
1610	904.9946	0.0001
1611	905.4171	0.0001
1612	905.8395	33.95007
1613	906.2617	0.0001
1614	906.6837	0.0001
1615	907.1056	0.0001
1616	907.5273	1.283407
1617	907.9489	0.0001
1618	908.3703	0.0001
1619	908.7915	0.0001
1620	909.2126	0.0001
1621	909.6336	0.0001
1622	910.0544	0.0001
1623	910.475	0.0001
1624	910.8955	0.0001
1625	911.3159	0.0001
1626	911.736	0.0001
1627	912.1561	0.0001
1628	912.5759	0.0001
1629	912.9956	92.95007
1630	913.4152	57.28341
1631	913.8346	31.28341
1632	914.2538	0.0001
1633	914.6729	0.0001
1634	915.0919	0.0001
1635	915.5106	0.0001
1636	915.9293	0.0001
1637	916.3477	0.0001
1638	916.7661	0.0001
1639	917.1842	0.0001
1640	917.6022	0.0001
1641	918.0201	0.0001
1642	918.4377	0.0001
1643	918.8553	0.0001
1644	919.2727	0.0001
1645	919.6899	0.0001
1646	920.107	0.0001
1647	920.5239	72.61674
1648	920.9407	108.6167
1649	921.3573	108.2834
1650	921.7737	0.0001
1651	922.19	0.0001
1652	922.6062	0.0001
1653	923.0222	0.0001
1654	923.438	0.0001
1655	923.8537	0.0001
1656	924.2692	0.0001
1657	924.6846	0.0001
1658	925.0998	0.0001
1659	925.5148	104.6167
1660	925.9297	86.95007
1661	926.3445	92.95007
1662	926.7591	0.0001
1663	927.1735	0.0001
1664	927.5878	0.0001
1665	928.002	0.0001
1666	928.4159	0.0001
1667	928.8297	0.0001
1668	929.2434	140.6167
1669	929.6569	141.2834
1670	930.0703	463.9501
1671	930.4835	309.9501
1672	930.8965	307.2834
1673	931.3094	0.0001
1674	931.7221	0.0001
1675	932.1347	0.0001
1676	932.5471	0.0001
1677	932.9594	0.0001
1678	933.3715	0.0001
1679	933.7834	0.0001
1680	934.1953	0.0001
1681	934.6069	0.0001
1682	935.0184	0.0001
1683	935.4297	0.0001
1684	935.8409	0.0001
1685	936.2519	0.0001
1686	936.6628	0.0001
1687	937.0735	0.0001
1688	937.484	0.0001
1689	937.8944	0.0001
1690	938.3047	0.0001
1691	938.7148	0.0001
1692	939.1247	0.0001
1693	939.5345	265.2834
1694	939.9441	407.6167
1695	940.3536	375.2834
1696	940.7629	112.2834
1697	941.1721	75.28341
1698	941.5811	114.2834
1699	941.9899	12.95007
1700	942.3986	0.0001
1701	942.8071	0.0001
1702	943.2155	81.28341
1703	943.6237	91.95007
1704	944.0318	87.61674
1705	944.4397	0.0001
1706	944.8475	32.28341
1707	945.2551	0.0001
1708	945.6625	22.28341
1709	946.0698	0.0001
1710	946.4769	0.0001
1711	946.8839	0.0001
1712	947.2908	0.0001
1713	947.6974	0.0001
1714	948.1039	0.0001
1715	948.5103	27.61674
1716	948.9165	94.61674
1717	949.3226	153.9501
1718	949.7285	46.61674
1719	950.1342	0.0001
1720	950.5397	0.0001
1721	950.9452	0.0001
1722	951.3505	45.28341
1723	951.7556	73.28341
1724	952.1605	98.95007
1725	952.5653	0.0001
1726	952.97	0.0001
1727	953.3745	0.0001
1728	953.7788	0.0001
1729	954.183	0.0001
1730	954.587	0.0001
1731	954.9909	16.61674
1732	955.3946	0.0001
1733	955.7982	0.0001
1734	956.2015	0.0001
1735	956.6048	0.0001
1736	957.0079	0.0001
1737	957.4108	0.0001
1738	957.8136	83.28341
1739	958.2162	0.0001
1740	958.6187	0.0001
1741	959.0211	0.0001
1742	959.4232	0.0001
1743	959.8252	175.9501
1744	960.2271	257.2834
1745	960.6287	229.2834
1746	961.0303	8.950073
1747	961.4316	0.0001
1748	961.8329	0.0001
1749	962.2339	0.0001
1750	962.6348	0.0001
1751	963.0356	0.0001
1752	963.4362	0.0001
1753	963.8367	0.0001
1754	964.2369	0.0001
1755	964.6371	0.0001
1756	965.037	2.61674
1757	965.4369	116.9501
1758	965.8365	92.61674
1759	966.236	0.0001
1760	966.6354	0.0001
1761	967.0346	0.0001
1762	967.4337	0.0001
1763	967.8325	0.0001
1764	968.2313	0.0001
1765	968.6298	0.0001
1766	969.0283	0.0001
1767	969.4265	0.0001
1768	969.8246	0.0001
1769	970.2226	0.0001
1770	970.6204	0.0001
1771	971.018	0.0001
1772	971.4155	0.0001
1773	971.8128	48.61674
1774	972.21	0.0001
1775	972.607	0.0001
1776	973.0039	0.0001
1777	973.4006	0.0001
1778	973.7971	38.28341
1779	974.1935	545.2834
1780	974.5898	636.2834
1781	974.9858	469.6167
1782	975.3818	85.28341
1783	975.7775	73.95007
1784	976.1732	64.95007
1785	976.5686	0.0001
1786	976.9639	61.95007
1787	977.3591	16.28341
1788	977.754	9.61674
1789	978.1489	0.0001
1790	978.5436	14.61674
1791	978.938	80.61674
1792	979.3325	125.6167
1793	979.7266	92.28341
1794	980.1207	168.9501
1795	980.5146	70.28341
1796	980.9083	35.61674
1797	981.3019	0.0001
1798	981.6954	0.0001
1799	982.0886	0.0001
1800	982.4818	0.0001
1801	982.8747	0.0001
1802	983.2675	0.0001
1803	983.6602	7.283407
1804	984.0527	53.28341
1805	984.445	12.61674
1806	984.8372	0.0001
1807	985.2292	0.0001
1808	985.621	0.0001
1809	986.0128	30.61674
1810	986.4044	54.61674
1811	986.7957	0.0001
1812	987.187	0.0001
1813	987.5781	0.0001
1814	987.969	24.95007
1815	988.3597	96.28341
1816	988.7504	125.9501
1817	989.1409	17.61674
1818	989.5311	0.0001
1819	989.9213	0.0001
1820	990.3113	0.0001
1821	990.7011	17.61674
1822	991.0908	21.28341
1823	991.4803	0.0001
1824	991.8697	0.0001
1825	992.2589	0.0001
1826	992.648	117.2834
1827	993.0369	202.6167
1828	993.4257	214.2834
1829	993.8142	0.0001
1830	994.2026	95.61674
1831	994.5909	98.95007
1832	994.9791	202.2834
1833	995.367	0.0001
1834	995.7548	0.0001
1835	996.1425	0.0001
1836	996.53	0.0001
1837	996.9173	0.0001
1838	997.3045	0.0001
1839	997.6915	0.0001
1840	998.0784	0.0001
1841	998.4651	0.0001
1842	998.8516	119.2834
1843	999.238	111.9501
1844	999.6243	92.61674
1845	1000.01	45.95007
1846	1000.396	110.6167
1847	1000.782	44.28341
1848	1001.168	0.0001
1849	1001.553	313.2834
1850	1001.938	360.2834
1851	1002.324	349.2834
1852	1002.709	0.0001
1853	1003.093	0.0001
1854	1003.478	0.0001
1855	1003.863	19.95007
1856	1004.247	15.28341
1857	1004.631	7.283407
1858	1005.015	0.0001
1859	1005.399	0.0001
1860	1005.783	0.0001
1861	1006.167	0.0001
1862	1006.55	0.0001
1863	1006.933	0.0001
1864	1007.316	0.0001
1865	1007.699	0.0001
1866	1008.082	0.0001
1867	1008.465	0.0001
1868	1008.847	0.0001
1869	1009.23	0.0001
1870	1009.612	0.0001
1871	1009.994	0.0001
1872	1010.376	0.0001
1873	1010.757	0.0001
1874	1011.139	0.0001
1875	1011.52	0.0001
1876	1011.901	0.0001
1877	1012.283	0.0001
1878	1012.664	0.0001
1879	1013.044	0.0001
1880	1013.425	0.0001
1881	1013.805	0.0001
1882	1014.186	0.0001
1883	1014.566	0.0001
1884	1014.946	40.61674
1885	1015.326	1.61674
1886	1015.705	0.0001
1887	1016.085	0.0001
1888	1016.464	53.28341
1889	1016.843	32.61674
1890	1017.222	0.0001
1891	1017.601	0.0001
1892	1017.98	0.0001
1893	1018.359	0.0001
1894	1018.737	0.0001
1895	1019.115	0.0001
1896	1019.493	0.0001
1897	1019.871	0.0001
1898	1020.249	0.0001
1899	1020.627	0.0001
1900	1021.004	0.0001
1901	1021.382	0.0001
1902	1021.759	1.61674
1903	1022.136	0.0001
1904	1022.513	0.0001
1905	1022.889	0.0001
1906	1023.266	0.0001
1907	1023.642	0.0001
1908	1024.018	0.0001
1909	1024.395	0.0001
1910	1024.77	63.95007
1911	1025.146	61.95007
1912	1025.522	69.28341
1913	1025.897	60.61674
1914	1026.272	5.950073
1915	1026.648	0.0001
1916	1027.023	0.0001
1917	1027.397	0.0001
1918	1027.772	22.28341
1919	1028.146	0.0001
1920	1028.521	0.0001
1921	1028.895	0.0001
1922	1029.269	0.0001
1923	1029.643	0.0001
1924	1030.017	0.0001
1925	1030.39	0.0001
1926	1030.764	0.0001
1927	1031.137	0.0001
1928	1031.51	0.0001
1929	1031.883	0.0001
1930	1032.256	354.9501
1931	1032.628	637.9501
1932	1033.001	515.6168
1933	1033.373	194.2834
1934	1033.745	0.0001
1935	1034.117	0.0001
1936	1034.489	0.0001
1937	1034.861	0.0001
1938	1035.232	0.0001
1939	1035.604	0.0001
1940	1035.975	0.0001
1941	1036.346	0.0001
1942	1036.717	0.0001
1943	1037.088	249.2834
1944	1037.458	259.2834
1945	1037.828	227.6167
1946	1038.199	0.0001
1947	1038.569	0.0001
1948	1038.939	0.0001
1949	1039.309	0.0001
1950	1039.678	0.0001
1951	1040.048	0.0001
1952	1040.417	0.0001
1953	1040.786	0.0001
1954	1041.155	0.0001
1955	1041.524	0.0001
1956	1041.893	0.0001
1957	1042.261	0.0001
1958	1042.63	0.0001
1959	1042.998	0.0001
1960	1043.366	0.0001
1961	1043.734	16.61674
1962	1044.102	0.0001
1963	1044.469	0.0001
1964	1044.837	0.0001
1965	1045.204	0.0001
1966	1045.571	0.0001
1967	1045.938	0.0001
1968	1046.305	0.0001
1969	1046.672	0.0001
1970	1047.038	0.0001
1971	1047.404	0.0001
1972	1047.771	0.0001
1973	1048.136	0.0001
1974	1048.502	79.61674
1975	1048.868	70.28341
1976	1049.234	61.61674
1977	1049.599	0.0001
1978	1049.964	0.0001
1979	1050.329	0.0001
1980	1050.694	82.28341
1981	1051.059	146.2834
1982	1051.424	228.2834
1983	1051.788	0.0001
1984	1052.152	0.0001
1985	1052.516	0.0001
1986	1052.88	76.61674
1987	1053.244	133.9501
1988	1053.608	178.6167
1989	1053.971	151.9501
1990	1054.335	131.9501
1991	1054.698	209.2834
1992	1055.061	36.61674
1993	1055.424	1.950073
1994	1055.787	1.61674
1995	1056.149	60.95007
1996	1056.512	150.2834
1997	1056.874	0.0001
1998	1057.236	0.0001
1999	1057.598	0.0001
2000	1057.96	0.0001
2001	1058.321	0.0001
2002	1058.683	0.0001
2003	1059.044	0.0001
2004	1059.405	26.28341
2005	1059.766	64.28341
2006	1060.127	37.61674
2007	1060.488	0.0001
2008	1060.848	0.0001
2009	1061.209	0.0001
2010	1061.569	19.95007
2011	1061.929	76.61674
2012	1062.289	37.28341
2013	1062.648	0.0001
2014	1063.008	50.61674
2015	1063.367	489.9501
2016	1063.727	613.9501
2017	1064.086	519.6168
2018	1064.445	140.6167
2019	1064.804	0.0001
2020	1065.162	0.0001
2021	1065.521	223.6167
2022	1065.879	325.6167
2023	1066.237	353.6167
2024	1066.595	0.0001
2025	1066.953	0.0001
2026	1067.311	0.0001
2027	1067.668	0.0001
2028	1068.026	0.0001
2029	1068.383	0.0001
2030	1068.74	0.0001
2031	1069.097	0.0001
2032	1069.453	0.0001
2033	1069.81	0.0001
2034	1070.166	40.95007
2035	1070.523	0.0001
2036	1070.879	0.0001
2037	1071.235	0.0001
2038	1071.591	0.0001
2039	1071.946	69.28341
2040	1072.302	75.95007
2041	1072.657	70.28341
2042	1073.012	0.0001
2043	1073.367	32.28341
2044	1073.722	0.0001
2045	1074.077	0.0001
2046	1074.431	0.0001
2047	1074.786	14.45007
