0	28.36968	384.425
1	29.03326	209.9001
2	29.69669	0.0001
3	30.35998	0.0001
4	31.02312	0.0001
5	31.68612	0.0001
6	32.34897	0.0001
7	33.01168	0.0001
8	33.67424	0.0001
9	34.33666	0.0001
10	34.99894	0.0001
11	35.66106	0.0001
12	36.32305	0.0001
13	36.98489	0.0001
14	37.64658	0.0001
15	38.30814	1017.85
16	38.96954	1190.183
17	39.6308	1212.183
18	40.29192	0.0001
19	40.95289	0.0001
20	41.61372	0.0001
21	42.2744	0.0001
22	42.93494	23.51676
23	43.59533	45.18343
24	44.25558	0.0001
25	44.91568	712.5168
26	45.57564	724.5168
27	46.23545	756.8501
28	46.89512	0.0001
29	47.55465	0.0001
30	48.21402	0.0001
31	48.87326	117.8501
32	49.53235	25.8501
33	50.1913	92.8501
34	50.85009	0.0001
35	51.50875	0.0001
36	52.16726	0.0001
37	52.82563	0.0001
38	53.48384	0.0001
39	54.14192	87.8501
40	54.79985	36.51677
41	55.45764	13.8501
42	56.11528	0.0001
43	56.77278	0.0001
44	57.43013	0.0001
45	58.08733	0.0001
46	58.7444	156.5168
47	59.40131	188.5168
48	60.05809	547.8501
49	60.71471	224.1834
50	61.3712	254.8501
51	62.02753	0.0001
52	62.68372	0.0001
53	63.33977	0.0001
54	63.99567	45.51677
55	64.65143	140.5168
56	65.30704	115.8501
57	65.96251	273.5168
58	66.61784	289.5168
59	67.27301	265.1834
60	67.92805	0.0001
61	68.58293	59.8501
62	69.23768	113.1834
63	69.89227	168.1834
64	70.54672	0.0001
65	71.20103	0.0001
66	71.85519	0.0001
67	72.50922	60.8501
68	73.16309	3.516764
69	73.81681	0.0001
70	74.4704	0.0001
71	75.12383	0.0001
72	75.77712	0.0001
73	76.43027	7.183431
74	77.08327	0.0001
75	77.73613	3.850098
76	78.38884	0.0001
77	79.04141	0.0001
78	79.69383	4.183431
79	80.34611	0.0001
80	80.99824	0.0001
81	81.65022	5.516764
82	82.30207	101.5168
83	82.95377	203.1834
84	83.60532	114.1834
85	84.25672	48.8501
86	84.90798	0.0001
87	85.5591	0.0001
88	86.21007	0.0001
89	86.86089	0.0001
90	87.51157	62.8501
91	88.16211	29.51676
92	88.8125	0.0001
93	89.46274	0.0001
94	90.11284	0.0001
95	90.76279	0.0001
96	91.41261	84.51676
97	92.06227	88.18343
98	92.71178	45.51677
99	93.36116	0.0001
100	94.01038	0.0001
101	94.65947	0.0001
102	95.30841	0.0001
103	95.9572	0.0001
104	96.60584	0.0001
105	97.25435	0.0001
106	97.9027	0.0001
107	98.55092	0.0001
108	99.19898	0.0001
109	99.8469	0.0001
110	100.4947	0.0001
111	101.1423	570.5168
112	101.7898	611.5168
113	102.4371	604.1834
114	103.0843	104.5168
115	103.7314	96.8501
116	104.3783	83.51676
117	105.025	0.0001
118	105.6716	0.0001
119	106.3181	0.0001
120	106.9644	0.0001
121	107.6106	0.0001
122	108.2566	0.0001
123	108.9025	0.0001
124	109.5483	0.0001
125	110.1939	6.183431
126	110.8393	279.5168
127	111.4846	133.1834
128	112.1298	450.1834
129	112.7748	188.8501
130	113.4197	409.8501
131	114.0644	82.18343
132	114.709	70.18343
133	115.3534	0.0001
134	115.9977	0.0001
135	116.6418	0.0001
136	117.2858	0.0001
137	117.9297	42.18343
138	118.5734	79.18343
139	119.2169	59.18343
140	119.8603	0.0001
141	120.5036	0.0001
142	121.1467	0.0001
143	121.7897	0.0001
144	122.4325	0.0001
145	123.0752	0.0001
146	123.7178	0.0001
147	124.3602	0.0001
148	125.0024	0.0001
149	125.6445	2.850098
150	126.2865	1.183431
151	126.9283	15.51676
152	127.5699	0.0001
153	128.2115	0.0001
154	128.8528	0.0001
155	129.4941	0.0001
156	130.1351	108.5168
157	130.7761	137.5168
158	131.4169	532.1834
159	132.0575	404.5168
160	132.698	355.1834
161	133.3384	0.0001
162	133.9786	0.0001
163	134.6187	0.0001
164	135.2586	0.0001
165	135.8984	0.0001
166	136.538	0.0001
167	137.1775	0.0001
168	137.8168	19.18343
169	138.456	0.0001
170	139.095	0.0001
171	139.7339	0.0001
172	140.3727	0.0001
173	141.0113	27.51676
174	141.6498	0.0001
175	142.2881	0.0001
176	142.9263	20.18343
177	143.5643	96.8501
178	144.2022	123.8501
179	144.8399	131.8501
180	145.4775	99.18343
181	146.1149	39.8501
182	146.7522	0.0001
183	147.3894	0.0001
184	148.0264	0.0001
185	148.6632	0.0001
186	149.3	0.0001
187	149.9365	0.0001
188	150.5729	0.0001
189	151.2092	0.0001
190	151.8454	0.0001
191	152.4813	7.516764
192	153.1172	91.51676
193	153.7529	19.18343
194	154.3884	106.8501
195	155.0238	44.18343
196	155.6591	9.850098
197	156.2942	0.0001
198	156.9291	0.0001
199	157.564	80.8501
200	158.1986	90.18343
201	158.8332	0.0001
202	159.4675	0.0001
203	160.1018	0.0001
204	160.7359	0.0001
205	161.3698	36.8501
206	162.0036	0.0001
207	162.6373	26.51676
208	163.2708	0.0001
209	163.9041	42.51677
210	164.5373	0.0001
211	165.1704	0.0001
212	165.8033	0.0001
213	166.4361	0.0001
214	167.0687	0.0001
215	167.7012	0.0001
216	168.3335	16.18343
217	168.9657	11.18343
218	169.5978	0.0001
219	170.2297	0.0001
220	170.8614	0.0001
221	171.493	0.0001
222	172.1245	0.0001
223	172.7558	0.0001
224	173.387	42.51677
225	174.018	76.18343
226	174.6489	0.0001
227	175.2796	0.0001
228	175.9102	0.0001
229	176.5406	0.0001
230	177.1709	83.8501
231	177.8011	21.18343
232	178.4311	0.0001
233	179.0609	0.0001
234	179.6906	13.18343
235	180.3202	62.51677
236	180.9496	67.18343
237	181.5789	22.51676
238	182.208	0.0001
239	182.837	0.0001
240	183.4658	0.0001
241	184.0945	0.0001
242	184.723	0.0001
243	185.3514	0.0001
244	185.9797	0.0001
245	186.6078	0.0001
246	187.2357	0.0001
247	187.8635	0.0001
248	188.4912	0.0001
249	189.1187	0.0001
250	189.7461	0.0001
251	190.3733	0.0001
252	191.0004	0.0001
253	191.6273	0.0001
254	192.2541	1.516764
255	192.8808	34.18343
256	193.5072	57.51677
257	194.1336	0.0001
258	194.7598	0.0001
259	195.3858	23.18343
260	196.0117	1.183431
261	196.6375	43.18343
262	197.2631	205.1834
263	197.8886	201.8501
264	198.5139	273.8501
265	199.1391	11.8501
266	199.7641	0.0001
267	200.389	447.5168
268	201.0137	431.8501
269	201.6383	434.8501
270	202.2628	0.0001
271	202.8871	0.0001
272	203.5112	0.0001
273	204.1352	0.0001
274	204.7591	0.0001
275	205.3828	0.0001
276	206.0064	0.0001
277	206.6298	0.0001
278	207.2531	0.0001
279	207.8762	0.0001
280	208.4992	0.0001
281	209.122	35.18343
282	209.7447	0.0001
283	210.3672	17.18343
284	210.9896	0.0001
285	211.6119	8.516765
286	212.234	0.0001
287	212.8559	0.0001
288	213.4778	0.0001
289	214.0994	29.8501
290	214.7209	0.0001
291	215.3423	0.0001
292	215.9635	0.0001
293	216.5846	0.0001
294	217.2055	153.1834
295	217.8263	202.8501
296	218.447	403.8501
297	219.0675	140.1834
298	219.6878	210.8501
299	220.308	136.8501
300	220.9281	321.8501
301	221.548	257.8501
302	222.1677	166.8501
303	222.7873	0.0001
304	223.4068	0.0001
305	224.0261	0.0001
306	224.6453	0.0001
307	225.2643	11.8501
308	225.8832	7.183431
309	226.5019	51.18343
310	227.1205	73.51676
311	227.739	70.8501
312	228.3573	26.18343
313	228.9754	0.0001
314	229.5934	0.0001
315	230.2112	0.0001
316	230.8289	0.0001
317	231.4465	0.0001
318	232.0639	0.0001
319	232.6812	0.0001
320	233.2983	0.0001
321	233.9153	4.850098
322	234.5321	28.8501
323	235.1488	254.8501
324	235.7653	196.1834
325	236.3817	126.8501
326	236.998	0.0001
327	237.6141	0.0001
328	238.23	0.0001
329	238.8458	31.18343
330	239.4615	15.18343
331	240.077	5.850098
332	240.6923	0.0001
333	241.3075	0.0001
334	241.9226	0.0001
335	242.5375	0.0001
336	243.1523	0.0001
337	243.7669	0.0001
338	244.3814	0.0001
339	244.9957	0.0001
340	245.6099	0.0001
341	246.224	0.0001
342	246.8379	0.0001
343	247.4516	0.0001
344	248.0652	0.0001
345	248.6786	0.0001
346	249.292	0.0001
347	249.9051	0.0001
348	250.5181	0.0001
349	251.131	0.0001
350	251.7437	0.0001
351	252.3563	0.0001
352	252.9687	0.0001
353	253.581	0.0001
354	254.1931	0.0001
355	254.8051	0.0001
356	255.4169	0.0001
357	256.0286	0.0001
358	256.6402	140.1834
359	257.2516	166.8501
360	257.8628	311.8501
361	258.4739	51.18343
362	259.0849	6.850098
363	259.6957	400.1834
364	260.3063	443.5168
365	260.9169	429.1834
366	261.5272	0.0001
367	262.1375	0.0001
368	262.7475	0.0001
369	263.3575	0.0001
370	263.9672	0.0001
371	264.5769	35.8501
372	265.1864	38.51677
373	265.7957	53.18343
374	266.4049	1.850098
375	267.0139	0.0001
376	267.6228	0.0001
377	268.2316	184.8501
378	268.8402	482.1834
379	269.4486	511.1834
380	270.0569	254.5168
381	270.6651	33.8501
382	271.2731	59.8501
383	271.881	0.0001
384	272.4887	0.0001
385	273.0963	0.0001
386	273.7037	0.0001
387	274.311	0.0001
388	274.9182	0.0001
389	275.5251	55.8501
390	276.132	2.516764
391	276.7387	0.0001
392	277.3452	0.0001
393	277.9516	0.0001
394	278.5579	0.0001
395	279.164	0.0001
396	279.7699	57.8501
397	280.3757	107.8501
398	280.9814	148.1834
399	281.5869	29.8501
400	282.1923	58.18343
401	282.7975	0.0001
402	283.4026	0.0001
403	284.0075	0.0001
404	284.6123	0.0001
405	285.2169	0.0001
406	285.8214	189.1834
407	286.4258	589.8501
408	287.0299	1033.183
409	287.634	807.1834
410	288.2379	523.1834
411	288.8416	45.51677
412	289.4452	0.0001
413	290.0487	0.0001
414	290.652	0.0001
415	291.2552	0.0001
416	291.8582	0.0001
417	292.461	0.0001
418	293.0638	0.0001
419	293.6663	0.0001
420	294.2687	180.5168
421	294.871	244.1834
422	295.4731	205.1834
423	296.0751	25.18343
424	296.677	0.0001
425	297.2787	0.0001
426	297.8802	0.0001
427	298.4816	45.18343
428	299.0828	191.5168
429	299.6839	141.5168
430	300.2849	41.8501
431	300.8857	0.0001
432	301.4864	0.0001
433	302.0869	0.0001
434	302.6872	0.0001
435	303.2874	28.8501
436	303.8875	42.8501
437	304.4874	0.0001
438	305.0872	0.0001
439	305.6868	130.5168
440	306.2863	621.5168
441	306.8856	681.1834
442	307.4848	498.1834
443	308.0838	27.8501
444	308.6827	0.0001
445	309.2815	0.0001
446	309.8801	0.0001
447	310.4785	0.0001
448	311.0768	0.0001
449	311.675	0.0001
450	312.2729	0.0001
451	312.8708	0.0001
452	313.4685	17.51676
453	314.0661	89.51676
454	314.6635	89.8501
455	315.2608	0.183431
456	315.8579	535.5168
457	316.4549	521.1834
458	317.0517	561.8501
459	317.6483	0.0001
460	318.2449	0.0001
461	318.8412	0.0001
462	319.4375	0.0001
463	320.0336	0.0001
464	320.6295	0.0001
465	321.2253	0.0001
466	321.821	0.0001
467	322.4164	0.0001
468	323.0118	0.0001
469	323.607	0.0001
470	324.2021	0.0001
471	324.797	0.0001
472	325.3917	0.0001
473	325.9863	0.0001
474	326.5808	0.0001
475	327.1751	18.18343
476	327.7693	32.8501
477	328.3633	0.0001
478	328.9572	0.5167643
479	329.5509	0.0001
480	330.1444	0.0001
481	330.7379	0.0001
482	331.3312	221.1834
483	331.9243	244.5168
484	332.5173	539.1834
485	333.1101	300.8501
486	333.7028	326.8501
487	334.2953	28.18343
488	334.8878	48.51677
489	335.48	0.0001
490	336.0721	0.0001
491	336.664	0.0001
492	337.2559	0.0001
493	337.8475	0.0001
494	338.439	0.0001
495	339.0304	2.850098
496	339.6216	76.18343
497	340.2126	70.18343
498	340.8036	9.516765
499	341.3943	0.0001
500	341.985	5.850098
501	342.5754	0.0001
502	343.1658	0.0001
503	343.756	51.8501
504	344.346	118.5168
505	344.9359	128.5168
506	345.5256	3.183431
507	346.1152	0.0001
508	346.7046	0.0001
509	347.2939	30.8501
510	347.8831	0.0001
511	348.472	65.18343
512	349.0609	0.0001
513	349.6496	29.18343
514	350.2381	0.0001
515	350.8265	0.0001
516	351.4148	0.0001
517	352.0029	0.0001
518	352.5909	0.0001
519	353.1787	0.0001
520	353.7664	0.0001
521	354.3539	0.0001
522	354.9412	0.0001
523	355.5284	0.0001
524	356.1155	0.0001
525	356.7025	0.0001
526	357.2892	0.0001
527	357.8759	0.0001
528	358.4623	104.5168
529	359.0487	36.8501
530	359.6349	40.18343
531	360.2209	0.0001
532	360.8068	0.0001
533	361.3925	0.0001
534	361.9781	0.0001
535	362.5636	0.0001
536	363.1489	0.0001
537	363.734	0.0001
538	364.319	0.0001
539	364.9039	0.0001
540	365.4886	0.0001
541	366.0731	0.0001
542	366.6575	0.0001
543	367.2418	0.0001
544	367.8259	0.0001
545	368.4099	0.0001
546	368.9937	0.0001
547	369.5774	0.0001
548	370.1609	0.0001
549	370.7443	0.5167643
550	371.3275	13.51676
551	371.9106	64.51676
552	372.4935	127.1834
553	373.0763	106.1834
554	373.6589	24.8501
555	374.2414	0.0001
556	374.8237	6.183431
557	375.4059	40.8501
558	375.9879	92.8501
559	376.5698	8.850098
560	377.1516	64.51676
561	377.7332	120.5168
562	378.3146	76.51676
563	378.8959	61.51677
564	379.4771	0.0001
565	380.0581	0.0001
566	380.6389	0.0001
567	381.2196	0.0001
568	381.8002	0.0001
569	382.3806	0.0001
570	382.9608	92.8501
571	383.541	0.0001
572	384.1209	85.8501
573	384.7007	63.18343
574	385.2804	87.51676
575	385.8599	24.8501
576	386.4393	0.0001
577	387.0185	0.0001
578	387.5976	0.0001
579	388.1765	40.18343
580	388.7553	0.0001
581	389.3339	0.0001
582	389.9124	0.0001
583	390.4908	0.0001
584	391.0689	229.8501
585	391.647	224.5168
586	392.2249	237.1834
587	392.8026	0.0001
588	393.3802	0.0001
589	393.9576	0.0001
590	394.5349	0.0001
591	395.1121	20.51676
592	395.6891	62.8501
593	396.2659	177.5168
594	396.8426	0.183431
595	397.4192	11.18343
596	397.9956	0.0001
597	398.5718	208.5168
598	399.1479	175.8501
599	399.7239	196.5168
600	400.2997	0.0001
601	400.8754	0.0001
602	401.4509	0.0001
603	402.0262	0.0001
604	402.6015	168.5168
605	403.1765	173.1834
606	403.7515	193.8501
607	404.3262	0.0001
608	404.9008	1.850098
609	405.4753	0.0001
610	406.0497	0.0001
611	406.6238	0.0001
612	407.1979	0.0001
613	407.7718	0.0001
614	408.3455	0.0001
615	408.9191	0.0001
616	409.4925	0.0001
617	410.0658	0.0001
618	410.6389	192.8501
619	411.2119	270.1834
620	411.7848	332.1834
621	412.3575	68.8501
622	412.93	0.0001
623	413.5024	0.0001
624	414.0746	0.0001
625	414.6467	0.0001
626	415.2187	0.0001
627	415.7905	0.0001
628	416.3621	0.0001
629	416.9336	0.0001
630	417.505	0.0001
631	418.0762	0.0001
632	418.6472	0.0001
633	419.2182	0.0001
634	419.7889	0.0001
635	420.3595	0.0001
636	420.93	0.0001
637	421.5003	18.51676
638	422.0705	67.18343
639	422.6405	0.0001
640	423.2104	0.0001
641	423.7801	29.18343
642	424.3497	0.0001
643	424.9191	0.0001
644	425.4884	0.0001
645	426.0575	22.8501
646	426.6265	0.0001
647	427.1953	0.0001
648	427.764	0.0001
649	428.3325	0.0001
650	428.9009	0.0001
651	429.4691	0.0001
652	430.0372	0.0001
653	430.6051	0.0001
654	431.1729	29.8501
655	431.7406	13.18343
656	432.308	7.183431
657	432.8754	395.5168
658	433.4426	480.1834
659	434.0096	818.5168
660	434.5765	492.8501
661	435.1432	479.5168
662	435.7099	97.18343
663	436.2763	0.0001
664	436.8426	0.0001
665	437.4088	0.0001
666	437.9748	15.18343
667	438.5406	19.51676
668	439.1063	0.0001
669	439.6719	0.0001
670	440.2373	70.8501
671	440.8025	59.51677
672	441.3676	141.5168
673	441.9326	65.8501
674	442.4974	56.8501
675	443.0621	0.0001
676	443.6266	0.0001
677	444.1909	25.18343
678	444.7552	76.51676
679	445.3192	109.5168
680	445.8831	0.0001
681	446.4469	0.0001
682	447.0105	0.0001
683	447.574	0.0001
684	448.1373	0.0001
685	448.7005	0.0001
686	449.2635	0.0001
687	449.8264	0.0001
688	450.3891	22.18343
689	450.9517	0.0001
690	451.5141	0.0001
691	452.0764	0.0001
692	452.6385	0.0001
693	453.2005	0.0001
694	453.7623	24.8501
695	454.324	0.0001
696	454.8855	0.0001
697	455.4469	0.0001
698	456.0081	17.18343
699	456.5692	111.1834
700	457.1302	45.18343
701	457.691	0.0001
702	458.2516	0.0001
703	458.8121	0.0001
704	459.3724	0.0001
705	459.9326	0.0001
706	460.4927	0.0001
707	461.0526	0.0001
708	461.6123	0.0001
709	462.1719	0.0001
710	462.7314	0.0001
711	463.2906	0.0001
712	463.8498	306.1834
713	464.4088	361.1834
714	464.9676	255.8501
715	465.5263	0.0001
716	466.0849	0.0001
717	466.6433	205.1834
718	467.2015	322.5168
719	467.7596	230.1834
720	468.3176	0.0001
721	468.8754	0.0001
722	469.433	0.0001
723	469.9906	231.8501
724	470.5479	301.1834
725	471.1051	312.8501
726	471.6622	0.0001
727	472.2191	0.0001
728	472.7758	0.0001
729	473.3325	0.0001
730	473.8889	153.1834
731	474.4453	69.8501
732	475.0014	6.516764
733	475.5574	0.0001
734	476.1133	0.0001
735	476.669	0.0001
736	477.2246	0.0001
737	477.78	0.0001
738	478.3353	0.0001
739	478.8904	0.0001
740	479.4453	0.0001
741	480.0002	0.0001
742	480.5548	0.0001
743	481.1093	0.0001
744	481.6637	0.0001
745	482.218	0.0001
746	482.772	0.0001
747	483.3259	0.0001
748	483.8797	0.0001
749	484.4333	0.0001
750	484.9868	0.0001
751	485.5401	0.0001
752	486.0933	230.8501
753	486.6463	259.5168
754	487.1992	341.5168
755	487.752	0.0001
756	488.3045	0.0001
757	488.857	0.0001
758	489.4092	0.0001
759	489.9614	33.51677
760	490.5134	0.0001
761	491.0652	0.0001
762	491.6169	0.0001
763	492.1684	0.0001
764	492.7198	0.0001
765	493.271	0.0001
766	493.8221	0.0001
767	494.373	397.5168
768	494.9238	418.8501
769	495.4745	474.8501
770	496.0249	62.51677
771	496.5753	81.51676
772	497.1255	12.8501
773	497.6755	23.51676
774	498.2254	0.0001
775	498.7751	0.0001
776	499.3247	0.0001
777	499.8742	0.0001
778	500.4235	0.0001
779	500.9726	0.0001
780	501.5216	79.8501
781	502.0704	0.0001
782	502.6191	101.5168
783	503.1677	4.516764
784	503.7161	6.850098
785	504.2643	0.0001
786	504.8124	0.0001
787	505.3604	0.0001
788	505.9081	0.0001
789	506.4558	12.8501
790	507.0033	54.51677
791	507.5506	130.5168
792	508.0978	172.1834
793	508.6449	119.8501
794	509.1917	79.18343
795	509.7385	4.516764
796	510.2851	46.8501
797	510.8315	55.51677
798	511.3778	46.8501
799	511.924	0.0001
800	512.47	0.0001
801	513.0159	98.18343
802	513.5615	118.1834
803	514.1071	115.5168
804	514.6525	0.0001
805	515.1978	0.0001
806	515.7429	0.0001
807	516.2878	39.8501
808	516.8326	64.8501
809	517.3773	66.18343
810	517.9218	35.51677
811	518.4661	79.8501
812	519.0103	103.8501
813	519.5543	87.51676
814	520.0983	33.8501
815	520.642	89.51676
816	521.1856	92.18343
817	521.7291	77.51676
818	522.2723	12.51676
819	522.8155	11.18343
820	523.3585	17.8501
821	523.9014	48.18343
822	524.4441	70.51676
823	524.9866	162.8501
824	525.5291	181.1834
825	526.0713	307.8501
826	526.6134	343.8501
827	527.1553	334.5168
828	527.6971	232.5168
829	528.2388	164.5168
830	528.7803	249.1834
831	529.3217	274.5168
832	529.8629	399.1834
833	530.4039	370.8501
834	530.9448	403.8501
835	531.4856	467.1834
836	532.0262	496.5168
837	532.5667	555.1834
838	533.1069	610.1834
839	533.6471	727.1834
840	534.1871	677.8501
841	534.727	517.8501
842	535.2667	583.8501
843	535.8062	657.1834
844	536.3456	725.1834
845	536.8849	596.1834
846	537.424	607.1834
847	537.963	686.8501
848	538.5018	852.1834
849	539.0404	912.1834
850	539.5789	966.8501
851	540.1172	972.5168
852	540.6555	972.5168
853	541.1935	1001.85
854	541.7314	1047.85
855	542.2692	1085.183
856	542.8068	1128.183
857	543.3442	1140.183
858	543.8815	1245.517
859	544.4187	1188.85
860	544.9557	1159.517
861	545.4926	1252.85
862	546.0293	1387.85
863	546.5659	1404.85
864	547.1022	1335.183
865	547.6385	1310.85
866	548.1746	1385.85
867	548.7106	1398.517
868	549.2463	1456.517
869	549.782	1557.183
870	550.3175	1639.517
871	550.8528	1650.517
872	551.3881	1666.517
873	551.9232	1730.517
874	552.458	1719.85
875	552.9928	1695.183
876	553.5274	1651.517
877	554.0618	1730.183
878	554.5961	1755.85
879	555.1303	1764.85
880	555.6643	1725.517
881	556.1981	1660.183
882	556.7319	1731.183
883	557.2654	1671.183
884	557.7988	1677.183
885	558.332	2237.183
886	558.8652	2331.517
887	559.3981	2320.85
888	559.9309	1674.183
889	560.4636	1648.85
890	560.996	1730.85
891	561.5284	1746.85
892	562.0606	1677.517
893	562.5927	1539.517
894	563.1246	1495.183
895	563.6563	1480.517
896	564.1879	1477.85
897	564.7194	1469.85
898	565.2507	1422.183
899	565.7818	1396.183
900	566.3128	1396.85
901	566.8436	1388.85
902	567.3743	1602.85
903	567.9049	1573.183
904	568.4353	1599.85
905	568.9655	1346.183
906	569.4956	1297.183
907	570.0256	1397.85
908	570.5554	1396.85
909	571.085	1345.517
910	571.6145	1179.517
911	572.1439	1125.183
912	572.673	1122.517
913	573.2021	1079.85
914	573.731	1177.183
915	574.2597	1233.183
916	574.7883	1230.517
917	575.3167	1174.517
918	575.845	1079.85
919	576.3732	1039.85
920	576.9011	1002.517
921	577.429	958.5168
922	577.9567	1011.85
923	578.4842	987.8501
924	579.0116	992.5168
925	579.5388	891.1834
926	580.0659	859.1834
927	580.5928	894.5168
928	581.1196	945.8501
929	581.6463	1015.183
930	582.1727	1027.85
931	582.6991	1071.85
932	583.2253	1143.85
933	583.7513	1185.85
934	584.2772	1254.85
935	584.8029	1241.183
936	585.3285	1161.85
937	585.8539	1055.183
938	586.3792	1028.85
939	586.9044	1077.85
940	587.4293	1422.85
941	587.9542	1359.517
942	588.4788	1346.85
943	589.0034	979.5168
944	589.5277	1055.85
945	590.0519	1014.183
946	590.576	1039.183
947	591.1	991.1834
948	591.6237	1046.183
949	592.1473	1098.85
950	592.6708	1047.85
951	593.1942	1009.517
952	593.7173	1027.183
953	594.2404	1060.517
954	594.7632	1153.85
955	595.2859	1129.85
956	595.8085	1171.85
957	596.3309	1107.85
958	596.8531	1085.183
959	597.3753	1092.85
960	597.8973	1124.85
961	598.4191	1048.183
962	598.9407	1023.183
963	599.4622	1056.517
964	599.9836	1220.85
965	600.5048	1194.517
966	601.0259	1076.85
967	601.5468	905.8501
968	602.0676	1031.517
969	602.5881	1133.85
970	603.1086	1309.183
971	603.6289	1221.183
972	604.149	1350.517
973	604.6691	1224.517
974	605.1889	1236.517
975	605.7086	1403.85
976	606.2282	1408.517
977	606.7476	1313.517
978	607.2668	974.8501
979	607.7859	932.8501
980	608.3049	924.1834
981	608.8237	913.5168
982	609.3423	1006.517
983	609.8608	1011.85
984	610.3792	986.8501
985	610.8974	889.1834
986	611.4154	850.5168
987	611.9333	796.5168
988	612.451	853.8501
989	612.9686	879.8501
990	613.4861	846.5168
991	614.0034	772.8501
992	614.5205	789.5168
993	615.0375	862.1834
994	615.5543	1186.85
995	616.071	1161.85
996	616.5876	1289.183
997	617.1039	912.1834
998	617.6202	838.8501
999	618.1363	635.1834
1000	618.6522	738.5168
1001	619.168	785.1834
1002	619.6836	763.8501
1003	620.1991	639.5168
1004	620.7144	640.5168
1005	621.2296	586.5168
1006	621.7446	544.1834
1007	622.2595	497.1834
1008	622.7742	581.8501
1009	623.2888	643.8501
1010	623.8032	601.8501
1011	624.3175	894.8501
1012	624.8316	878.1834
1013	625.3456	1250.183
1014	625.8594	1010.517
1015	626.373	1033.183
1016	626.8865	753.1834
1017	627.3999	636.1834
1018	627.9131	569.5168
1019	628.4262	596.5168
1020	628.9391	624.1834
1021	629.4519	696.1834
1022	629.9645	679.8501
1023	630.4769	611.1834
1024	630.9893	559.1834
1025	631.5014	473.8501
1026	632.0134	505.1834
1027	632.5253	603.1834
1028	633.037	549.8501
1029	633.5485	670.5168
1030	634.0599	619.5168
1031	634.5712	636.8501
1032	635.0823	609.1834
1033	635.5932	579.1834
1034	636.104	581.1834
1035	636.6146	442.5168
1036	637.1251	388.5168
1037	637.6355	444.8501
1038	638.1457	494.1834
1039	638.6557	536.8501
1040	639.1656	443.1834
1041	639.6754	533.8501
1042	640.1849	611.1834
1043	640.6943	678.5168
1044	641.2036	569.5168
1045	641.7128	425.1834
1046	642.2217	341.1834
1047	642.7306	280.5168
1048	643.2393	333.8501
1049	643.7477	813.1834
1050	644.2562	838.8501
1051	644.7643	755.8501
1052	645.2725	572.5168
1053	645.7803	530.1834
1054	646.2881	588.8501
1055	646.7958	281.8501
1056	647.3032	359.1834
1057	647.8105	351.5168
1058	648.3177	359.8501
1059	648.8247	297.1834
1060	649.3315	297.1834
1061	649.8383	334.5168
1062	650.3448	339.5168
1063	650.8513	319.5168
1064	651.3575	274.1834
1065	651.8636	309.1834
1066	652.3696	334.5168
1067	652.8754	446.5168
1068	653.381	427.5168
1069	653.8865	487.5168
1070	654.3918	426.1834
1071	654.897	419.8501
1072	655.4021	283.8501
1073	655.907	239.8501
1074	656.4117	590.5168
1075	656.9163	602.5168
1076	657.4208	641.8501
1077	657.925	278.5168
1078	658.4292	327.8501
1079	658.9332	265.1834
1080	659.437	235.1834
1081	659.9407	186.8501
1082	660.4442	171.1834
1083	660.9476	172.1834
1084	661.4508	142.8501
1085	661.9539	229.5168
1086	662.4568	324.1834
1087	662.9596	346.8501
1088	663.4622	267.1834
1089	663.9647	157.5168
1090	664.467	141.5168
1091	664.9692	198.1834
1092	665.4712	207.5168
1093	665.9731	202.8501
1094	666.4748	280.5168
1095	666.9763	326.5168
1096	667.4777	302.1834
1097	667.979	155.1834
1098	668.4801	124.5168
1099	668.9811	143.1834
1100	669.4819	206.5168
1101	669.9825	192.8501
1102	670.483	182.8501
1103	670.9833	165.5168
1104	671.4836	127.8501
1105	671.9836	201.1834
1106	672.4835	370.5168
1107	672.9832	470.5168
1108	673.4828	368.5168
1109	673.9822	169.5168
1110	674.4816	62.18343
1111	674.9807	122.1834
1112	675.4797	190.8501
1113	675.9785	263.8501
1114	676.4772	266.8501
1115	676.9757	259.8501
1116	677.4741	253.5168
1117	677.9723	199.8501
1118	678.4704	89.18343
1119	678.9683	25.8501
1120	679.4661	0.0001
1121	679.9637	49.8501
1122	680.4611	135.8501
1123	680.9584	243.8501
1124	681.4556	239.8501
1125	681.9526	189.8501
1126	682.4495	120.5168
1127	682.9462	85.18343
1128	683.4427	103.1834
1129	683.9391	105.8501
1130	684.4354	97.8501
1131	684.9315	103.1834
1132	685.4274	95.51676
1133	685.9232	62.8501
1134	686.4189	365.8501
1135	686.9144	406.5168
1136	687.4097	393.5168
1137	687.9049	167.5168
1138	688.4	166.5168
1139	688.8948	235.1834
1140	689.3896	124.1834
1141	689.8842	142.8501
1142	690.3786	230.8501
1143	690.8729	191.5168
1144	691.367	160.8501
1145	691.861	96.18343
1146	692.3548	154.8501
1147	692.8484	177.5168
1148	693.342	95.51676
1149	693.8353	0.0001
1150	694.3286	0.0001
1151	694.8216	0.0001
1152	695.3145	44.18343
1153	695.8073	132.8501
1154	696.2999	201.1834
1155	696.7924	264.1834
1156	697.2847	111.1834
1157	697.7768	16.51676
1158	698.2688	0.0001
1159	698.7606	53.8501
1160	699.2523	86.18343
1161	699.7439	83.51676
1162	700.2353	57.51677
1163	700.7265	52.18343
1164	701.2176	134.5168
1165	701.7085	20.8501
1166	702.1993	26.18343
1167	702.6899	27.8501
1168	703.1804	50.51677
1169	703.6707	164.5168
1170	704.1609	66.51676
1171	704.6509	180.5168
1172	705.1408	47.8501
1173	705.6305	38.18343
1174	706.1201	0.0001
1175	706.6095	0.0001
1176	707.0988	20.51676
1177	707.5879	5.183431
1178	708.0768	47.18343
1179	708.5656	519.5168
1180	709.0543	581.5168
1181	709.5428	497.1834
1182	710.0311	101.5168
1183	710.5193	58.18343
1184	711.0074	67.8501
1185	711.4953	0.0001
1186	711.983	41.8501
1187	712.4706	37.51677
1188	712.9581	119.8501
1189	713.4453	85.51676
1190	713.9324	29.18343
1191	714.4194	0.0001
1192	714.9063	169.1834
1193	715.3929	575.8501
1194	715.8795	640.1834
1195	716.3658	417.1834
1196	716.8521	7.183431
1197	717.3381	267.8501
1198	717.824	345.1834
1199	718.3098	387.8501
1200	718.7954	74.51676
1201	719.2809	0.0001
1202	719.7662	0.0001
1203	720.2513	0.0001
1204	720.7363	35.18343
1205	721.2212	68.18343
1206	721.7059	0.0001
1207	722.1904	0.0001
1208	722.6748	0.0001
1209	723.1591	39.18343
1210	723.6431	167.5168
1211	724.1271	174.1834
1212	724.6108	58.51677
1213	725.0945	27.18343
1214	725.5779	0.5167643
1215	726.0613	62.51677
1216	726.5444	23.18343
1217	727.0275	20.51676
1218	727.5103	0.0001
1219	727.993	0.0001
1220	728.4756	0.0001
1221	728.958	61.8501
1222	729.4403	131.1834
1223	729.9224	52.51677
1224	730.4044	27.51676
1225	730.8862	10.18343
1226	731.3678	8.516765
1227	731.8493	20.8501
1228	732.3306	46.18343
1229	732.8118	23.8501
1230	733.2928	8.183431
1231	733.7737	0.0001
1232	734.2545	58.51677
1233	734.7351	0.0001
1234	735.2155	47.18343
1235	735.6958	14.18343
1236	736.1759	52.51677
1237	736.6559	0.0001
1238	737.1357	0.0001
1239	737.6154	0.0001
1240	738.0949	52.51677
1241	738.5742	0.0001
1242	739.0535	0.0001
1243	739.5325	0.0001
1244	740.0114	0.0001
1245	740.4902	0.0001
1246	740.9688	0.0001
1247	741.4472	17.18343
1248	741.9255	91.8501
1249	742.4036	46.51677
1250	742.8817	48.8501
1251	743.3595	0.0001
1252	743.8372	0.0001
1253	744.3147	0.0001
1254	744.7921	47.8501
1255	745.2693	60.51677
1256	745.7464	116.5168
1257	746.2233	4.850098
1258	746.7001	43.51677
1259	747.1767	323.5168
1260	747.6531	310.5168
1261	748.1295	309.8501
1262	748.6056	0.0001
1263	749.0816	0.0001
1264	749.5575	0.0001
1265	750.0332	0.0001
1266	750.5087	0.0001
1267	750.9841	0.0001
1268	751.4594	0.0001
1269	751.9344	9.183431
1270	752.4094	0.0001
1271	752.8842	0.0001
1272	753.3588	0.0001
1273	753.8333	0.0001
1274	754.3076	0.0001
1275	754.7818	0.0001
1276	755.2558	74.51676
1277	755.7297	251.5168
1278	756.2034	433.5168
1279	756.6769	354.8501
1280	757.1503	181.5168
1281	757.6236	36.18343
1282	758.0967	0.0001
1283	758.5696	0.0001
1284	759.0425	0.0001
1285	759.5151	0.0001
1286	759.9876	289.1834
1287	760.46	373.8501
1288	760.9321	420.8501
1289	761.4042	23.18343
1290	761.876	0.0001
1291	762.3478	24.18343
1292	762.8193	59.18343
1293	763.2908	119.1834
1294	763.762	0.0001
1295	764.2332	0.0001
1296	764.7042	0.0001
1297	765.1749	0.0001
1298	765.6456	0.0001
1299	766.1161	0.0001
1300	766.5865	0.0001
1301	767.0566	6.183431
1302	767.5267	0.0001
1303	767.9966	68.18343
1304	768.4664	65.18343
1305	768.9359	37.18343
1306	769.4054	0.0001
1307	769.8746	0.0001
1308	770.3438	0.0001
1309	770.8127	0.0001
1310	771.2816	0.0001
1311	771.7502	0.8500977
1312	772.2188	166.5168
1313	772.6871	103.5168
1314	773.1553	220.5168
1315	773.6234	174.8501
1316	774.0913	184.1834
1317	774.5591	71.51676
1318	775.0267	0.0001
1319	775.4941	0.0001
1320	775.9614	0.0001
1321	776.4286	0.0001
1322	776.8956	0.0001
1323	777.3624	0.0001
1324	777.829	34.51677
1325	778.2956	0.0001
1326	778.762	0.0001
1327	779.2282	0.0001
1328	779.6943	47.18343
1329	780.1602	39.18343
1330	780.626	132.8501
1331	781.0916	140.5168
1332	781.557	82.18343
1333	782.0223	876.1834
1334	782.4875	829.8501
1335	782.9525	911.8501
1336	783.4173	0.0001
1337	783.882	0.0001
1338	784.3466	0.0001
1339	784.8109	0.0001
1340	785.2751	0.0001
1341	785.7393	0.0001
1342	786.2032	0.0001
1343	786.6669	0.0001
1344	787.1306	0.0001
1345	787.5941	0.0001
1346	788.0574	0.0001
1347	788.5205	0.0001
1348	788.9835	161.1834
1349	789.4464	167.5168
1350	789.9091	229.8501
1351	790.3716	0.0001
1352	790.834	11.18343
1353	791.2963	12.8501
1354	791.7584	0.0001
1355	792.2203	0.0001
1356	792.6821	0.0001
1357	793.1437	11.51676
1358	793.6052	12.8501
1359	794.0665	451.8501
1360	794.5276	491.5168
1361	794.9887	453.5168
1362	795.4495	0.0001
1363	795.9103	0.0001
1364	796.3708	0.0001
1365	796.8312	0.0001
1366	797.2914	0.0001
1367	797.7515	0.0001
1368	798.2115	0.0001
1369	798.6713	0.0001
1370	799.1309	0.0001
1371	799.5904	0.0001
1372	800.0497	0.0001
1373	800.5089	0.0001
1374	800.968	0.0001
1375	801.4268	0.0001
1376	801.8855	16.51676
1377	802.3441	0.0001
1378	802.8025	0.0001
1379	803.2607	0.0001
1380	803.7189	0.0001
1381	804.1768	0.0001
1382	804.6346	0.0001
1383	805.0922	0.0001
1384	805.5497	0.0001
1385	806.0071	0.0001
1386	806.4642	0.0001
1387	806.9213	0.0001
1388	807.3782	0.0001
1389	807.8349	0.0001
1390	808.2914	0.0001
1391	808.7479	0.0001
1392	809.2041	0.0001
1393	809.6602	0.0001
1394	810.1161	0.0001
1395	810.572	0.0001
1396	811.0276	0.0001
1397	811.4831	39.18343
1398	811.9385	34.51677
1399	812.3937	0.0001
1400	812.8487	0.0001
1401	813.3036	0.0001
1402	813.7583	0.0001
1403	814.2128	0.0001
1404	814.6673	0.0001
1405	815.1215	0.0001
1406	815.5757	0.0001
1407	816.0296	0.0001
1408	816.4834	0.0001
1409	816.9371	0.0001
1410	817.3906	0.0001
1411	817.8439	74.8501
1412	818.2971	102.5168
1413	818.7501	0.0001
1414	819.203	67.51676
1415	819.6558	0.0001
1416	820.1083	26.8501
1417	820.5607	0.0001
1418	821.013	0.0001
1419	821.4651	0.0001
1420	821.9171	0.0001
1421	822.3689	0.0001
1422	822.8206	103.1834
1423	823.2721	175.8501
1424	823.7234	184.8501
1425	824.1746	112.5168
1426	824.6257	63.51677
1427	825.0765	101.8501
1428	825.5273	29.8501
1429	825.9778	0.0001
1430	826.4283	0.0001
1431	826.8785	0.0001
1432	827.3287	0.0001
1433	827.7786	0.0001
1434	828.2285	0.0001
1435	828.6781	0.0001
1436	829.1276	0.0001
1437	829.577	0.0001
1438	830.0261	0.0001
1439	830.4752	0.0001
1440	830.9241	0.0001
1441	831.3728	117.8501
1442	831.8214	346.5168
1443	832.2698	352.5168
1444	832.7181	241.8501
1445	833.1662	56.51677
1446	833.6141	43.18343
1447	834.062	0.0001
1448	834.5096	0.0001
1449	834.9572	0.0001
1450	835.4045	178.8501
1451	835.8517	291.1834
1452	836.2987	323.8501
1453	836.7456	31.51676
1454	837.1923	0.0001
1455	837.6389	0.0001
1456	838.0853	0.0001
1457	838.5316	0.0001
1458	838.9777	5.183431
1459	839.4237	147.5168
1460	839.8695	152.8501
1461	840.3152	54.8501
1462	840.7607	0.0001
1463	841.206	0.0001
1464	841.6512	192.5168
1465	842.0963	194.5168
1466	842.5411	319.8501
1467	842.9859	68.51676
1468	843.4305	76.8501
1469	843.8749	0.0001
1470	844.3192	0.0001
1471	844.7632	0.0001
1472	845.2072	0.0001
1473	845.6511	0.0001
1474	846.0947	0.0001
1475	846.5382	0.0001
1476	846.9816	0.0001
1477	847.4247	0.0001
1478	847.8678	0.0001
1479	848.3107	0.0001
1480	848.7534	0.0001
1481	849.196	0.0001
1482	849.6384	0.0001
1483	850.0807	0.0001
1484	850.5228	0.0001
1485	850.9647	103.5168
1486	851.4066	53.8501
1487	851.8482	27.51676
1488	852.2897	0.0001
1489	852.7311	0.0001
1490	853.1722	1.850098
1491	853.6133	0.0001
1492	854.0541	0.0001
1493	854.4949	0.0001
1494	854.9355	0.0001
1495	855.3759	0.0001
1496	855.8162	0.0001
1497	856.2563	0.0001
1498	856.6962	40.18343
1499	857.136	0.0001
1500	857.5757	139.5168
1501	858.0152	101.5168
1502	858.4545	141.1834
1503	858.8937	0.0001
1504	859.3328	0.0001
1505	859.7716	0.0001
1506	860.2103	27.18343
1507	860.6489	103.8501
1508	861.0873	154.1834
1509	861.5256	11.8501
1510	861.9637	0.0001
1511	862.4017	0.0001
1512	862.8395	0.0001
1513	863.2771	0.0001
1514	863.7146	0.0001
1515	864.1519	0.0001
1516	864.5891	0.0001
1517	865.0261	0.0001
1518	865.463	22.51676
1519	865.8997	0.0001
1520	866.3363	0.0001
1521	866.7727	0.0001
1522	867.209	0.0001
1523	867.6451	0.0001
1524	868.081	0.0001
1525	868.5168	0.0001
1526	868.9525	0.0001
1527	869.3879	0.0001
1528	869.8232	0.0001
1529	870.2584	0.0001
1530	870.6935	0.0001
1531	871.1284	0.0001
1532	871.563	21.51676
1533	871.9976	0.0001
1534	872.432	72.51676
1535	872.8663	0.0001
1536	873.3004	91.18343
1537	873.7343	105.8501
1538	874.1681	113.1834
1539	874.6017	0.0001
1540	875.0352	0.0001
1541	875.4685	0.0001
1542	875.9017	0.0001
1543	876.3347	0.0001
1544	876.7676	0.0001
1545	877.2003	0.0001
1546	877.6328	0.0001
1547	878.0652	0.0001
1548	878.4974	93.8501
1549	878.9296	32.8501
1550	879.3615	43.8501
1551	879.7933	43.8501
1552	880.2249	186.5168
1553	880.6564	150.5168
1554	881.0877	24.8501
1555	881.5189	0.0001
1556	881.9498	0.0001
1557	882.3807	0.0001
1558	882.8114	0.0001
1559	883.2419	0.0001
1560	883.6723	320.8501
1561	884.1025	303.5168
1562	884.5327	304.5168
1563	884.9626	21.18343
1564	885.3923	117.1834
1565	885.822	123.8501
1566	886.2514	37.18343
1567	886.6807	0.0001
1568	887.1099	0.0001
1569	887.5389	0.0001
1570	887.9677	0.0001
1571	888.3964	0.0001
1572	888.825	0.0001
1573	889.2533	121.1834
1574	889.6815	141.5168
1575	890.1096	83.8501
1576	890.5375	0.0001
1577	890.9653	0.0001
1578	891.3929	0.0001
1579	891.8204	37.8501
1580	892.2477	0.0001
1581	892.6748	0.0001
1582	893.1018	194.5168
1583	893.5286	210.1834
1584	893.9553	234.1834
1585	894.3818	0.0001
1586	894.8082	33.18343
1587	895.2344	0.0001
1588	895.6605	0.0001
1589	896.0864	0.0001
1590	896.5121	0.0001
1591	896.9377	0.0001
1592	897.3632	357.8501
1593	897.7885	767.1834
1594	898.2136	763.1834
1595	898.6385	333.5168
1596	899.0634	0.0001
1597	899.488	0.0001
1598	899.9125	0.0001
1599	900.3369	0.0001
1600	900.7611	0.0001
1601	901.1852	0.0001
1602	901.6091	0.0001
1603	902.0328	0.0001
1604	902.4564	0.0001
1605	902.8798	0.0001
1606	903.303	0.0001
1607	903.7262	0.0001
1608	904.1492	0.0001
1609	904.572	0.0001
1610	904.9946	0.0001
1611	905.4171	0.0001
1612	905.8395	0.0001
1613	906.2617	0.0001
1614	906.6837	0.0001
1615	907.1056	0.0001
1616	907.5273	0.0001
1617	907.9489	0.5167643
1618	908.3703	0.0001
1619	908.7915	0.0001
1620	909.2126	0.0001
1621	909.6336	0.0001
1622	910.0544	0.0001
1623	910.475	0.0001
1624	910.8955	0.0001
1625	911.3159	0.0001
1626	911.736	0.0001
1627	912.1561	0.0001
1628	912.5759	0.0001
1629	912.9956	166.1834
1630	913.4152	88.8501
1631	913.8346	64.51676
1632	914.2538	0.0001
1633	914.6729	0.0001
1634	915.0919	0.0001
1635	915.5106	0.0001
1636	915.9293	0.0001
1637	916.3477	0.0001
1638	916.7661	0.0001
1639	917.1842	0.0001
1640	917.6022	0.0001
1641	918.0201	0.0001
1642	918.4377	0.0001
1643	918.8553	0.0001
1644	919.2727	0.0001
1645	919.6899	18.18343
1646	920.107	8.850098
1647	920.5239	82.51676
1648	920.9407	42.51677
1649	921.3573	51.8501
1650	921.7737	0.0001
1651	922.19	0.0001
1652	922.6062	0.0001
1653	923.0222	0.0001
1654	923.438	0.0001
1655	923.8537	0.0001
1656	924.2692	0.0001
1657	924.6846	0.0001
1658	925.0998	0.0001
1659	925.5148	131.8501
1660	925.9297	137.1834
1661	926.3445	151.1834
1662	926.7591	0.0001
1663	927.1735	0.0001
1664	927.5878	0.0001
1665	928.002	0.0001
1666	928.4159	0.0001
1667	928.8297	0.0001
1668	929.2434	148.1834
1669	929.6569	181.5168
1670	930.0703	460.8501
1671	930.4835	305.1834
1672	930.8965	279.1834
1673	931.3094	0.0001
1674	931.7221	0.0001
1675	932.1347	0.0001
1676	932.5471	0.0001
1677	932.9594	0.0001
1678	933.3715	0.0001
1679	933.7834	0.0001
1680	934.1953	0.0001
1681	934.6069	0.0001
1682	935.0184	6.850098
1683	935.4297	21.18343
1684	935.8409	0.0001
1685	936.2519	0.0001
1686	936.6628	0.0001
1687	937.0735	0.0001
1688	937.484	0.0001
1689	937.8944	0.0001
1690	938.3047	0.0001
1691	938.7148	0.0001
1692	939.1247	0.0001
1693	939.5345	257.1834
1694	939.9441	408.5168
1695	940.3536	365.1834
1696	940.7629	97.51676
1697	941.1721	22.18343
1698	941.5811	80.8501
1699	941.9899	0.0001
1700	942.3986	0.0001
1701	942.8071	0.0001
1702	943.2155	138.5168
1703	943.6237	133.5168
1704	944.0318	105.1834
1705	944.4397	0.0001
1706	944.8475	15.51676
1707	945.2551	0.0001
1708	945.6625	16.51676
1709	946.0698	0.0001
1710	946.4769	0.0001
1711	946.8839	0.0001
1712	947.2908	0.0001
1713	947.6974	0.0001
1714	948.1039	0.0001
1715	948.5103	0.0001
1716	948.9165	45.8501
1717	949.3226	105.8501
1718	949.7285	20.51676
1719	950.1342	0.0001
1720	950.5397	0.0001
1721	950.9452	0.0001
1722	951.3505	33.8501
1723	951.7556	9.183431
1724	952.1605	56.18343
1725	952.5653	0.0001
1726	952.97	0.0001
1727	953.3745	0.0001
1728	953.7788	0.0001
1729	954.183	0.0001
1730	954.587	0.0001
1731	954.9909	0.0001
1732	955.3946	0.0001
1733	955.7982	0.0001
1734	956.2015	0.0001
1735	956.6048	0.0001
1736	957.0079	0.0001
1737	957.4108	0.0001
1738	957.8136	113.1834
1739	958.2162	0.0001
1740	958.6187	0.0001
1741	959.0211	0.0001
1742	959.4232	0.0001
1743	959.8252	208.1834
1744	960.2271	302.1834
1745	960.6287	274.1834
1746	961.0303	0.0001
1747	961.4316	0.0001
1748	961.8329	0.0001
1749	962.2339	0.0001
1750	962.6348	0.0001
1751	963.0356	0.0001
1752	963.4362	0.0001
1753	963.8367	0.0001
1754	964.2369	0.0001
1755	964.6371	0.0001
1756	965.037	0.0001
1757	965.4369	107.8501
1758	965.8365	131.5168
1759	966.236	20.8501
1760	966.6354	0.0001
1761	967.0346	0.0001
1762	967.4337	0.0001
1763	967.8325	0.0001
1764	968.2313	0.0001
1765	968.6298	0.0001
1766	969.0283	0.0001
1767	969.4265	31.18343
1768	969.8246	0.0001
1769	970.2226	0.0001
1770	970.6204	0.0001
1771	971.018	4.850098
1772	971.4155	20.51676
1773	971.8128	103.8501
1774	972.21	18.18343
1775	972.607	0.0001
1776	973.0039	0.0001
1777	973.4006	0.0001
1778	973.7971	0.0001
1779	974.1935	475.1834
1780	974.5898	543.1834
1781	974.9858	436.5168
1782	975.3818	41.8501
1783	975.7775	26.18343
1784	976.1732	25.8501
1785	976.5686	0.0001
1786	976.9639	68.18343
1787	977.3591	11.18343
1788	977.754	0.0001
1789	978.1489	0.0001
1790	978.5436	0.0001
1791	978.938	78.18343
1792	979.3325	123.8501
1793	979.7266	107.8501
1794	980.1207	195.8501
1795	980.5146	74.18343
1796	980.9083	52.8501
1797	981.3019	0.0001
1798	981.6954	0.0001
1799	982.0886	0.0001
1800	982.4818	34.51677
1801	982.8747	0.0001
1802	983.2675	0.0001
1803	983.6602	32.8501
1804	984.0527	50.51677
1805	984.445	6.516764
1806	984.8372	0.0001
1807	985.2292	0.0001
1808	985.621	0.0001
1809	986.0128	0.0001
1810	986.4044	43.8501
1811	986.7957	0.0001
1812	987.187	0.0001
1813	987.5781	0.0001
1814	987.969	13.8501
1815	988.3597	110.5168
1816	988.7504	165.1834
1817	989.1409	71.8501
1818	989.5311	14.51676
1819	989.9213	0.0001
1820	990.3113	0.5167643
1821	990.7011	0.0001
1822	991.0908	0.0001
1823	991.4803	0.0001
1824	991.8697	0.0001
1825	992.2589	0.0001
1826	992.648	130.1834
1827	993.0369	217.5168
1828	993.4257	214.1834
1829	993.8142	0.0001
1830	994.2026	98.18343
1831	994.5909	101.8501
1832	994.9791	252.1834
1833	995.367	0.0001
1834	995.7548	0.0001
1835	996.1425	0.0001
1836	996.53	0.0001
1837	996.9173	0.0001
1838	997.3045	0.0001
1839	997.6915	0.0001
1840	998.0784	0.0001
1841	998.4651	0.0001
1842	998.8516	100.5168
1843	999.238	152.5168
1844	999.6243	96.8501
1845	1000.01	59.8501
1846	1000.396	94.51676
1847	1000.782	23.18343
1848	1001.168	0.0001
1849	1001.553	310.5168
1850	1001.938	366.8501
1851	1002.324	358.1834
1852	1002.709	0.0001
1853	1003.093	0.0001
1854	1003.478	0.0001
1855	1003.863	0.0001
1856	1004.247	0.0001
1857	1004.631	0.0001
1858	1005.015	0.0001
1859	1005.399	0.0001
1860	1005.783	0.0001
1861	1006.167	0.0001
1862	1006.55	0.0001
1863	1006.933	0.0001
1864	1007.316	0.0001
1865	1007.699	37.8501
1866	1008.082	0.0001
1867	1008.465	0.0001
1868	1008.847	0.0001
1869	1009.23	0.0001
1870	1009.612	0.0001
1871	1009.994	0.0001
1872	1010.376	0.0001
1873	1010.757	0.0001
1874	1011.139	0.0001
1875	1011.52	0.0001
1876	1011.901	0.0001
1877	1012.283	0.0001
1878	1012.664	0.0001
1879	1013.044	0.0001
1880	1013.425	0.0001
1881	1013.805	0.0001
1882	1014.186	0.0001
1883	1014.566	0.0001
1884	1014.946	3.850098
1885	1015.326	0.0001
1886	1015.705	0.0001
1887	1016.085	0.8500977
1888	1016.464	52.51677
1889	1016.843	55.18343
1890	1017.222	0.0001
1891	1017.601	0.0001
1892	1017.98	0.0001
1893	1018.359	0.0001
1894	1018.737	0.0001
1895	1019.115	0.0001
1896	1019.493	0.0001
1897	1019.871	0.0001
1898	1020.249	0.0001
1899	1020.627	0.0001
1900	1021.004	0.0001
1901	1021.382	0.0001
1902	1021.759	0.0001
1903	1022.136	0.0001
1904	1022.513	0.0001
1905	1022.889	0.0001
1906	1023.266	0.0001
1907	1023.642	0.0001
1908	1024.018	0.0001
1909	1024.395	0.0001
1910	1024.77	22.51676
1911	1025.146	26.8501
1912	1025.522	40.18343
1913	1025.897	37.8501
1914	1026.272	0.0001
1915	1026.648	0.0001
1916	1027.023	0.0001
1917	1027.397	0.0001
1918	1027.772	0.0001
1919	1028.146	0.0001
1920	1028.521	0.0001
1921	1028.895	0.0001
1922	1029.269	0.0001
1923	1029.643	0.0001
1924	1030.017	0.0001
1925	1030.39	0.0001
1926	1030.764	0.0001
1927	1031.137	0.0001
1928	1031.51	0.0001
1929	1031.883	7.183431
1930	1032.256	320.8501
1931	1032.628	590.1834
1932	1033.001	483.5168
1933	1033.373	191.5168
1934	1033.745	0.0001
1935	1034.117	0.0001
1936	1034.489	0.0001
1937	1034.861	0.0001
1938	1035.232	0.0001
1939	1035.604	25.8501
1940	1035.975	10.51676
1941	1036.346	46.18343
1942	1036.717	0.0001
1943	1037.088	256.8501
1944	1037.458	255.8501
1945	1037.828	214.5168
1946	1038.199	0.0001
1947	1038.569	0.0001
1948	1038.939	0.0001
1949	1039.309	0.0001
1950	1039.678	0.0001
1951	1040.048	0.0001
1952	1040.417	0.0001
1953	1040.786	0.0001
1954	1041.155	0.0001
1955	1041.524	0.0001
1956	1041.893	0.0001
1957	1042.261	0.0001
1958	1042.63	0.0001
1959	1042.998	0.0001
1960	1043.366	0.0001
1961	1043.734	0.0001
1962	1044.102	7.850098
1963	1044.469	0.0001
1964	1044.837	0.0001
1965	1045.204	0.0001
1966	1045.571	0.0001
1967	1045.938	0.0001
1968	1046.305	0.0001
1969	1046.672	0.0001
1970	1047.038	0.0001
1971	1047.404	0.0001
1972	1047.771	0.0001
1973	1048.136	0.0001
1974	1048.502	34.51677
1975	1048.868	26.18343
1976	1049.234	59.18343
1977	1049.599	0.0001
1978	1049.964	0.0001
1979	1050.329	0.0001
1980	1050.694	71.18343
1981	1051.059	153.5168
1982	1051.424	233.5168
1983	1051.788	0.0001
1984	1052.152	0.0001
1985	1052.516	0.0001
1986	1052.88	0.0001
1987	1053.244	27.8501
1988	1053.608	83.8501
1989	1053.971	165.8501
1990	1054.335	172.5168
1991	1054.698	260.5168
1992	1055.061	53.8501
1993	1055.424	55.18343
1994	1055.787	67.8501
1995	1056.149	131.8501
1996	1056.512	202.5168
1997	1056.874	2.516764
1998	1057.236	0.0001
1999	1057.598	0.0001
2000	1057.96	0.0001
2001	1058.321	0.0001
2002	1058.683	0.0001
2003	1059.044	0.0001
2004	1059.405	37.51677
2005	1059.766	81.18343
2006	1060.127	34.18343
2007	1060.488	0.0001
2008	1060.848	0.0001
2009	1061.209	0.0001
2010	1061.569	0.0001
2011	1061.929	45.18343
2012	1062.289	52.51677
2013	1062.648	9.183431
2014	1063.008	59.8501
2015	1063.367	529.8501
2016	1063.727	654.5168
2017	1064.086	532.5168
2018	1064.445	95.18343
2019	1064.804	0.0001
2020	1065.162	0.0001
2021	1065.521	255.5168
2022	1065.879	329.8501
2023	1066.237	304.8501
2024	1066.595	0.0001
2025	1066.953	0.0001
2026	1067.311	0.0001
2027	1067.668	0.0001
2028	1068.026	0.0001
2029	1068.383	0.0001
2030	1068.74	0.0001
2031	1069.097	0.0001
2032	1069.453	0.0001
2033	1069.81	0.0001
2034	1070.166	107.1834
2035	1070.523	44.51677
2036	1070.879	0.0001
2037	1071.235	0.0001
2038	1071.591	0.0001
2039	1071.946	52.51677
2040	1072.302	104.8501
2041	1072.657	109.1834
2042	1073.012	23.8501
2043	1073.367	45.18343
2044	1073.722	0.0001
2045	1074.077	0.0001
2046	1074.431	0.0001
2047	1074.786	0.0001
