0	28.36968	412.4
1	29.03326	230.2
2	29.69669	0.0001
3	30.35998	0.0001
4	31.02312	0.0001
5	31.68612	0.0001
6	32.34897	0.0001
7	33.01168	0.0001
8	33.67424	0.0001
9	34.33666	0.0001
10	34.99894	0.0001
11	35.66106	0.0001
12	36.32305	0.0001
13	36.98489	0.0001
14	37.64658	0.0001
15	38.30814	1003.8
16	38.96954	1182.133
17	39.6308	1208.466
18	40.29192	0.0001
19	40.95289	0.0001
20	41.61372	0.0001
21	42.2744	0.0001
22	42.93494	43.79993
23	43.59533	115.1333
24	44.25558	26.79993
25	44.91568	774.4666
26	45.57564	752.4665
27	46.23545	752.4665
28	46.89512	0.0001
29	47.55465	0.0001
30	48.21402	0.0001
31	48.87326	80.46659
32	49.53235	2.799927
33	50.1913	45.79993
34	50.85009	0.0001
35	51.50875	0.0001
36	52.16726	0.0001
37	52.82563	21.79993
38	53.48384	43.13326
39	54.14192	103.4666
40	54.79985	39.79993
41	55.45764	0.0001
42	56.11528	0.0001
43	56.77278	0.0001
44	57.43013	0.0001
45	58.08733	0.0001
46	58.7444	165.7999
47	59.40131	194.4666
48	60.05809	561.7999
49	60.71471	261.1333
50	61.3712	257.1333
51	62.02753	0.0001
52	62.68372	0.0001
53	63.33977	0.0001
54	63.99567	22.79993
55	64.65143	109.4666
56	65.30704	82.79993
57	65.96251	226.7999
58	66.61784	242.1333
59	67.27301	253.1333
60	67.92805	0.0001
61	68.58293	48.13326
62	69.23768	119.4666
63	69.89227	163.4666
64	70.54672	0.0001
65	71.20103	0.0001
66	71.85519	0.0001
67	72.50922	78.46659
68	73.16309	60.13326
69	73.81681	0.0001
70	74.4704	0.0001
71	75.12383	0.0001
72	75.77712	8.13326
73	76.43027	9.799927
74	77.08327	0.0001
75	77.73613	0.0001
76	78.38884	0.0001
77	79.04141	13.46659
78	79.69383	30.46659
79	80.34611	13.79993
80	80.99824	0.0001
81	81.65022	20.79993
82	82.30207	86.79993
83	82.95377	184.4666
84	83.60532	148.1333
85	84.25672	78.46659
86	84.90798	0.0001
87	85.5591	0.0001
88	86.21007	0.0001
89	86.86089	38.46659
90	87.51157	71.79993
91	88.16211	28.46659
92	88.8125	0.0001
93	89.46274	0.0001
94	90.11284	0.0001
95	90.76279	0.0001
96	91.41261	27.79993
97	92.06227	21.13326
98	92.71178	0.0001
99	93.36116	0.0001
100	94.01038	0.0001
101	94.65947	0.0001
102	95.30841	0.0001
103	95.9572	0.0001
104	96.60584	0.0001
105	97.25435	0.0001
106	97.9027	0.0001
107	98.55092	0.0001
108	99.19898	0.0001
109	99.8469	0.0001
110	100.4947	0.0001
111	101.1423	587.7999
112	101.7898	597.4666
113	102.4371	589.4666
114	103.0843	75.46659
115	103.7314	48.13326
116	104.3783	39.46659
117	105.025	0.0001
118	105.6716	0.0001
119	106.3181	0.0001
120	106.9644	0.0001
121	107.6106	0.0001
122	108.2566	0.0001
123	108.9025	0.0001
124	109.5483	0.0001
125	110.1939	9.466594
126	110.8393	299.4666
127	111.4846	155.4666
128	112.1298	443.4666
129	112.7748	216.7999
130	113.4197	412.7999
131	114.0644	131.4666
132	114.709	111.4666
133	115.3534	9.466594
134	115.9977	0.0001
135	116.6418	0.0001
136	117.2858	0.0001
137	117.9297	0.0001
138	118.5734	0.0001
139	119.2169	0.0001
140	119.8603	0.0001
141	120.5036	0.0001
142	121.1467	0.0001
143	121.7897	0.0001
144	122.4325	0.0001
145	123.0752	0.0001
146	123.7178	0.0001
147	124.3602	0.0001
148	125.0024	0.0001
149	125.6445	0.0001
150	126.2865	0.0001
151	126.9283	0.0001
152	127.5699	0.0001
153	128.2115	0.0001
154	128.8528	0.0001
155	129.4941	0.0001
156	130.1351	21.46659
157	130.7761	87.79993
158	131.4169	487.7999
159	132.0575	373.4666
160	132.698	329.1333
161	133.3384	0.0001
162	133.9786	0.0001
163	134.6187	0.0001
164	135.2586	0.0001
165	135.8984	0.0001
166	136.538	0.0001
167	137.1775	0.0001
168	137.8168	0.0001
169	138.456	0.0001
170	139.095	0.0001
171	139.7339	0.0001
172	140.3727	0.0001
173	141.0113	13.46659
174	141.6498	0.0001
175	142.2881	0.0001
176	142.9263	20.46659
177	143.5643	78.79993
178	144.2022	78.46659
179	144.8399	85.13326
180	145.4775	85.13326
181	146.1149	28.46659
182	146.7522	0.0001
183	147.3894	0.0001
184	148.0264	0.0001
185	148.6632	0.0001
186	149.3	0.0001
187	149.9365	0.0001
188	150.5729	0.1332601
189	151.2092	0.0001
190	151.8454	0.0001
191	152.4813	37.13326
192	153.1172	103.1333
193	153.7529	0.0001
194	154.3884	77.46659
195	155.0238	23.46659
196	155.6591	8.466594
197	156.2942	0.0001
198	156.9291	0.0001
199	157.564	22.79993
200	158.1986	61.46659
201	158.8332	0.0001
202	159.4675	0.0001
203	160.1018	0.0001
204	160.7359	0.0001
205	161.3698	32.46659
206	162.0036	0.0001
207	162.6373	16.13326
208	163.2708	0.0001
209	163.9041	70.46659
210	164.5373	0.0001
211	165.1704	0.0001
212	165.8033	0.0001
213	166.4361	0.0001
214	167.0687	0.0001
215	167.7012	0.0001
216	168.3335	0.0001
217	168.9657	0.0001
218	169.5978	0.0001
219	170.2297	0.0001
220	170.8614	0.0001
221	171.493	0.0001
222	172.1245	0.0001
223	172.7558	0.0001
224	173.387	40.46659
225	174.018	70.13326
226	174.6489	0.0001
227	175.2796	0.0001
228	175.9102	0.0001
229	176.5406	31.13326
230	177.1709	52.46659
231	177.8011	3.13326
232	178.4311	0.0001
233	179.0609	0.0001
234	179.6906	21.79993
235	180.3202	96.79993
236	180.9496	59.46659
237	181.5789	0.0001
238	182.208	0.0001
239	182.837	0.0001
240	183.4658	0.0001
241	184.0945	0.0001
242	184.723	0.0001
243	185.3514	0.0001
244	185.9797	0.0001
245	186.6078	0.0001
246	187.2357	0.0001
247	187.8635	0.0001
248	188.4912	0.0001
249	189.1187	0.0001
250	189.7461	0.0001
251	190.3733	0.0001
252	191.0004	0.0001
253	191.6273	0.0001
254	192.2541	9.466594
255	192.8808	0.0001
256	193.5072	41.79993
257	194.1336	0.0001
258	194.7598	0.0001
259	195.3858	23.79993
260	196.0117	35.79993
261	196.6375	109.4666
262	197.2631	246.4666
263	197.8886	213.1333
264	198.5139	221.7999
265	199.1391	0.0001
266	199.7641	0.0001
267	200.389	435.7999
268	201.0137	451.7999
269	201.6383	438.4666
270	202.2628	0.0001
271	202.8871	0.0001
272	203.5112	0.0001
273	204.1352	0.0001
274	204.7591	0.0001
275	205.3828	5.466593
276	206.0064	61.46659
277	206.6298	0.0001
278	207.2531	0.0001
279	207.8762	0.0001
280	208.4992	23.79993
281	209.122	84.79993
282	209.7447	0.0001
283	210.3672	15.79993
284	210.9896	0.0001
285	211.6119	9.466594
286	212.234	0.0001
287	212.8559	0.0001
288	213.4778	0.0001
289	214.0994	0.0001
290	214.7209	0.0001
291	215.3423	0.0001
292	215.9635	0.0001
293	216.5846	0.0001
294	217.2055	199.7999
295	217.8263	189.1333
296	218.447	373.7999
297	219.0675	125.1333
298	219.6878	239.4666
299	220.308	136.1333
300	220.9281	316.1333
301	221.548	211.1333
302	222.1677	140.4666
303	222.7873	0.0001
304	223.4068	0.0001
305	224.0261	0.0001
306	224.6453	0.0001
307	225.2643	0.0001
308	225.8832	2.466594
309	226.5019	64.46659
310	227.1205	120.4666
311	227.739	94.79993
312	228.3573	45.46659
313	228.9754	34.46659
314	229.5934	0.0001
315	230.2112	0.0001
316	230.8289	0.0001
317	231.4465	0.0001
318	232.0639	0.0001
319	232.6812	11.46659
320	233.2983	0.0001
321	233.9153	64.46659
322	234.5321	33.46659
323	235.1488	247.4666
324	235.7653	141.4666
325	236.3817	69.79993
326	236.998	0.0001
327	237.6141	0.0001
328	238.23	0.0001
329	238.8458	0.0001
330	239.4615	0.0001
331	240.077	0.0001
332	240.6923	0.0001
333	241.3075	0.0001
334	241.9226	0.0001
335	242.5375	0.0001
336	243.1523	0.0001
337	243.7669	0.0001
338	244.3814	0.0001
339	244.9957	0.0001
340	245.6099	0.0001
341	246.224	0.0001
342	246.8379	0.0001
343	247.4516	0.0001
344	248.0652	0.0001
345	248.6786	0.0001
346	249.292	0.0001
347	249.9051	0.0001
348	250.5181	0.0001
349	251.131	0.0001
350	251.7437	0.0001
351	252.3563	0.0001
352	252.9687	0.0001
353	253.581	0.0001
354	254.1931	0.0001
355	254.8051	0.0001
356	255.4169	0.0001
357	256.0286	0.0001
358	256.6402	147.4666
359	257.2516	138.1333
360	257.8628	249.7999
361	258.4739	31.79993
362	259.0849	8.466594
363	259.6957	414.4666
364	260.3063	420.4666
365	260.9169	434.4666
366	261.5272	0.0001
367	262.1375	0.0001
368	262.7475	0.0001
369	263.3575	0.0001
370	263.9672	0.0001
371	264.5769	8.13326
372	265.1864	30.46659
373	265.7957	28.46659
374	266.4049	0.0001
375	267.0139	0.0001
376	267.6228	0.0001
377	268.2316	156.4666
378	268.8402	455.4666
379	269.4486	461.4666
380	270.0569	226.4666
381	270.6651	41.46659
382	271.2731	108.1333
383	271.881	29.13326
384	272.4887	0.0001
385	273.0963	0.0001
386	273.7037	0.0001
387	274.311	0.0001
388	274.9182	63.79993
389	275.5251	144.1333
390	276.132	42.79993
391	276.7387	0.0001
392	277.3452	0.0001
393	277.9516	0.0001
394	278.5579	0.0001
395	279.164	0.0001
396	279.7699	41.13326
397	280.3757	69.46659
398	280.9814	82.79993
399	281.5869	0.0001
400	282.1923	0.0001
401	282.7975	0.0001
402	283.4026	0.0001
403	284.0075	0.0001
404	284.6123	0.0001
405	285.2169	0.0001
406	285.8214	160.7999
407	286.4258	510.7999
408	287.0299	970.1333
409	287.634	728.4666
410	288.2379	477.7999
411	288.8416	0.0001
412	289.4452	0.0001
413	290.0487	0.0001
414	290.652	0.0001
415	291.2552	0.0001
416	291.8582	0.0001
417	292.461	0.0001
418	293.0638	0.0001
419	293.6663	0.0001
420	294.2687	118.1333
421	294.871	227.7999
422	295.4731	195.7999
423	296.0751	53.79993
424	296.677	0.0001
425	297.2787	0.0001
426	297.8802	0.0001
427	298.4816	19.13326
428	299.0828	179.1333
429	299.6839	102.1333
430	300.2849	0.0001
431	300.8857	0.0001
432	301.4864	0.0001
433	302.0869	0.0001
434	302.6872	0.0001
435	303.2874	0.0001
436	303.8875	4.466593
437	304.4874	0.0001
438	305.0872	0.0001
439	305.6868	176.1333
440	306.2863	649.7999
441	306.8856	694.4666
442	307.4848	483.1333
443	308.0838	0.4665934
444	308.6827	0.0001
445	309.2815	0.0001
446	309.8801	0.0001
447	310.4785	0.0001
448	311.0768	0.0001
449	311.675	0.0001
450	312.2729	0.0001
451	312.8708	0.0001
452	313.4685	0.0001
453	314.0661	26.13326
454	314.6635	49.13326
455	315.2608	0.0001
456	315.8579	439.4666
457	316.4549	442.1333
458	317.0517	507.1333
459	317.6483	0.0001
460	318.2449	0.0001
461	318.8412	0.0001
462	319.4375	0.0001
463	320.0336	0.0001
464	320.6295	0.0001
465	321.2253	0.0001
466	321.821	0.0001
467	322.4164	0.0001
468	323.0118	0.0001
469	323.607	0.0001
470	324.2021	0.0001
471	324.797	0.0001
472	325.3917	0.0001
473	325.9863	0.0001
474	326.5808	0.0001
475	327.1751	10.13326
476	327.7693	39.46659
477	328.3633	0.0001
478	328.9572	0.0001
479	329.5509	0.0001
480	330.1444	0.0001
481	330.7379	0.0001
482	331.3312	187.7999
483	331.9243	217.4666
484	332.5173	550.1332
485	333.1101	324.4666
486	333.7028	340.1333
487	334.2953	0.0001
488	334.8878	0.0001
489	335.48	0.0001
490	336.0721	0.0001
491	336.664	0.0001
492	337.2559	0.0001
493	337.8475	0.0001
494	338.439	0.0001
495	339.0304	0.0001
496	339.6216	52.13326
497	340.2126	48.46659
498	340.8036	0.0001
499	341.3943	0.0001
500	341.985	10.46659
501	342.5754	0.0001
502	343.1658	0.0001
503	343.756	0.0001
504	344.346	92.79993
505	344.9359	107.7999
506	345.5256	3.466594
507	346.1152	0.0001
508	346.7046	0.0001
509	347.2939	0.0001
510	347.8831	0.0001
511	348.472	12.46659
512	349.0609	0.0001
513	349.6496	2.799927
514	350.2381	0.0001
515	350.8265	0.0001
516	351.4148	0.0001
517	352.0029	0.0001
518	352.5909	0.0001
519	353.1787	0.0001
520	353.7664	0.0001
521	354.3539	0.0001
522	354.9412	0.0001
523	355.5284	0.0001
524	356.1155	0.0001
525	356.7025	6.466593
526	357.2892	5.466593
527	357.8759	0.0001
528	358.4623	83.79993
529	359.0487	27.79993
530	359.6349	42.46659
531	360.2209	0.0001
532	360.8068	0.0001
533	361.3925	0.0001
534	361.9781	0.0001
535	362.5636	0.0001
536	363.1489	0.0001
537	363.734	0.0001
538	364.319	0.0001
539	364.9039	0.0001
540	365.4886	0.0001
541	366.0731	0.0001
542	366.6575	0.0001
543	367.2418	0.0001
544	367.8259	0.0001
545	368.4099	0.0001
546	368.9937	0.0001
547	369.5774	0.0001
548	370.1609	0.0001
549	370.7443	0.0001
550	371.3275	38.13326
551	371.9106	28.46659
552	372.4935	95.46659
553	373.0763	30.46659
554	373.6589	0.0001
555	374.2414	0.0001
556	374.8237	0.0001
557	375.4059	0.0001
558	375.9879	50.79993
559	376.5698	0.0001
560	377.1516	18.46659
561	377.7332	88.46659
562	378.3146	67.13326
563	378.8959	68.46659
564	379.4771	0.0001
565	380.0581	0.0001
566	380.6389	0.0001
567	381.2196	0.0001
568	381.8002	0.0001
569	382.3806	0.0001
570	382.9608	48.79993
571	383.541	0.0001
572	384.1209	71.46659
573	384.7007	45.13326
574	385.2804	53.13326
575	385.8599	21.79993
576	386.4393	0.0001
577	387.0185	24.46659
578	387.5976	0.0001
579	388.1765	54.46659
580	388.7553	0.0001
581	389.3339	0.0001
582	389.9124	0.0001
583	390.4908	0.0001
584	391.0689	212.4666
585	391.647	201.7999
586	392.2249	205.7999
587	392.8026	0.0001
588	393.3802	0.0001
589	393.9576	0.0001
590	394.5349	0.0001
591	395.1121	0.0001
592	395.6891	49.13326
593	396.2659	169.1333
594	396.8426	0.0001
595	397.4192	21.79993
596	397.9956	0.0001
597	398.5718	276.1333
598	399.1479	247.7999
599	399.7239	233.7999
600	400.2997	0.0001
601	400.8754	0.0001
602	401.4509	0.0001
603	402.0262	0.0001
604	402.6015	110.1333
605	403.1765	128.7999
606	403.7515	138.1333
607	404.3262	0.0001
608	404.9008	0.0001
609	405.4753	5.799927
610	406.0497	0.0001
611	406.6238	0.0001
612	407.1979	0.0001
613	407.7718	0.0001
614	408.3455	0.0001
615	408.9191	0.0001
616	409.4925	0.0001
617	410.0658	0.0001
618	410.6389	212.7999
619	411.2119	287.4666
620	411.7848	357.1333
621	412.3575	37.79993
622	412.93	0.0001
623	413.5024	0.0001
624	414.0746	0.0001
625	414.6467	0.0001
626	415.2187	14.46659
627	415.7905	0.0001
628	416.3621	0.0001
629	416.9336	0.0001
630	417.505	13.46659
631	418.0762	0.0001
632	418.6472	0.0001
633	419.2182	0.0001
634	419.7889	0.0001
635	420.3595	0.0001
636	420.93	0.0001
637	421.5003	0.0001
638	422.0705	19.13326
639	422.6405	0.0001
640	423.2104	0.0001
641	423.7801	48.46659
642	424.3497	14.46659
643	424.9191	0.0001
644	425.4884	0.0001
645	426.0575	0.0001
646	426.6265	0.0001
647	427.1953	0.0001
648	427.764	0.0001
649	428.3325	0.0001
650	428.9009	0.0001
651	429.4691	0.0001
652	430.0372	0.0001
653	430.6051	0.0001
654	431.1729	32.13326
655	431.7406	38.79993
656	432.308	15.79993
657	432.8754	357.1333
658	433.4426	418.7999
659	434.0096	757.8
660	434.5765	451.1333
661	435.1432	467.7999
662	435.7099	83.13326
663	436.2763	0.0001
664	436.8426	0.0001
665	437.4088	6.13326
666	437.9748	40.79993
667	438.5406	18.79993
668	439.1063	0.0001
669	439.6719	0.0001
670	440.2373	70.79993
671	440.8025	35.79993
672	441.3676	119.7999
673	441.9326	11.79993
674	442.4974	0.0001
675	443.0621	0.0001
676	443.6266	0.0001
677	444.1909	0.0001
678	444.7552	43.13326
679	445.3192	84.46659
680	445.8831	0.0001
681	446.4469	0.0001
682	447.0105	0.0001
683	447.574	0.0001
684	448.1373	0.0001
685	448.7005	0.0001
686	449.2635	0.0001
687	449.8264	0.0001
688	450.3891	0.0001
689	450.9517	0.0001
690	451.5141	0.0001
691	452.0764	0.0001
692	452.6385	0.0001
693	453.2005	0.0001
694	453.7623	9.799927
695	454.324	27.79993
696	454.8855	0.0001
697	455.4469	0.0001
698	456.0081	4.466593
699	456.5692	64.46659
700	457.1302	0.0001
701	457.691	0.0001
702	458.2516	0.0001
703	458.8121	0.0001
704	459.3724	0.0001
705	459.9326	0.0001
706	460.4927	0.0001
707	461.0526	0.0001
708	461.6123	0.0001
709	462.1719	0.0001
710	462.7314	0.0001
711	463.2906	0.0001
712	463.8498	224.4666
713	464.4088	297.1333
714	464.9676	263.4666
715	465.5263	0.0001
716	466.0849	0.0001
717	466.6433	194.1333
718	467.2015	287.4666
719	467.7596	207.4666
720	468.3176	0.0001
721	468.8754	0.0001
722	469.433	0.0001
723	469.9906	205.7999
724	470.5479	266.4666
725	471.1051	290.4666
726	471.6622	0.0001
727	472.2191	0.0001
728	472.7758	0.0001
729	473.3325	18.13326
730	473.8889	146.7999
731	474.4453	28.79993
732	475.0014	0.0001
733	475.5574	0.0001
734	476.1133	0.0001
735	476.669	0.0001
736	477.2246	0.0001
737	477.78	0.0001
738	478.3353	0.0001
739	478.8904	0.0001
740	479.4453	0.0001
741	480.0002	0.0001
742	480.5548	0.0001
743	481.1093	0.0001
744	481.6637	0.0001
745	482.218	0.0001
746	482.772	0.0001
747	483.3259	0.0001
748	483.8797	0.0001
749	484.4333	0.0001
750	484.9868	0.0001
751	485.5401	0.0001
752	486.0933	210.7999
753	486.6463	218.7999
754	487.1992	286.7999
755	487.752	0.0001
756	488.3045	0.0001
757	488.857	0.0001
758	489.4092	21.13326
759	489.9614	23.79993
760	490.5134	0.0001
761	491.0652	0.0001
762	491.6169	0.0001
763	492.1684	0.0001
764	492.7198	0.0001
765	493.271	0.0001
766	493.8221	0.0001
767	494.373	369.1333
768	494.9238	401.7999
769	495.4745	451.4666
770	496.0249	49.13326
771	496.5753	82.79993
772	497.1255	5.799927
773	497.6755	0.0001
774	498.2254	0.0001
775	498.7751	0.0001
776	499.3247	0.0001
777	499.8742	0.0001
778	500.4235	26.79993
779	500.9726	0.0001
780	501.5216	67.79993
781	502.0704	21.79993
782	502.6191	106.4666
783	503.1677	13.79993
784	503.7161	11.79993
785	504.2643	0.0001
786	504.8124	0.0001
787	505.3604	0.0001
788	505.9081	0.0001
789	506.4558	10.46659
790	507.0033	91.13326
791	507.5506	138.7999
792	508.0978	156.7999
793	508.6449	80.79993
794	509.1917	30.13326
795	509.7385	0.0001
796	510.2851	32.79993
797	510.8315	58.13326
798	511.3778	41.79993
799	511.924	0.0001
800	512.47	0.0001
801	513.0159	131.7999
802	513.5615	149.7999
803	514.1071	163.7999
804	514.6525	0.0001
805	515.1978	0.0001
806	515.7429	0.0001
807	516.2878	45.13326
808	516.8326	70.79993
809	517.3773	82.13326
810	517.9218	62.13326
811	518.4661	87.13326
812	519.0103	89.13326
813	519.5543	82.46659
814	520.0983	16.79993
815	520.642	34.79993
816	521.1856	23.46659
817	521.7291	24.79993
818	522.2723	0.0001
819	522.8155	23.46659
820	523.3585	49.46659
821	523.9014	114.7999
822	524.4441	124.4666
823	524.9866	155.4666
824	525.5291	171.1333
825	526.0713	297.1333
826	526.6134	396.7999
827	527.1553	376.4666
828	527.6971	299.4666
829	528.2388	220.7999
830	528.7803	338.1333
831	529.3217	368.1333
832	529.8629	475.1333
833	530.4039	402.4666
834	530.9448	403.7999
835	531.4856	517.1332
836	532.0262	575.7999
837	532.5667	632.4666
838	533.1069	659.1332
839	533.6471	805.8
840	534.1871	821.8
841	534.727	681.4666
842	535.2667	689.1333
843	535.8062	723.8
844	536.3456	820.1333
845	536.8849	758.8
846	537.424	796.1333
847	537.963	862.8
848	538.5018	1020.133
849	539.0404	1033.467
850	539.5789	1089.467
851	540.1172	1136.467
852	540.6555	1230.467
853	541.1935	1280.467
854	541.7314	1317.133
855	542.2692	1351.8
856	542.8068	1409.133
857	543.3442	1408.467
858	543.8815	1501.133
859	544.4187	1439.133
860	544.9557	1407.133
861	545.4926	1547.8
862	546.0293	1710.467
863	546.5659	1773.8
864	547.1022	1678.133
865	547.6385	1643.467
866	548.1746	1646.8
867	548.7106	1658.8
868	549.2463	1721.8
869	549.782	1909.466
870	550.3175	1942.8
871	550.8528	1988.8
872	551.3881	1961.133
873	551.9232	2078.467
874	552.458	2022.8
875	552.9928	2043.8
876	553.5274	2050.133
877	554.0618	2167.133
878	554.5961	2184.133
879	555.1303	2154.467
880	555.6643	2111.467
881	556.1981	2065.133
882	556.7319	2165.8
883	557.2654	2133.133
884	557.7988	2110.133
885	558.332	2623.8
886	558.8652	2678.133
887	559.3981	2625.133
888	559.9309	1996.8
889	560.4636	1955.133
890	560.996	2056.8
891	561.5284	2030.466
892	562.0606	1965.8
893	562.5927	1828.133
894	563.1246	1844.133
895	563.6563	1841.467
896	564.1879	1898.467
897	564.7194	1850.467
898	565.2507	1807.8
899	565.7818	1709.8
900	566.3128	1700.467
901	566.8436	1673.467
902	567.3743	1916.133
903	567.9049	1887.466
904	568.4353	1887.133
905	568.9655	1599.133
906	569.4956	1524.467
907	570.0256	1600.467
908	570.5554	1584.467
909	571.085	1506.133
910	571.6145	1367.467
911	572.1439	1347.467
912	572.673	1373.467
913	573.2021	1318.8
914	573.731	1393.8
915	574.2597	1456.133
916	574.7883	1449.8
917	575.3167	1357.467
918	575.845	1313.133
919	576.3732	1269.133
920	576.9011	1264.8
921	577.429	1178.133
922	577.9567	1298.8
923	578.4842	1257.467
924	579.0116	1272.467
925	579.5388	1152.8
926	580.0659	1160.467
927	580.5928	1186.467
928	581.1196	1151.8
929	581.6463	1157.8
930	582.1727	1157.8
931	582.6991	1226.467
932	583.2253	1322.467
933	583.7513	1343.133
934	584.2772	1439.467
935	584.8029	1437.467
936	585.3285	1349.467
937	585.8539	1271.133
938	586.3792	1215.8
939	586.9044	1277.133
940	587.4293	1529.8
941	587.9542	1500.466
942	588.4788	1496.133
943	589.0034	1157.467
944	589.5277	1208.133
945	590.0519	1188.467
946	590.576	1226.133
947	591.1	1222.133
948	591.6237	1287.467
949	592.1473	1344.467
950	592.6708	1325.467
951	593.1942	1302.8
952	593.7173	1324.8
953	594.2404	1289.467
954	594.7632	1328.133
955	595.2859	1323.467
956	595.8085	1388.467
957	596.3309	1347.8
958	596.8531	1315.133
959	597.3753	1303.8
960	597.8973	1271.133
961	598.4191	1245.133
962	598.9407	1231.467
963	599.4622	1258.8
964	599.9836	1382.8
965	600.5048	1362.133
966	601.0259	1305.133
967	601.5468	1154.467
968	602.0676	1277.133
969	602.5881	1437.8
970	603.1086	1570.8
971	603.6289	1455.467
972	604.149	1547.133
973	604.6691	1444.8
974	605.1889	1466.133
975	605.7086	1629.133
976	606.2282	1620.8
977	606.7476	1568.466
978	607.2668	1188.133
979	607.7859	1127.133
980	608.3049	1050.467
981	608.8237	1043.8
982	609.3423	1135.8
983	609.8608	1165.133
984	610.3792	1181.467
985	610.8974	1085.133
986	611.4154	1091.133
987	611.9333	969.1333
988	612.451	1002.8
989	612.9686	980.1333
990	613.4861	1003.8
991	614.0034	937.4666
992	614.5205	986.8
993	615.0375	1017.8
994	615.5543	1373.8
995	616.071	1336.467
996	616.5876	1459.467
997	617.1039	1080.467
998	617.6202	1003.133
999	618.1363	854.4666
1000	618.6522	921.8
1001	619.168	947.8
1002	619.6836	886.4666
1003	620.1991	768.8
1004	620.7144	727.4666
1005	621.2296	717.8
1006	621.7446	719.4666
1007	622.2595	677.4666
1008	622.7742	687.8
1009	623.2888	702.4666
1010	623.8032	718.1333
1011	624.3175	1048.133
1012	624.8316	1021.467
1013	625.3456	1316.8
1014	625.8594	1061.467
1015	626.373	1119.133
1016	626.8865	899.4666
1017	627.3999	772.8
1018	627.9131	686.1333
1019	628.4262	657.1332
1020	628.9391	734.4666
1021	629.4519	825.1333
1022	629.9645	837.4666
1023	630.4769	735.1333
1024	630.9893	668.7999
1025	631.5014	612.1332
1026	632.0134	627.1332
1027	632.5253	698.4666
1028	633.037	623.1332
1029	633.5485	705.1333
1030	634.0599	687.1333
1031	634.5712	691.1333
1032	635.0823	698.4666
1033	635.5932	619.1332
1034	636.104	669.7999
1035	636.6146	537.7999
1036	637.1251	505.7999
1037	637.6355	518.7999
1038	638.1457	572.7999
1039	638.6557	612.1332
1040	639.1656	520.1332
1041	639.6754	601.1332
1042	640.1849	649.1332
1043	640.6943	696.1333
1044	641.2036	565.7999
1045	641.7128	458.7999
1046	642.2217	400.1333
1047	642.7306	378.7999
1048	643.2393	474.7999
1049	643.7477	952.8
1050	644.2562	958.1333
1051	644.7643	823.1333
1052	645.2725	615.1332
1053	645.7803	579.7999
1054	646.2881	683.1333
1055	646.7958	420.4666
1056	647.3032	497.7999
1057	647.8105	434.4666
1058	648.3177	459.7999
1059	648.8247	403.1333
1060	649.3315	429.1333
1061	649.8383	407.1333
1062	650.3448	423.1333
1063	650.8513	386.1333
1064	651.3575	354.4666
1065	651.8636	356.7999
1066	652.3696	338.4666
1067	652.8754	431.1333
1068	653.381	415.7999
1069	653.8865	532.1332
1070	654.3918	468.4666
1071	654.897	466.7999
1072	655.4021	326.1333
1073	655.907	271.1333
1074	656.4117	627.1332
1075	656.9163	635.4666
1076	657.4208	727.1333
1077	657.925	351.1333
1078	658.4292	359.7999
1079	658.9332	286.4666
1080	659.437	239.7999
1081	659.9407	205.1333
1082	660.4442	218.4666
1083	660.9476	255.7999
1084	661.4508	227.7999
1085	661.9539	275.7999
1086	662.4568	330.4666
1087	662.9596	357.4666
1088	663.4622	300.7999
1089	663.9647	216.7999
1090	664.467	240.4666
1091	664.9692	255.7999
1092	665.4712	267.7999
1093	665.9731	239.7999
1094	666.4748	349.7999
1095	666.9763	407.1333
1096	667.4777	385.7999
1097	667.979	232.7999
1098	668.4801	190.1333
1099	668.9811	207.1333
1100	669.4819	241.4666
1101	669.9825	224.1333
1102	670.483	224.4666
1103	670.9833	233.1333
1104	671.4836	184.4666
1105	671.9836	231.7999
1106	672.4835	401.1333
1107	672.9832	483.4666
1108	673.4828	424.7999
1109	673.9822	232.7999
1110	674.4816	142.7999
1111	674.9807	141.7999
1112	675.4797	159.7999
1113	675.9785	178.7999
1114	676.4772	161.7999
1115	676.9757	184.1333
1116	677.4741	226.1333
1117	677.9723	235.1333
1118	678.4704	144.4666
1119	678.9683	70.13326
1120	679.4661	47.46659
1121	679.9637	104.1333
1122	680.4611	221.4666
1123	680.9584	224.4666
1124	681.4556	190.7999
1125	681.9526	99.13326
1126	682.4495	71.13326
1127	682.9462	65.79993
1128	683.4427	116.4666
1129	683.9391	153.7999
1130	684.4354	147.7999
1131	684.9315	151.1333
1132	685.4274	129.4666
1133	685.9232	83.13326
1134	686.4189	397.1333
1135	686.9144	454.4666
1136	687.4097	465.4666
1137	687.9049	235.4666
1138	688.4	207.7999
1139	688.8948	282.1333
1140	689.3896	161.4666
1141	689.8842	178.4666
1142	690.3786	164.1333
1143	690.8729	122.7999
1144	691.367	80.13326
1145	691.861	98.13326
1146	692.3548	188.7999
1147	692.8484	262.4666
1148	693.342	185.1333
1149	693.8353	76.46659
1150	694.3286	31.13326
1151	694.8216	3.799927
1152	695.3145	27.13326
1153	695.8073	102.4666
1154	696.2999	195.1333
1155	696.7924	261.1333
1156	697.2847	123.1333
1157	697.7768	11.79993
1158	698.2688	0.0001
1159	698.7606	73.46659
1160	699.2523	134.7999
1161	699.7439	114.4666
1162	700.2353	93.46659
1163	700.7265	21.13326
1164	701.2176	61.13326
1165	701.7085	0.0001
1166	702.1993	61.13326
1167	702.6899	64.79993
1168	703.1804	92.79993
1169	703.6707	170.7999
1170	704.1609	71.79993
1171	704.6509	157.1333
1172	705.1408	20.79993
1173	705.6305	29.46659
1174	706.1201	0.0001
1175	706.6095	28.13326
1176	707.0988	54.13326
1177	707.5879	31.79993
1178	708.0768	43.13326
1179	708.5656	489.1333
1180	709.0543	501.1333
1181	709.5428	457.4666
1182	710.0311	73.13326
1183	710.5193	68.46659
1184	711.0074	35.13326
1185	711.4953	0.0001
1186	711.983	15.46659
1187	712.4706	21.13326
1188	712.9581	146.4666
1189	713.4453	90.79993
1190	713.9324	57.46659
1191	714.4194	0.0001
1192	714.9063	158.7999
1193	715.3929	545.4666
1194	715.8795	625.7999
1195	716.3658	459.1333
1196	716.8521	79.79993
1197	717.3381	347.4666
1198	717.824	388.1333
1199	718.3098	418.7999
1200	718.7954	86.13326
1201	719.2809	0.0001
1202	719.7662	0.0001
1203	720.2513	0.0001
1204	720.7363	11.79993
1205	721.2212	71.79993
1206	721.7059	42.13326
1207	722.1904	0.0001
1208	722.6748	0.0001
1209	723.1591	66.13326
1210	723.6431	189.1333
1211	724.1271	232.7999
1212	724.6108	107.4666
1213	725.0945	26.13326
1214	725.5779	0.7999268
1215	726.0613	51.13326
1216	726.5444	68.79993
1217	727.0275	50.46659
1218	727.5103	0.0001
1219	727.993	0.0001
1220	728.4756	0.0001
1221	728.958	34.46659
1222	729.4403	119.7999
1223	729.9224	69.46659
1224	730.4044	48.79993
1225	730.8862	0.0001
1226	731.3678	0.0001
1227	731.8493	0.0001
1228	732.3306	36.79993
1229	732.8118	21.13326
1230	733.2928	14.46659
1231	733.7737	0.0001
1232	734.2545	87.79993
1233	734.7351	27.79993
1234	735.2155	106.4666
1235	735.6958	32.13326
1236	736.1759	78.13326
1237	736.6559	0.0001
1238	737.1357	0.0001
1239	737.6154	0.0001
1240	738.0949	9.799927
1241	738.5742	0.0001
1242	739.0535	0.0001
1243	739.5325	0.0001
1244	740.0114	0.0001
1245	740.4902	0.0001
1246	740.9688	0.0001
1247	741.4472	0.0001
1248	741.9255	19.46659
1249	742.4036	22.13326
1250	742.8817	23.13326
1251	743.3595	0.0001
1252	743.8372	0.0001
1253	744.3147	0.0001
1254	744.7921	144.4666
1255	745.2693	155.7999
1256	745.7464	183.7999
1257	746.2233	13.13326
1258	746.7001	15.13326
1259	747.1767	286.7999
1260	747.6531	325.7999
1261	748.1295	344.4666
1262	748.6056	0.0001
1263	749.0816	0.0001
1264	749.5575	0.0001
1265	750.0332	0.0001
1266	750.5087	0.0001
1267	750.9841	0.0001
1268	751.4594	27.13326
1269	751.9344	43.46659
1270	752.4094	0.0001
1271	752.8842	0.0001
1272	753.3588	0.0001
1273	753.8333	0.0001
1274	754.3076	0.0001
1275	754.7818	0.0001
1276	755.2558	127.1333
1277	755.7297	303.4666
1278	756.2034	440.7999
1279	756.6769	353.7999
1280	757.1503	174.7999
1281	757.6236	0.0001
1282	758.0967	0.0001
1283	758.5696	0.0001
1284	759.0425	0.0001
1285	759.5151	0.0001
1286	759.9876	318.7999
1287	760.46	349.4666
1288	760.9321	346.4666
1289	761.4042	0.0001
1290	761.876	0.0001
1291	762.3478	0.0001
1292	762.8193	0.0001
1293	763.2908	0.0001
1294	763.762	0.0001
1295	764.2332	0.0001
1296	764.7042	0.0001
1297	765.1749	0.0001
1298	765.6456	0.0001
1299	766.1161	0.0001
1300	766.5865	0.0001
1301	767.0566	0.0001
1302	767.5267	0.4665934
1303	767.9966	71.79993
1304	768.4664	63.13326
1305	768.9359	33.79993
1306	769.4054	0.0001
1307	769.8746	0.0001
1308	770.3438	0.0001
1309	770.8127	0.0001
1310	771.2816	0.0001
1311	771.7502	0.0001
1312	772.2188	176.1333
1313	772.6871	78.79993
1314	773.1553	197.4666
1315	773.6234	117.1333
1316	774.0913	135.7999
1317	774.5591	48.79993
1318	775.0267	0.0001
1319	775.4941	0.0001
1320	775.9614	0.0001
1321	776.4286	0.0001
1322	776.8956	0.0001
1323	777.3624	0.0001
1324	777.829	5.466593
1325	778.2956	27.13326
1326	778.762	10.79993
1327	779.2282	1.466593
1328	779.6943	40.13326
1329	780.1602	26.46659
1330	780.626	73.79993
1331	781.0916	70.79993
1332	781.557	28.79993
1333	782.0223	873.7999
1334	782.4875	824.7998
1335	782.9525	905.4665
1336	783.4173	23.13326
1337	783.882	0.0001
1338	784.3466	0.0001
1339	784.8109	0.0001
1340	785.2751	0.0001
1341	785.7393	0.0001
1342	786.2032	0.0001
1343	786.6669	0.0001
1344	787.1306	0.0001
1345	787.5941	0.0001
1346	788.0574	0.0001
1347	788.5205	0.0001
1348	788.9835	175.4666
1349	789.4464	210.7999
1350	789.9091	326.1333
1351	790.3716	22.46659
1352	790.834	43.79993
1353	791.2963	5.799927
1354	791.7584	0.0001
1355	792.2203	0.0001
1356	792.6821	0.0001
1357	793.1437	0.0001
1358	793.6052	15.46659
1359	794.0665	406.1333
1360	794.5276	390.1333
1361	794.9887	315.7999
1362	795.4495	0.0001
1363	795.9103	0.0001
1364	796.3708	0.0001
1365	796.8312	0.0001
1366	797.2914	0.0001
1367	797.7515	0.0001
1368	798.2115	0.0001
1369	798.6713	0.0001
1370	799.1309	0.0001
1371	799.5904	0.0001
1372	800.0497	0.0001
1373	800.5089	0.0001
1374	800.968	0.0001
1375	801.4268	0.0001
1376	801.8855	10.46659
1377	802.3441	0.0001
1378	802.8025	0.0001
1379	803.2607	0.0001
1380	803.7189	0.0001
1381	804.1768	0.0001
1382	804.6346	0.0001
1383	805.0922	0.0001
1384	805.5497	0.0001
1385	806.0071	0.0001
1386	806.4642	0.0001
1387	806.9213	0.0001
1388	807.3782	0.0001
1389	807.8349	0.0001
1390	808.2914	0.0001
1391	808.7479	0.0001
1392	809.2041	0.0001
1393	809.6602	0.0001
1394	810.1161	0.0001
1395	810.572	0.0001
1396	811.0276	0.0001
1397	811.4831	29.13326
1398	811.9385	16.13326
1399	812.3937	0.0001
1400	812.8487	0.0001
1401	813.3036	0.0001
1402	813.7583	0.0001
1403	814.2128	0.0001
1404	814.6673	0.0001
1405	815.1215	0.0001
1406	815.5757	0.0001
1407	816.0296	0.0001
1408	816.4834	0.0001
1409	816.9371	0.0001
1410	817.3906	0.0001
1411	817.8439	74.46659
1412	818.2971	135.1333
1413	818.7501	48.13326
1414	819.203	99.79993
1415	819.6558	22.79993
1416	820.1083	0.0001
1417	820.5607	0.0001
1418	821.013	0.0001
1419	821.4651	0.0001
1420	821.9171	0.0001
1421	822.3689	0.0001
1422	822.8206	74.79993
1423	823.2721	214.7999
1424	823.7234	248.4666
1425	824.1746	159.1333
1426	824.6257	56.46659
1427	825.0765	57.79993
1428	825.5273	0.0001
1429	825.9778	0.0001
1430	826.4283	0.0001
1431	826.8785	0.0001
1432	827.3287	0.0001
1433	827.7786	0.0001
1434	828.2285	0.0001
1435	828.6781	0.0001
1436	829.1276	0.0001
1437	829.577	0.0001
1438	830.0261	0.0001
1439	830.4752	0.0001
1440	830.9241	0.0001
1441	831.3728	41.46659
1442	831.8214	277.7999
1443	832.2698	279.4666
1444	832.7181	199.4666
1445	833.1662	6.799927
1446	833.6141	21.46659
1447	834.062	0.0001
1448	834.5096	0.0001
1449	834.9572	0.0001
1450	835.4045	114.4666
1451	835.8517	230.4666
1452	836.2987	329.7999
1453	836.7456	95.79993
1454	837.1923	22.46659
1455	837.6389	0.0001
1456	838.0853	0.0001
1457	838.5316	0.0001
1458	838.9777	36.13326
1459	839.4237	140.4666
1460	839.8695	135.4666
1461	840.3152	46.13326
1462	840.7607	0.0001
1463	841.206	0.0001
1464	841.6512	154.1333
1465	842.0963	129.4666
1466	842.5411	276.4666
1467	842.9859	42.46659
1468	843.4305	73.13326
1469	843.8749	0.0001
1470	844.3192	0.0001
1471	844.7632	0.0001
1472	845.2072	0.0001
1473	845.6511	0.0001
1474	846.0947	0.0001
1475	846.5382	0.0001
1476	846.9816	0.0001
1477	847.4247	0.0001
1478	847.8678	0.0001
1479	848.3107	0.0001
1480	848.7534	0.0001
1481	849.196	0.0001
1482	849.6384	0.0001
1483	850.0807	0.0001
1484	850.5228	0.0001
1485	850.9647	122.1333
1486	851.4066	86.46659
1487	851.8482	31.79993
1488	852.2897	0.0001
1489	852.7311	0.0001
1490	853.1722	39.13326
1491	853.6133	0.0001
1492	854.0541	0.0001
1493	854.4949	0.0001
1494	854.9355	0.0001
1495	855.3759	0.0001
1496	855.8162	0.0001
1497	856.2563	0.0001
1498	856.6962	76.46659
1499	857.136	0.0001
1500	857.5757	142.4666
1501	858.0152	73.79993
1502	858.4545	86.46659
1503	858.8937	0.0001
1504	859.3328	0.0001
1505	859.7716	0.0001
1506	860.2103	0.0001
1507	860.6489	57.79993
1508	861.0873	80.46659
1509	861.5256	0.0001
1510	861.9637	0.0001
1511	862.4017	0.0001
1512	862.8395	0.0001
1513	863.2771	0.0001
1514	863.7146	0.0001
1515	864.1519	0.0001
1516	864.5891	0.0001
1517	865.0261	0.0001
1518	865.463	100.1333
1519	865.8997	0.0001
1520	866.3363	0.0001
1521	866.7727	0.0001
1522	867.209	0.0001
1523	867.6451	0.0001
1524	868.081	0.0001
1525	868.5168	0.0001
1526	868.9525	0.0001
1527	869.3879	0.0001
1528	869.8232	0.0001
1529	870.2584	0.0001
1530	870.6935	0.0001
1531	871.1284	0.0001
1532	871.563	0.0001
1533	871.9976	0.0001
1534	872.432	7.799927
1535	872.8663	0.0001
1536	873.3004	80.13326
1537	873.7343	121.4666
1538	874.1681	93.46659
1539	874.6017	0.0001
1540	875.0352	0.0001
1541	875.4685	0.0001
1542	875.9017	0.0001
1543	876.3347	0.0001
1544	876.7676	0.0001
1545	877.2003	0.0001
1546	877.6328	0.0001
1547	878.0652	0.0001
1548	878.4974	78.46659
1549	878.9296	38.46659
1550	879.3615	116.4666
1551	879.7933	67.13326
1552	880.2249	205.1333
1553	880.6564	123.7999
1554	881.0877	35.13326
1555	881.5189	0.0001
1556	881.9498	0.0001
1557	882.3807	0.0001
1558	882.8114	0.0001
1559	883.2419	0.0001
1560	883.6723	293.7999
1561	884.1025	272.1333
1562	884.5327	256.4666
1563	884.9626	0.0001
1564	885.3923	93.79993
1565	885.822	138.1333
1566	886.2514	28.79993
1567	886.6807	0.0001
1568	887.1099	0.0001
1569	887.5389	0.0001
1570	887.9677	0.0001
1571	888.3964	0.0001
1572	888.825	0.0001
1573	889.2533	65.13326
1574	889.6815	60.46659
1575	890.1096	0.0001
1576	890.5375	0.0001
1577	890.9653	0.0001
1578	891.3929	0.0001
1579	891.8204	59.13326
1580	892.2477	0.0001
1581	892.6748	0.0001
1582	893.1018	197.1333
1583	893.5286	254.1333
1584	893.9553	277.7999
1585	894.3818	0.0001
1586	894.8082	0.0001
1587	895.2344	0.0001
1588	895.6605	0.0001
1589	896.0864	0.0001
1590	896.5121	0.0001
1591	896.9377	0.0001
1592	897.3632	384.4666
1593	897.7885	828.4666
1594	898.2136	812.4666
1595	898.6385	405.1333
1596	899.0634	0.0001
1597	899.488	0.0001
1598	899.9125	0.0001
1599	900.3369	0.0001
1600	900.7611	0.0001
1601	901.1852	0.0001
1602	901.6091	0.0001
1603	902.0328	0.0001
1604	902.4564	0.0001
1605	902.8798	0.0001
1606	903.303	0.0001
1607	903.7262	0.0001
1608	904.1492	0.0001
1609	904.572	0.0001
1610	904.9946	0.0001
1611	905.4171	0.0001
1612	905.8395	16.79993
1613	906.2617	0.0001
1614	906.6837	0.0001
1615	907.1056	0.0001
1616	907.5273	0.0001
1617	907.9489	1.799927
1618	908.3703	0.0001
1619	908.7915	0.0001
1620	909.2126	0.0001
1621	909.6336	0.0001
1622	910.0544	0.0001
1623	910.475	0.0001
1624	910.8955	0.0001
1625	911.3159	0.0001
1626	911.736	0.0001
1627	912.1561	0.0001
1628	912.5759	0.0001
1629	912.9956	165.7999
1630	913.4152	119.7999
1631	913.8346	107.4666
1632	914.2538	0.0001
1633	914.6729	0.0001
1634	915.0919	0.0001
1635	915.5106	0.0001
1636	915.9293	0.0001
1637	916.3477	0.0001
1638	916.7661	0.0001
1639	917.1842	0.0001
1640	917.6022	0.0001
1641	918.0201	0.0001
1642	918.4377	0.0001
1643	918.8553	0.0001
1644	919.2727	0.0001
1645	919.6899	0.0001
1646	920.107	0.0001
1647	920.5239	17.46659
1648	920.9407	39.46659
1649	921.3573	23.79993
1650	921.7737	0.0001
1651	922.19	0.0001
1652	922.6062	0.0001
1653	923.0222	0.0001
1654	923.438	0.0001
1655	923.8537	0.0001
1656	924.2692	0.0001
1657	924.6846	0.0001
1658	925.0998	0.0001
1659	925.5148	93.46659
1660	925.9297	77.13326
1661	926.3445	84.13326
1662	926.7591	0.0001
1663	927.1735	0.0001
1664	927.5878	0.0001
1665	928.002	0.0001
1666	928.4159	0.0001
1667	928.8297	0.0001
1668	929.2434	109.1333
1669	929.6569	88.46659
1670	930.0703	403.7999
1671	930.4835	266.4666
1672	930.8965	269.1333
1673	931.3094	0.0001
1674	931.7221	0.0001
1675	932.1347	0.0001
1676	932.5471	0.0001
1677	932.9594	0.0001
1678	933.3715	0.0001
1679	933.7834	0.0001
1680	934.1953	0.0001
1681	934.6069	0.0001
1682	935.0184	0.0001
1683	935.4297	0.0001
1684	935.8409	0.0001
1685	936.2519	0.0001
1686	936.6628	0.0001
1687	937.0735	0.0001
1688	937.484	0.0001
1689	937.8944	0.0001
1690	938.3047	0.0001
1691	938.7148	0.0001
1692	939.1247	0.0001
1693	939.5345	262.4666
1694	939.9441	407.1333
1695	940.3536	363.4666
1696	940.7629	111.7999
1697	941.1721	25.13326
1698	941.5811	115.1333
1699	941.9899	0.0001
1700	942.3986	0.0001
1701	942.8071	0.0001
1702	943.2155	61.46659
1703	943.6237	97.46659
1704	944.0318	81.79993
1705	944.4397	0.0001
1706	944.8475	0.0001
1707	945.2551	0.0001
1708	945.6625	0.0001
1709	946.0698	0.0001
1710	946.4769	0.0001
1711	946.8839	0.0001
1712	947.2908	0.0001
1713	947.6974	0.0001
1714	948.1039	0.0001
1715	948.5103	0.0001
1716	948.9165	44.13326
1717	949.3226	105.1333
1718	949.7285	33.13326
1719	950.1342	0.0001
1720	950.5397	0.0001
1721	950.9452	0.0001
1722	951.3505	0.0001
1723	951.7556	0.0001
1724	952.1605	43.46659
1725	952.5653	0.0001
1726	952.97	0.0001
1727	953.3745	0.0001
1728	953.7788	0.0001
1729	954.183	0.0001
1730	954.587	0.0001
1731	954.9909	0.0001
1732	955.3946	0.0001
1733	955.7982	0.0001
1734	956.2015	0.0001
1735	956.6048	0.0001
1736	957.0079	0.0001
1737	957.4108	0.0001
1738	957.8136	111.7999
1739	958.2162	0.0001
1740	958.6187	0.0001
1741	959.0211	0.0001
1742	959.4232	0.0001
1743	959.8252	135.7999
1744	960.2271	251.1333
1745	960.6287	247.1333
1746	961.0303	17.13326
1747	961.4316	0.0001
1748	961.8329	0.0001
1749	962.2339	0.0001
1750	962.6348	0.0001
1751	963.0356	0.0001
1752	963.4362	0.0001
1753	963.8367	0.0001
1754	964.2369	0.0001
1755	964.6371	0.0001
1756	965.037	0.0001
1757	965.4369	92.46659
1758	965.8365	78.13326
1759	966.236	0.0001
1760	966.6354	0.0001
1761	967.0346	0.0001
1762	967.4337	0.0001
1763	967.8325	0.0001
1764	968.2313	0.0001
1765	968.6298	0.0001
1766	969.0283	0.0001
1767	969.4265	0.0001
1768	969.8246	0.0001
1769	970.2226	0.0001
1770	970.6204	0.0001
1771	971.018	0.0001
1772	971.4155	13.46659
1773	971.8128	92.46659
1774	972.21	24.46659
1775	972.607	0.0001
1776	973.0039	0.0001
1777	973.4006	0.0001
1778	973.7971	0.0001
1779	974.1935	470.7999
1780	974.5898	556.4666
1781	974.9858	441.4666
1782	975.3818	54.13326
1783	975.7775	63.13326
1784	976.1732	41.46659
1785	976.5686	0.0001
1786	976.9639	72.46659
1787	977.3591	35.46659
1788	977.754	0.0001
1789	978.1489	0.0001
1790	978.5436	0.0001
1791	978.938	48.46659
1792	979.3325	93.79993
1793	979.7266	74.46659
1794	980.1207	163.7999
1795	980.5146	43.13326
1796	980.9083	49.79993
1797	981.3019	0.0001
1798	981.6954	0.0001
1799	982.0886	1.13326
1800	982.4818	70.79993
1801	982.8747	0.0001
1802	983.2675	0.0001
1803	983.6602	32.46659
1804	984.0527	40.46659
1805	984.445	45.13326
1806	984.8372	0.0001
1807	985.2292	0.0001
1808	985.621	0.0001
1809	986.0128	0.0001
1810	986.4044	0.0001
1811	986.7957	0.0001
1812	987.187	0.0001
1813	987.5781	0.0001
1814	987.969	0.0001
1815	988.3597	49.79993
1816	988.7504	132.7999
1817	989.1409	57.13326
1818	989.5311	0.0001
1819	989.9213	0.0001
1820	990.3113	44.46659
1821	990.7011	59.46659
1822	991.0908	8.13326
1823	991.4803	0.0001
1824	991.8697	0.0001
1825	992.2589	0.0001
1826	992.648	111.7999
1827	993.0369	178.1333
1828	993.4257	178.7999
1829	993.8142	0.0001
1830	994.2026	61.13326
1831	994.5909	75.13326
1832	994.9791	176.4666
1833	995.367	0.0001
1834	995.7548	0.0001
1835	996.1425	0.0001
1836	996.53	0.0001
1837	996.9173	0.0001
1838	997.3045	0.0001
1839	997.6915	0.0001
1840	998.0784	0.0001
1841	998.4651	12.46659
1842	998.8516	113.7999
1843	999.238	115.7999
1844	999.6243	68.79993
1845	1000.01	50.79993
1846	1000.396	63.46659
1847	1000.782	0.0001
1848	1001.168	0.0001
1849	1001.553	329.4666
1850	1001.938	423.4666
1851	1002.324	414.7999
1852	1002.709	0.0001
1853	1003.093	0.0001
1854	1003.478	0.0001
1855	1003.863	0.0001
1856	1004.247	0.0001
1857	1004.631	0.0001
1858	1005.015	0.0001
1859	1005.399	0.0001
1860	1005.783	0.0001
1861	1006.167	0.0001
1862	1006.55	0.0001
1863	1006.933	0.0001
1864	1007.316	0.0001
1865	1007.699	12.79993
1866	1008.082	10.46659
1867	1008.465	0.0001
1868	1008.847	0.0001
1869	1009.23	0.0001
1870	1009.612	0.0001
1871	1009.994	0.0001
1872	1010.376	0.0001
1873	1010.757	0.0001
1874	1011.139	0.0001
1875	1011.52	0.0001
1876	1011.901	0.0001
1877	1012.283	0.0001
1878	1012.664	0.0001
1879	1013.044	0.0001
1880	1013.425	0.0001
1881	1013.805	0.0001
1882	1014.186	0.0001
1883	1014.566	0.0001
1884	1014.946	0.0001
1885	1015.326	0.0001
1886	1015.705	0.0001
1887	1016.085	0.0001
1888	1016.464	39.13326
1889	1016.843	62.46659
1890	1017.222	4.466593
1891	1017.601	0.0001
1892	1017.98	0.0001
1893	1018.359	0.0001
1894	1018.737	0.0001
1895	1019.115	0.0001
1896	1019.493	0.0001
1897	1019.871	0.0001
1898	1020.249	0.0001
1899	1020.627	0.0001
1900	1021.004	0.0001
1901	1021.382	0.0001
1902	1021.759	29.13326
1903	1022.136	47.13326
1904	1022.513	0.0001
1905	1022.889	0.0001
1906	1023.266	0.0001
1907	1023.642	0.0001
1908	1024.018	0.0001
1909	1024.395	0.0001
1910	1024.77	40.46659
1911	1025.146	4.13326
1912	1025.522	18.79993
1913	1025.897	20.46659
1914	1026.272	23.13326
1915	1026.648	0.0001
1916	1027.023	0.0001
1917	1027.397	0.0001
1918	1027.772	29.79993
1919	1028.146	0.0001
1920	1028.521	0.0001
1921	1028.895	0.0001
1922	1029.269	0.0001
1923	1029.643	0.0001
1924	1030.017	0.0001
1925	1030.39	0.0001
1926	1030.764	0.0001
1927	1031.137	0.0001
1928	1031.51	0.0001
1929	1031.883	0.0001
1930	1032.256	334.7999
1931	1032.628	605.7999
1932	1033.001	485.7999
1933	1033.373	201.7999
1934	1033.745	0.0001
1935	1034.117	0.0001
1936	1034.489	0.0001
1937	1034.861	0.0001
1938	1035.232	0.0001
1939	1035.604	0.0001
1940	1035.975	0.0001
1941	1036.346	0.0001
1942	1036.717	0.0001
1943	1037.088	265.7999
1944	1037.458	254.4666
1945	1037.828	246.4666
1946	1038.199	0.0001
1947	1038.569	0.0001
1948	1038.939	0.0001
1949	1039.309	0.0001
1950	1039.678	0.0001
1951	1040.048	0.0001
1952	1040.417	0.0001
1953	1040.786	0.0001
1954	1041.155	0.0001
1955	1041.524	0.0001
1956	1041.893	0.0001
1957	1042.261	0.0001
1958	1042.63	0.0001
1959	1042.998	0.0001
1960	1043.366	0.0001
1961	1043.734	0.0001
1962	1044.102	0.0001
1963	1044.469	0.0001
1964	1044.837	0.0001
1965	1045.204	0.0001
1966	1045.571	0.0001
1967	1045.938	0.0001
1968	1046.305	0.0001
1969	1046.672	0.0001
1970	1047.038	0.0001
1971	1047.404	0.0001
1972	1047.771	0.0001
1973	1048.136	0.0001
1974	1048.502	54.79993
1975	1048.868	49.46659
1976	1049.234	13.13326
1977	1049.599	0.0001
1978	1049.964	0.0001
1979	1050.329	0.0001
1980	1050.694	82.79993
1981	1051.059	178.1333
1982	1051.424	202.7999
1983	1051.788	0.0001
1984	1052.152	0.0001
1985	1052.516	0.0001
1986	1052.88	93.79993
1987	1053.244	110.4666
1988	1053.608	123.4666
1989	1053.971	145.7999
1990	1054.335	157.1333
1991	1054.698	290.4666
1992	1055.061	109.7999
1993	1055.424	44.46659
1994	1055.787	44.46659
1995	1056.149	59.79993
1996	1056.512	170.4666
1997	1056.874	0.0001
1998	1057.236	0.0001
1999	1057.598	0.0001
2000	1057.96	0.0001
2001	1058.321	0.0001
2002	1058.683	0.0001
2003	1059.044	0.0001
2004	1059.405	40.13326
2005	1059.766	91.79993
2006	1060.127	43.46659
2007	1060.488	0.0001
2008	1060.848	0.0001
2009	1061.209	0.0001
2010	1061.569	15.79993
2011	1061.929	69.46659
2012	1062.289	40.46659
2013	1062.648	0.0001
2014	1063.008	58.46659
2015	1063.367	487.7999
2016	1063.727	605.4666
2017	1064.086	468.4666
2018	1064.445	116.1333
2019	1064.804	0.0001
2020	1065.162	0.0001
2021	1065.521	282.1333
2022	1065.879	323.4666
2023	1066.237	318.7999
2024	1066.595	0.0001
2025	1066.953	0.0001
2026	1067.311	0.0001
2027	1067.668	0.0001
2028	1068.026	0.0001
2029	1068.383	0.0001
2030	1068.74	0.0001
2031	1069.097	0.0001
2032	1069.453	0.0001
2033	1069.81	0.0001
2034	1070.166	2.13326
2035	1070.523	0.0001
2036	1070.879	0.0001
2037	1071.235	0.0001
2038	1071.591	0.0001
2039	1071.946	36.79993
2040	1072.302	71.46659
2041	1072.657	118.1333
2042	1073.012	15.13326
2043	1073.367	35.13326
2044	1073.722	0.0001
2045	1074.077	0.0001
2046	1074.431	0.0001
2047	1074.786	10.79993
