0	28.36968	423.7751
1	29.03326	231.3668
2	29.69669	0.0001
3	30.35998	0.0001
4	31.02312	0.0001
5	31.68612	0.0001
6	32.34897	0.0001
7	33.01168	0.0001
8	33.67424	0.0001
9	34.33666	0.0001
10	34.99894	0.0001
11	35.66106	0.0001
12	36.32305	0.0001
13	36.98489	0.0001
14	37.64658	0.0001
15	38.30814	1016.55
16	38.96954	1172.884
17	39.6308	1213.884
18	40.29192	0.0001
19	40.95289	0.0001
20	41.61372	0.0001
21	42.2744	0.0001
22	42.93494	0.0001
23	43.59533	8.216838
24	44.25558	0.0001
25	44.91568	693.8835
26	45.57564	682.8835
27	46.23545	703.8836
28	46.89512	0.0001
29	47.55465	0.0001
30	48.21402	0.0001
31	48.87326	86.21684
32	49.53235	23.55017
33	50.1913	31.8835
34	50.85009	0.0001
35	51.50875	0.0001
36	52.16726	0.0001
37	52.82563	0.0001
38	53.48384	0.0001
39	54.14192	48.21684
40	54.79985	29.21684
41	55.45764	0.0001
42	56.11528	0.0001
43	56.77278	0.0001
44	57.43013	0.0001
45	58.08733	0.0001
46	58.7444	164.5502
47	59.40131	186.2168
48	60.05809	534.8835
49	60.71471	238.8835
50	61.3712	220.5502
51	62.02753	0.0001
52	62.68372	0.0001
53	63.33977	0.0001
54	63.99567	0.0001
55	64.65143	92.88351
56	65.30704	68.21684
57	65.96251	161.5502
58	66.61784	190.8835
59	67.27301	172.5502
60	67.92805	0.0001
61	68.58293	7.550171
62	69.23768	77.21684
63	69.89227	150.2168
64	70.54672	0.0001
65	71.20103	0.0001
66	71.85519	0.0001
67	72.50922	80.55017
68	73.16309	32.55017
69	73.81681	0.0001
70	74.4704	0.0001
71	75.12383	0.0001
72	75.77712	24.8835
73	76.43027	0.0001
74	77.08327	0.0001
75	77.73613	0.0001
76	78.38884	0.0001
77	79.04141	0.0001
78	79.69383	11.55017
79	80.34611	30.21684
80	80.99824	9.216838
81	81.65022	56.21684
82	82.30207	131.2168
83	82.95377	220.2168
84	83.60532	167.2168
85	84.25672	55.21684
86	84.90798	0.0001
87	85.5591	0.0001
88	86.21007	0.0001
89	86.86089	0.0001
90	87.51157	2.883504
91	88.16211	0.0001
92	88.8125	0.0001
93	89.46274	0.0001
94	90.11284	0.0001
95	90.76279	0.0001
96	91.41261	35.21684
97	92.06227	21.21684
98	92.71178	38.55017
99	93.36116	0.0001
100	94.01038	0.0001
101	94.65947	0.0001
102	95.30841	0.0001
103	95.9572	0.0001
104	96.60584	0.0001
105	97.25435	0.0001
106	97.9027	0.0001
107	98.55092	0.0001
108	99.19898	0.0001
109	99.8469	0.0001
110	100.4947	0.0001
111	101.1423	508.2168
112	101.7898	535.5502
113	102.4371	493.2168
114	103.0843	56.21684
115	103.7314	25.55017
116	104.3783	70.21684
117	105.025	0.0001
118	105.6716	0.0001
119	106.3181	0.0001
120	106.9644	0.0001
121	107.6106	0.0001
122	108.2566	0.0001
123	108.9025	0.0001
124	109.5483	0.0001
125	110.1939	0.0001
126	110.8393	237.8835
127	111.4846	103.2168
128	112.1298	369.2168
129	112.7748	115.2168
130	113.4197	334.5502
131	114.0644	95.55017
132	114.709	100.5502
133	115.3534	5.216837
134	115.9977	0.0001
135	116.6418	0.0001
136	117.2858	0.0001
137	117.9297	0.0001
138	118.5734	0.0001
139	119.2169	0.0001
140	119.8603	0.0001
141	120.5036	0.0001
142	121.1467	0.0001
143	121.7897	0.0001
144	122.4325	0.0001
145	123.0752	0.0001
146	123.7178	0.0001
147	124.3602	0.0001
148	125.0024	0.0001
149	125.6445	0.0001
150	126.2865	0.0001
151	126.9283	0.0001
152	127.5699	0.0001
153	128.2115	0.0001
154	128.8528	0.0001
155	129.4941	0.0001
156	130.1351	67.21684
157	130.7761	170.2168
158	131.4169	568.8835
159	132.0575	439.8835
160	132.698	289.8835
161	133.3384	0.0001
162	133.9786	0.0001
163	134.6187	0.0001
164	135.2586	0.0001
165	135.8984	0.0001
166	136.538	0.0001
167	137.1775	0.0001
168	137.8168	30.8835
169	138.456	0.0001
170	139.095	0.0001
171	139.7339	0.0001
172	140.3727	0.0001
173	141.0113	0.0001
174	141.6498	0.0001
175	142.2881	0.0001
176	142.9263	0.0001
177	143.5643	46.21684
178	144.2022	64.88351
179	144.8399	45.21684
180	145.4775	68.21684
181	146.1149	30.55017
182	146.7522	0.0001
183	147.3894	0.0001
184	148.0264	0.0001
185	148.6632	0.0001
186	149.3	0.0001
187	149.9365	0.0001
188	150.5729	0.0001
189	151.2092	0.0001
190	151.8454	0.0001
191	152.4813	49.55017
192	153.1172	145.5502
193	153.7529	45.21684
194	154.3884	104.2168
195	155.0238	0.0001
196	155.6591	0.0001
197	156.2942	0.0001
198	156.9291	0.0001
199	157.564	56.8835
200	158.1986	39.55017
201	158.8332	0.0001
202	159.4675	0.0001
203	160.1018	0.0001
204	160.7359	0.0001
205	161.3698	0.0001
206	162.0036	0.0001
207	162.6373	18.55017
208	163.2708	0.0001
209	163.9041	5.216837
210	164.5373	0.0001
211	165.1704	0.0001
212	165.8033	0.0001
213	166.4361	0.0001
214	167.0687	0.0001
215	167.7012	0.0001
216	168.3335	0.0001
217	168.9657	0.0001
218	169.5978	0.0001
219	170.2297	0.0001
220	170.8614	0.0001
221	171.493	0.0001
222	172.1245	0.0001
223	172.7558	0.0001
224	173.387	0.0001
225	174.018	45.8835
226	174.6489	0.0001
227	175.2796	0.0001
228	175.9102	0.0001
229	176.5406	12.8835
230	177.1709	60.21684
231	177.8011	25.8835
232	178.4311	0.0001
233	179.0609	0.0001
234	179.6906	0.0001
235	180.3202	58.55017
236	180.9496	47.8835
237	181.5789	27.21684
238	182.208	0.0001
239	182.837	0.0001
240	183.4658	0.0001
241	184.0945	0.0001
242	184.723	0.0001
243	185.3514	0.0001
244	185.9797	0.0001
245	186.6078	0.0001
246	187.2357	0.0001
247	187.8635	0.0001
248	188.4912	0.0001
249	189.1187	0.0001
250	189.7461	0.0001
251	190.3733	0.0001
252	191.0004	0.0001
253	191.6273	0.0001
254	192.2541	0.0001
255	192.8808	0.0001
256	193.5072	42.21684
257	194.1336	0.0001
258	194.7598	0.0001
259	195.3858	31.8835
260	196.0117	39.55017
261	196.6375	63.55017
262	197.2631	191.2168
263	197.8886	150.2168
264	198.5139	205.5502
265	199.1391	0.0001
266	199.7641	0.0001
267	200.389	396.5502
268	201.0137	424.5502
269	201.6383	425.2168
270	202.2628	0.0001
271	202.8871	0.0001
272	203.5112	0.0001
273	204.1352	0.0001
274	204.7591	0.0001
275	205.3828	0.0001
276	206.0064	0.0001
277	206.6298	0.0001
278	207.2531	0.0001
279	207.8762	0.0001
280	208.4992	0.0001
281	209.122	25.21684
282	209.7447	0.0001
283	210.3672	0.0001
284	210.9896	0.0001
285	211.6119	0.0001
286	212.234	0.0001
287	212.8559	0.0001
288	213.4778	0.0001
289	214.0994	0.0001
290	214.7209	0.0001
291	215.3423	0.0001
292	215.9635	0.0001
293	216.5846	0.0001
294	217.2055	157.8835
295	217.8263	183.8835
296	218.447	373.8835
297	219.0675	108.5502
298	219.6878	203.2168
299	220.308	141.8835
300	220.9281	377.8835
301	221.548	282.5502
302	222.1677	156.2168
303	222.7873	0.0001
304	223.4068	0.0001
305	224.0261	0.0001
306	224.6453	0.0001
307	225.2643	0.0001
308	225.8832	0.0001
309	226.5019	24.55017
310	227.1205	76.88351
311	227.739	57.21684
312	228.3573	32.8835
313	228.9754	0.0001
314	229.5934	0.0001
315	230.2112	0.0001
316	230.8289	0.0001
317	231.4465	0.0001
318	232.0639	0.0001
319	232.6812	0.0001
320	233.2983	0.0001
321	233.9153	25.21684
322	234.5321	35.8835
323	235.1488	259.8835
324	235.7653	202.5502
325	236.3817	146.5502
326	236.998	0.0001
327	237.6141	0.0001
328	238.23	0.0001
329	238.8458	0.0001
330	239.4615	0.0001
331	240.077	0.0001
332	240.6923	0.0001
333	241.3075	0.0001
334	241.9226	0.0001
335	242.5375	0.0001
336	243.1523	0.0001
337	243.7669	0.0001
338	244.3814	0.0001
339	244.9957	0.0001
340	245.6099	0.0001
341	246.224	0.0001
342	246.8379	0.0001
343	247.4516	0.0001
344	248.0652	0.0001
345	248.6786	0.0001
346	249.292	0.0001
347	249.9051	0.0001
348	250.5181	0.0001
349	251.131	0.0001
350	251.7437	0.0001
351	252.3563	0.0001
352	252.9687	0.0001
353	253.581	0.0001
354	254.1931	0.0001
355	254.8051	0.0001
356	255.4169	0.0001
357	256.0286	0.0001
358	256.6402	47.21684
359	257.2516	92.88351
360	257.8628	248.2168
361	258.4739	46.8835
362	259.0849	42.21684
363	259.6957	413.8835
364	260.3063	448.2168
365	260.9169	444.2168
366	261.5272	0.0001
367	262.1375	0.0001
368	262.7475	0.0001
369	263.3575	0.0001
370	263.9672	0.0001
371	264.5769	9.883504
372	265.1864	17.8835
373	265.7957	24.21684
374	266.4049	0.0001
375	267.0139	0.0001
376	267.6228	0.0001
377	268.2316	165.8835
378	268.8402	447.2168
379	269.4486	489.8835
380	270.0569	215.2168
381	270.6651	12.21684
382	271.2731	25.8835
383	271.881	0.0001
384	272.4887	0.0001
385	273.0963	0.0001
386	273.7037	0.0001
387	274.311	0.0001
388	274.9182	10.21684
389	275.5251	85.21684
390	276.132	0.0001
391	276.7387	0.0001
392	277.3452	0.0001
393	277.9516	0.0001
394	278.5579	0.0001
395	279.164	0.0001
396	279.7699	27.21684
397	280.3757	81.21684
398	280.9814	110.5502
399	281.5869	39.21684
400	282.1923	30.55017
401	282.7975	0.0001
402	283.4026	0.0001
403	284.0075	0.0001
404	284.6123	0.0001
405	285.2169	0.0001
406	285.8214	155.5502
407	286.4258	521.2169
408	287.0299	957.8835
409	287.634	707.2168
410	288.2379	443.2168
411	288.8416	0.0001
412	289.4452	0.0001
413	290.0487	0.0001
414	290.652	0.0001
415	291.2552	0.0001
416	291.8582	0.0001
417	292.461	0.0001
418	293.0638	0.0001
419	293.6663	0.0001
420	294.2687	98.55017
421	294.871	177.2168
422	295.4731	149.8835
423	296.0751	7.883504
424	296.677	0.0001
425	297.2787	0.0001
426	297.8802	0.0001
427	298.4816	36.21684
428	299.0828	150.5502
429	299.6839	99.21684
430	300.2849	0.0001
431	300.8857	0.0001
432	301.4864	0.0001
433	302.0869	0.0001
434	302.6872	0.0001
435	303.2874	22.55017
436	303.8875	40.55017
437	304.4874	0.0001
438	305.0872	0.0001
439	305.6868	140.2168
440	306.2863	652.5502
441	306.8856	721.8835
442	307.4848	502.8835
443	308.0838	1.216838
444	308.6827	0.0001
445	309.2815	0.0001
446	309.8801	0.0001
447	310.4785	0.0001
448	311.0768	0.0001
449	311.675	0.0001
450	312.2729	0.0001
451	312.8708	0.0001
452	313.4685	0.0001
453	314.0661	1.216838
454	314.6635	13.55017
455	315.2608	0.0001
456	315.8579	477.8835
457	316.4549	488.5502
458	317.0517	578.2169
459	317.6483	0.0001
460	318.2449	0.0001
461	318.8412	0.0001
462	319.4375	0.0001
463	320.0336	0.0001
464	320.6295	0.0001
465	321.2253	0.0001
466	321.821	0.0001
467	322.4164	0.0001
468	323.0118	0.0001
469	323.607	0.0001
470	324.2021	0.0001
471	324.797	0.0001
472	325.3917	0.0001
473	325.9863	0.0001
474	326.5808	0.0001
475	327.1751	0.0001
476	327.7693	24.21684
477	328.3633	0.0001
478	328.9572	0.0001
479	329.5509	0.0001
480	330.1444	0.0001
481	330.7379	0.0001
482	331.3312	191.5502
483	331.9243	180.8835
484	332.5173	533.8835
485	333.1101	291.8835
486	333.7028	295.8835
487	334.2953	0.0001
488	334.8878	27.55017
489	335.48	0.0001
490	336.0721	0.0001
491	336.664	0.0001
492	337.2559	0.0001
493	337.8475	0.0001
494	338.439	0.0001
495	339.0304	0.0001
496	339.6216	91.55017
497	340.2126	94.21684
498	340.8036	0.0001
499	341.3943	0.0001
500	341.985	0.0001
501	342.5754	0.0001
502	343.1658	0.0001
503	343.756	40.21684
504	344.346	135.8835
505	344.9359	123.5502
506	345.5256	0.0001
507	346.1152	0.0001
508	346.7046	0.0001
509	347.2939	0.0001
510	347.8831	0.0001
511	348.472	26.55017
512	349.0609	0.0001
513	349.6496	0.0001
514	350.2381	0.0001
515	350.8265	0.0001
516	351.4148	0.0001
517	352.0029	0.0001
518	352.5909	0.0001
519	353.1787	0.0001
520	353.7664	0.0001
521	354.3539	0.0001
522	354.9412	0.0001
523	355.5284	0.0001
524	356.1155	0.0001
525	356.7025	0.0001
526	357.2892	8.550171
527	357.8759	15.55017
528	358.4623	109.2168
529	359.0487	69.88351
530	359.6349	71.88351
531	360.2209	0.0001
532	360.8068	0.0001
533	361.3925	0.0001
534	361.9781	0.0001
535	362.5636	0.0001
536	363.1489	0.0001
537	363.734	0.0001
538	364.319	0.0001
539	364.9039	0.0001
540	365.4886	0.0001
541	366.0731	0.0001
542	366.6575	0.0001
543	367.2418	0.0001
544	367.8259	0.0001
545	368.4099	0.0001
546	368.9937	0.0001
547	369.5774	0.0001
548	370.1609	0.0001
549	370.7443	0.0001
550	371.3275	0.0001
551	371.9106	18.21684
552	372.4935	76.55017
553	373.0763	6.550171
554	373.6589	0.0001
555	374.2414	0.0001
556	374.8237	14.21684
557	375.4059	39.55017
558	375.9879	99.55017
559	376.5698	1.883504
560	377.1516	88.55017
561	377.7332	123.5502
562	378.3146	82.55017
563	378.8959	56.55017
564	379.4771	0.0001
565	380.0581	0.0001
566	380.6389	0.0001
567	381.2196	0.0001
568	381.8002	13.21684
569	382.3806	0.0001
570	382.9608	25.55017
571	383.541	0.0001
572	384.1209	76.88351
573	384.7007	60.55017
574	385.2804	52.21684
575	385.8599	0.0001
576	386.4393	0.0001
577	387.0185	29.8835
578	387.5976	2.550171
579	388.1765	39.21684
580	388.7553	0.0001
581	389.3339	0.0001
582	389.9124	0.0001
583	390.4908	0.0001
584	391.0689	189.8835
585	391.647	179.5502
586	392.2249	169.8835
587	392.8026	0.0001
588	393.3802	0.0001
589	393.9576	0.0001
590	394.5349	0.0001
591	395.1121	0.0001
592	395.6891	67.88351
593	396.2659	204.5502
594	396.8426	43.55017
595	397.4192	35.8835
596	397.9956	0.0001
597	398.5718	198.8835
598	399.1479	157.8835
599	399.7239	123.2168
600	400.2997	0.0001
601	400.8754	0.0001
602	401.4509	0.0001
603	402.0262	0.0001
604	402.6015	139.2168
605	403.1765	143.2168
606	403.7515	172.5502
607	404.3262	0.0001
608	404.9008	12.55017
609	405.4753	10.21684
610	406.0497	0.0001
611	406.6238	0.0001
612	407.1979	0.0001
613	407.7718	0.0001
614	408.3455	0.0001
615	408.9191	0.0001
616	409.4925	0.0001
617	410.0658	0.0001
618	410.6389	130.8835
619	411.2119	241.2168
620	411.7848	317.8835
621	412.3575	50.55017
622	412.93	0.0001
623	413.5024	0.0001
624	414.0746	0.0001
625	414.6467	0.0001
626	415.2187	0.0001
627	415.7905	0.0001
628	416.3621	0.0001
629	416.9336	0.0001
630	417.505	0.0001
631	418.0762	0.0001
632	418.6472	0.0001
633	419.2182	0.0001
634	419.7889	0.0001
635	420.3595	0.0001
636	420.93	0.0001
637	421.5003	0.0001
638	422.0705	0.0001
639	422.6405	0.0001
640	423.2104	0.0001
641	423.7801	27.55017
642	424.3497	6.216837
643	424.9191	0.0001
644	425.4884	0.0001
645	426.0575	0.0001
646	426.6265	0.0001
647	427.1953	0.0001
648	427.764	0.0001
649	428.3325	0.0001
650	428.9009	0.0001
651	429.4691	0.0001
652	430.0372	0.0001
653	430.6051	0.0001
654	431.1729	26.8835
655	431.7406	50.8835
656	432.308	43.8835
657	432.8754	371.8835
658	433.4426	427.8835
659	434.0096	723.5501
660	434.5765	432.8835
661	435.1432	446.2168
662	435.7099	62.55017
663	436.2763	0.0001
664	436.8426	0.0001
665	437.4088	0.0001
666	437.9748	24.55017
667	438.5406	19.21684
668	439.1063	0.0001
669	439.6719	0.0001
670	440.2373	35.8835
671	440.8025	6.883504
672	441.3676	27.21684
673	441.9326	0.0001
674	442.4974	0.0001
675	443.0621	0.0001
676	443.6266	0.0001
677	444.1909	0.0001
678	444.7552	10.8835
679	445.3192	56.55017
680	445.8831	0.0001
681	446.4469	0.0001
682	447.0105	0.0001
683	447.574	0.0001
684	448.1373	0.0001
685	448.7005	0.0001
686	449.2635	0.0001
687	449.8264	0.0001
688	450.3891	0.0001
689	450.9517	0.0001
690	451.5141	0.0001
691	452.0764	0.0001
692	452.6385	0.0001
693	453.2005	0.0001
694	453.7623	51.8835
695	454.324	50.55017
696	454.8855	14.55017
697	455.4469	28.55017
698	456.0081	27.55017
699	456.5692	89.55017
700	457.1302	18.8835
701	457.691	0.0001
702	458.2516	0.0001
703	458.8121	0.0001
704	459.3724	0.0001
705	459.9326	0.0001
706	460.4927	0.0001
707	461.0526	0.0001
708	461.6123	0.0001
709	462.1719	0.0001
710	462.7314	0.0001
711	463.2906	0.0001
712	463.8498	238.2168
713	464.4088	267.5502
714	464.9676	190.8835
715	465.5263	0.0001
716	466.0849	0.0001
717	466.6433	215.8835
718	467.2015	315.2168
719	467.7596	237.8835
720	468.3176	0.0001
721	468.8754	0.0001
722	469.433	0.0001
723	469.9906	158.2168
724	470.5479	254.5502
725	471.1051	293.5502
726	471.6622	0.2168376
727	472.2191	0.0001
728	472.7758	0.0001
729	473.3325	0.0001
730	473.8889	102.2168
731	474.4453	0.5501709
732	475.0014	0.0001
733	475.5574	0.0001
734	476.1133	0.0001
735	476.669	0.0001
736	477.2246	0.0001
737	477.78	0.0001
738	478.3353	0.0001
739	478.8904	0.0001
740	479.4453	0.0001
741	480.0002	0.0001
742	480.5548	0.0001
743	481.1093	0.0001
744	481.6637	0.0001
745	482.218	0.0001
746	482.772	0.0001
747	483.3259	0.0001
748	483.8797	0.0001
749	484.4333	0.0001
750	484.9868	0.0001
751	485.5401	0.0001
752	486.0933	251.8835
753	486.6463	235.5502
754	487.1992	302.8835
755	487.752	0.0001
756	488.3045	0.0001
757	488.857	0.0001
758	489.4092	10.21684
759	489.9614	55.8835
760	490.5134	0.0001
761	491.0652	0.0001
762	491.6169	0.0001
763	492.1684	0.0001
764	492.7198	0.0001
765	493.271	0.0001
766	493.8221	0.0001
767	494.373	317.2168
768	494.9238	362.2168
769	495.4745	416.2168
770	496.0249	23.55017
771	496.5753	67.88351
772	497.1255	0.0001
773	497.6755	0.0001
774	498.2254	0.0001
775	498.7751	0.0001
776	499.3247	0.0001
777	499.8742	0.0001
778	500.4235	0.0001
779	500.9726	0.0001
780	501.5216	61.55017
781	502.0704	0.0001
782	502.6191	97.21684
783	503.1677	0.0001
784	503.7161	0.0001
785	504.2643	0.0001
786	504.8124	0.0001
787	505.3604	0.0001
788	505.9081	6.216837
789	506.4558	4.216837
790	507.0033	61.8835
791	507.5506	130.8835
792	508.0978	184.5502
793	508.6449	139.5502
794	509.1917	87.88351
795	509.7385	21.8835
796	510.2851	49.55017
797	510.8315	71.88351
798	511.3778	74.88351
799	511.924	0.0001
800	512.47	0.0001
801	513.0159	148.8835
802	513.5615	153.8835
803	514.1071	146.2168
804	514.6525	0.0001
805	515.1978	0.0001
806	515.7429	0.0001
807	516.2878	25.21684
808	516.8326	46.21684
809	517.3773	65.88351
810	517.9218	59.21684
811	518.4661	82.88351
812	519.0103	76.55017
813	519.5543	77.21684
814	520.0983	39.8835
815	520.642	113.2168
816	521.1856	83.55017
817	521.7291	74.55017
818	522.2723	24.55017
819	522.8155	70.21684
820	523.3585	93.21684
821	523.9014	134.8835
822	524.4441	144.2168
823	524.9866	209.8835
824	525.5291	248.5502
825	526.0713	374.8835
826	526.6134	452.2168
827	527.1553	442.8835
828	527.6971	354.2168
829	528.2388	293.2168
830	528.7803	409.2168
831	529.3217	437.2168
832	529.8629	573.5502
833	530.4039	516.2169
834	530.9448	547.5502
835	531.4856	605.2169
836	532.0262	635.8835
837	532.5667	701.5501
838	533.1069	776.5501
839	533.6471	910.8835
840	534.1871	914.2168
841	534.727	796.5501
842	535.2667	879.8835
843	535.8062	935.8835
844	536.3456	974.5501
845	536.8849	869.8835
846	537.424	900.2168
847	537.963	1005.55
848	538.5018	1163.55
849	539.0404	1242.55
850	539.5789	1307.883
851	540.1172	1332.883
852	540.6555	1394.883
853	541.1935	1454.883
854	541.7314	1503.217
855	542.2692	1541.217
856	542.8068	1613.883
857	543.3442	1656.55
858	543.8815	1781.217
859	544.4187	1729.55
860	544.9557	1739.55
861	545.4926	1800.883
862	546.0293	1985.883
863	546.5659	2044.55
864	547.1022	2026.55
865	547.6385	1964.883
866	548.1746	1986.883
867	548.7106	2030.883
868	549.2463	2126.55
869	549.782	2336.55
870	550.3175	2393.884
871	550.8528	2394.884
872	551.3881	2347.217
873	551.9232	2458.55
874	552.458	2457.217
875	552.9928	2458.884
876	553.5274	2411.55
877	554.0618	2518.217
878	554.5961	2609.217
879	555.1303	2548.884
880	555.6643	2465.884
881	556.1981	2323.884
882	556.7319	2455.55
883	557.2654	2415.884
884	557.7988	2404.217
885	558.332	2975.55
886	558.8652	3094.55
887	559.3981	3133.217
888	559.9309	2490.55
889	560.4636	2406.55
890	560.996	2422.55
891	561.5284	2379.884
892	562.0606	2413.217
893	562.5927	2324.217
894	563.1246	2290.884
895	563.6563	2244.217
896	564.1879	2175.884
897	564.7194	2165.217
898	565.2507	2101.217
899	565.7818	2124.884
900	566.3128	2064.884
901	566.8436	2004.55
902	567.3743	2210.217
903	567.9049	2188.884
904	568.4353	2199.884
905	568.9655	1866.55
906	569.4956	1828.55
907	570.0256	1879.883
908	570.5554	1911.55
909	571.085	1860.55
910	571.6145	1708.55
911	572.1439	1698.883
912	572.673	1642.217
913	573.2021	1580.883
914	573.731	1610.217
915	574.2597	1679.883
916	574.7883	1641.217
917	575.3167	1574.55
918	575.845	1570.55
919	576.3732	1577.883
920	576.9011	1536.55
921	577.429	1431.883
922	577.9567	1495.55
923	578.4842	1462.217
924	579.0116	1474.55
925	579.5388	1403.55
926	580.0659	1384.55
927	580.5928	1417.217
928	581.1196	1376.217
929	581.6463	1429.55
930	582.1727	1421.55
931	582.6991	1558.55
932	583.2253	1680.217
933	583.7513	1755.217
934	584.2772	1783.55
935	584.8029	1741.55
936	585.3285	1638.217
937	585.8539	1523.883
938	586.3792	1426.217
939	586.9044	1428.55
940	587.4293	1754.883
941	587.9542	1753.884
942	588.4788	1699.217
943	589.0034	1319.55
944	589.5277	1396.55
945	590.0519	1424.55
946	590.576	1441.217
947	591.1	1422.217
948	591.6237	1496.883
949	592.1473	1553.217
950	592.6708	1492.55
951	593.1942	1465.883
952	593.7173	1475.217
953	594.2404	1489.883
954	594.7632	1567.217
955	595.2859	1600.883
956	595.8085	1660.217
957	596.3309	1603.217
958	596.8531	1588.55
959	597.3753	1581.217
960	597.8973	1539.883
961	598.4191	1498.55
962	598.9407	1492.55
963	599.4622	1556.55
964	599.9836	1662.55
965	600.5048	1599.883
966	601.0259	1541.55
967	601.5468	1422.55
968	602.0676	1591.217
969	602.5881	1671.883
970	603.1086	1815.217
971	603.6289	1718.883
972	604.149	1860.883
973	604.6691	1750.884
974	605.1889	1726.217
975	605.7086	1853.55
976	606.2282	1816.884
977	606.7476	1768.55
978	607.2668	1416.55
979	607.7859	1408.883
980	608.3049	1335.217
981	608.8237	1322.55
982	609.3423	1367.55
983	609.8608	1409.55
984	610.3792	1390.55
985	610.8974	1290.883
986	611.4154	1239.883
987	611.9333	1168.55
988	612.451	1263.217
989	612.9686	1269.217
990	613.4861	1253.883
991	614.0034	1156.55
992	614.5205	1201.883
993	615.0375	1253.55
994	615.5543	1551.55
995	616.071	1525.55
996	616.5876	1664.55
997	617.1039	1322.883
998	617.6202	1209.55
999	618.1363	996.2168
1000	618.6522	1056.883
1001	619.168	1155.217
1002	619.6836	1094.217
1003	620.1991	939.8835
1004	620.7144	867.8835
1005	621.2296	871.5501
1006	621.7446	895.5501
1007	622.2595	826.2168
1008	622.7742	820.8835
1009	623.2888	839.5501
1010	623.8032	857.2168
1011	624.3175	1235.883
1012	624.8316	1192.217
1013	625.3456	1522.883
1014	625.8594	1254.217
1015	626.373	1304.55
1016	626.8865	1014.55
1017	627.3999	868.5501
1018	627.9131	801.5501
1019	628.4262	847.8835
1020	628.9391	906.5501
1021	629.4519	933.8835
1022	629.9645	886.5501
1023	630.4769	815.2168
1024	630.9893	809.5501
1025	631.5014	756.5501
1026	632.0134	790.8835
1027	632.5253	885.5501
1028	633.037	841.8835
1029	633.5485	904.8835
1030	634.0599	832.8835
1031	634.5712	812.5501
1032	635.0823	811.8835
1033	635.5932	762.5501
1034	636.104	807.8835
1035	636.6146	651.2169
1036	637.1251	583.8835
1037	637.6355	622.5502
1038	638.1457	697.8835
1039	638.6557	778.5501
1040	639.1656	685.2168
1041	639.6754	762.2168
1042	640.1849	794.2168
1043	640.6943	794.2168
1044	641.2036	674.5502
1045	641.7128	498.5502
1046	642.2217	446.5502
1047	642.7306	412.8835
1048	643.2393	540.8835
1049	643.7477	1030.883
1050	644.2562	1025.217
1051	644.7643	947.5501
1052	645.2725	758.5501
1053	645.7803	731.2168
1054	646.2881	788.8835
1055	646.7958	494.8835
1056	647.3032	564.8835
1057	647.8105	524.8835
1058	648.3177	556.2169
1059	648.8247	491.5502
1060	649.3315	446.8835
1061	649.8383	416.5502
1062	650.3448	424.5502
1063	650.8513	451.2168
1064	651.3575	420.5502
1065	651.8636	424.8835
1066	652.3696	414.2168
1067	652.8754	558.2169
1068	653.381	566.2169
1069	653.8865	642.5502
1070	654.3918	549.5502
1071	654.897	550.2169
1072	655.4021	412.8835
1073	655.907	370.8835
1074	656.4117	726.8835
1075	656.9163	760.2168
1076	657.4208	826.8835
1077	657.925	432.5502
1078	658.4292	456.8835
1079	658.9332	344.8835
1080	659.437	280.8835
1081	659.9407	224.5502
1082	660.4442	250.5502
1083	660.9476	249.8835
1084	661.4508	241.2168
1085	661.9539	334.5502
1086	662.4568	416.5502
1087	662.9596	440.2168
1088	663.4622	367.2168
1089	663.9647	327.2168
1090	664.467	340.5502
1091	664.9692	325.2168
1092	665.4712	323.8835
1093	665.9731	290.2168
1094	666.4748	418.8835
1095	666.9763	486.5502
1096	667.4777	456.2168
1097	667.979	300.8835
1098	668.4801	229.2168
1099	668.9811	254.2168
1100	669.4819	258.2168
1101	669.9825	223.2168
1102	670.483	192.8835
1103	670.9833	208.8835
1104	671.4836	220.8835
1105	671.9836	298.2168
1106	672.4835	492.2168
1107	672.9832	542.5502
1108	673.4828	465.2168
1109	673.9822	260.5502
1110	674.4816	185.8835
1111	674.9807	179.8835
1112	675.4797	215.8835
1113	675.9785	267.8835
1114	676.4772	311.2168
1115	676.9757	328.5502
1116	677.4741	280.5502
1117	677.9723	227.8835
1118	678.4704	102.5502
1119	678.9683	60.21684
1120	679.4661	35.21684
1121	679.9637	121.5502
1122	680.4611	244.2168
1123	680.9584	308.2168
1124	681.4556	258.8835
1125	681.9526	172.2168
1126	682.4495	75.21684
1127	682.9462	92.88351
1128	683.4427	148.8835
1129	683.9391	195.8835
1130	684.4354	183.5502
1131	684.9315	186.5502
1132	685.4274	162.2168
1133	685.9232	101.2168
1134	686.4189	382.5502
1135	686.9144	432.8835
1136	687.4097	432.5502
1137	687.9049	213.5502
1138	688.4	219.2168
1139	688.8948	287.5502
1140	689.3896	158.5502
1141	689.8842	182.5502
1142	690.3786	230.2168
1143	690.8729	240.8835
1144	691.367	184.8835
1145	691.861	175.2168
1146	692.3548	194.8835
1147	692.8484	237.2168
1148	693.342	168.5502
1149	693.8353	86.21684
1150	694.3286	47.8835
1151	694.8216	0.0001
1152	695.3145	5.883504
1153	695.8073	57.55017
1154	696.2999	154.2168
1155	696.7924	215.5502
1156	697.2847	135.2168
1157	697.7768	82.55017
1158	698.2688	28.55017
1159	698.7606	98.55017
1160	699.2523	108.5502
1161	699.7439	101.8835
1162	700.2353	87.88351
1163	700.7265	43.21684
1164	701.2176	114.5502
1165	701.7085	39.21684
1166	702.1993	109.2168
1167	702.6899	102.5502
1168	703.1804	103.8835
1169	703.6707	144.2168
1170	704.1609	36.55017
1171	704.6509	145.5502
1172	705.1408	29.55017
1173	705.6305	24.55017
1174	706.1201	0.0001
1175	706.6095	0.0001
1176	707.0988	37.21684
1177	707.5879	30.55017
1178	708.0768	70.21684
1179	708.5656	516.5502
1180	709.0543	537.5502
1181	709.5428	493.2168
1182	710.0311	126.8835
1183	710.5193	107.5502
1184	711.0074	97.88351
1185	711.4953	0.0001
1186	711.983	26.55017
1187	712.4706	11.21684
1188	712.9581	118.5502
1189	713.4453	141.2168
1190	713.9324	122.2168
1191	714.4194	60.8835
1192	714.9063	183.5502
1193	715.3929	568.5502
1194	715.8795	610.8835
1195	716.3658	442.5502
1196	716.8521	37.8835
1197	717.3381	292.8835
1198	717.824	342.2168
1199	718.3098	394.5502
1200	718.7954	115.2168
1201	719.2809	8.883504
1202	719.7662	0.0001
1203	720.2513	0.0001
1204	720.7363	0.2168376
1205	721.2212	41.21684
1206	721.7059	0.0001
1207	722.1904	0.0001
1208	722.6748	0.0001
1209	723.1591	0.0001
1210	723.6431	121.8835
1211	724.1271	174.5502
1212	724.6108	83.88351
1213	725.0945	36.8835
1214	725.5779	24.21684
1215	726.0613	50.21684
1216	726.5444	80.55017
1217	727.0275	46.8835
1218	727.5103	0.0001
1219	727.993	0.0001
1220	728.4756	0.0001
1221	728.958	0.0001
1222	729.4403	61.21684
1223	729.9224	60.21684
1224	730.4044	86.88351
1225	730.8862	45.55017
1226	731.3678	0.0001
1227	731.8493	0.0001
1228	732.3306	0.0001
1229	732.8118	0.0001
1230	733.2928	0.0001
1231	733.7737	0.0001
1232	734.2545	56.21684
1233	734.7351	2.216838
1234	735.2155	49.21684
1235	735.6958	0.0001
1236	736.1759	38.21684
1237	736.6559	0.0001
1238	737.1357	0.0001
1239	737.6154	0.0001
1240	738.0949	11.21684
1241	738.5742	0.0001
1242	739.0535	0.0001
1243	739.5325	0.0001
1244	740.0114	0.0001
1245	740.4902	0.0001
1246	740.9688	0.0001
1247	741.4472	0.0001
1248	741.9255	93.21684
1249	742.4036	95.88351
1250	742.8817	78.21684
1251	743.3595	0.0001
1252	743.8372	0.0001
1253	744.3147	0.0001
1254	744.7921	45.55017
1255	745.2693	44.21684
1256	745.7464	124.2168
1257	746.2233	0.0001
1258	746.7001	34.21684
1259	747.1767	313.8835
1260	747.6531	327.8835
1261	748.1295	360.5502
1262	748.6056	0.0001
1263	749.0816	0.0001
1264	749.5575	0.0001
1265	750.0332	0.0001
1266	750.5087	0.0001
1267	750.9841	0.0001
1268	751.4594	0.0001
1269	751.9344	0.0001
1270	752.4094	0.0001
1271	752.8842	0.0001
1272	753.3588	0.0001
1273	753.8333	0.0001
1274	754.3076	0.0001
1275	754.7818	0.0001
1276	755.2558	22.21684
1277	755.7297	221.8835
1278	756.2034	396.5502
1279	756.6769	350.2168
1280	757.1503	190.8835
1281	757.6236	16.21684
1282	758.0967	0.0001
1283	758.5696	0.0001
1284	759.0425	0.0001
1285	759.5151	0.0001
1286	759.9876	262.8835
1287	760.46	328.2168
1288	760.9321	379.8835
1289	761.4042	0.0001
1290	761.876	0.0001
1291	762.3478	0.0001
1292	762.8193	8.550171
1293	763.2908	55.21684
1294	763.762	0.0001
1295	764.2332	0.0001
1296	764.7042	0.0001
1297	765.1749	0.0001
1298	765.6456	0.0001
1299	766.1161	0.0001
1300	766.5865	0.0001
1301	767.0566	0.0001
1302	767.5267	0.0001
1303	767.9966	19.55017
1304	768.4664	0.0001
1305	768.9359	0.0001
1306	769.4054	0.0001
1307	769.8746	0.0001
1308	770.3438	0.0001
1309	770.8127	0.0001
1310	771.2816	0.0001
1311	771.7502	0.0001
1312	772.2188	98.88351
1313	772.6871	27.8835
1314	773.1553	131.2168
1315	773.6234	87.55017
1316	774.0913	117.5502
1317	774.5591	53.21684
1318	775.0267	0.0001
1319	775.4941	0.0001
1320	775.9614	0.0001
1321	776.4286	0.0001
1322	776.8956	0.0001
1323	777.3624	0.0001
1324	777.829	0.0001
1325	778.2956	0.0001
1326	778.762	0.0001
1327	779.2282	0.0001
1328	779.6943	1.883504
1329	780.1602	0.0001
1330	780.626	64.21684
1331	781.0916	82.88351
1332	781.557	17.55017
1333	782.0223	856.2169
1334	782.4875	803.217
1335	782.9525	896.5503
1336	783.4173	18.21684
1337	783.882	0.0001
1338	784.3466	0.0001
1339	784.8109	0.0001
1340	785.2751	0.0001
1341	785.7393	0.0001
1342	786.2032	0.0001
1343	786.6669	0.0001
1344	787.1306	0.0001
1345	787.5941	0.0001
1346	788.0574	0.0001
1347	788.5205	0.0001
1348	788.9835	129.2168
1349	789.4464	196.8835
1350	789.9091	312.8835
1351	790.3716	73.55017
1352	790.834	85.88351
1353	791.2963	31.21684
1354	791.7584	0.0001
1355	792.2203	0.0001
1356	792.6821	0.0001
1357	793.1437	0.0001
1358	793.6052	0.0001
1359	794.0665	367.5502
1360	794.5276	343.5502
1361	794.9887	291.2168
1362	795.4495	0.0001
1363	795.9103	0.0001
1364	796.3708	0.0001
1365	796.8312	0.0001
1366	797.2914	0.0001
1367	797.7515	0.0001
1368	798.2115	0.0001
1369	798.6713	0.0001
1370	799.1309	0.0001
1371	799.5904	0.0001
1372	800.0497	0.0001
1373	800.5089	0.0001
1374	800.968	0.0001
1375	801.4268	0.0001
1376	801.8855	26.21684
1377	802.3441	5.550171
1378	802.8025	0.0001
1379	803.2607	0.0001
1380	803.7189	0.0001
1381	804.1768	0.0001
1382	804.6346	0.0001
1383	805.0922	0.0001
1384	805.5497	0.0001
1385	806.0071	0.0001
1386	806.4642	0.0001
1387	806.9213	0.0001
1388	807.3782	0.0001
1389	807.8349	0.0001
1390	808.2914	0.0001
1391	808.7479	0.0001
1392	809.2041	0.0001
1393	809.6602	0.0001
1394	810.1161	0.0001
1395	810.572	0.0001
1396	811.0276	0.0001
1397	811.4831	0.0001
1398	811.9385	0.0001
1399	812.3937	0.0001
1400	812.8487	0.0001
1401	813.3036	0.0001
1402	813.7583	0.0001
1403	814.2128	0.0001
1404	814.6673	0.0001
1405	815.1215	0.0001
1406	815.5757	0.0001
1407	816.0296	0.0001
1408	816.4834	0.0001
1409	816.9371	0.0001
1410	817.3906	0.0001
1411	817.8439	65.21684
1412	818.2971	76.55017
1413	818.7501	0.0001
1414	819.203	45.8835
1415	819.6558	7.883504
1416	820.1083	0.0001
1417	820.5607	0.0001
1418	821.013	0.0001
1419	821.4651	0.0001
1420	821.9171	0.0001
1421	822.3689	0.0001
1422	822.8206	89.88351
1423	823.2721	204.8835
1424	823.7234	198.8835
1425	824.1746	130.8835
1426	824.6257	48.55017
1427	825.0765	59.21684
1428	825.5273	0.0001
1429	825.9778	0.0001
1430	826.4283	0.0001
1431	826.8785	0.0001
1432	827.3287	0.0001
1433	827.7786	0.0001
1434	828.2285	0.0001
1435	828.6781	0.0001
1436	829.1276	0.0001
1437	829.577	0.0001
1438	830.0261	0.0001
1439	830.4752	0.0001
1440	830.9241	0.0001
1441	831.3728	35.8835
1442	831.8214	265.2168
1443	832.2698	237.2168
1444	832.7181	152.8835
1445	833.1662	0.0001
1446	833.6141	12.21684
1447	834.062	0.0001
1448	834.5096	0.0001
1449	834.9572	0.0001
1450	835.4045	139.8835
1451	835.8517	265.2168
1452	836.2987	304.5502
1453	836.7456	33.8835
1454	837.1923	0.0001
1455	837.6389	0.0001
1456	838.0853	0.0001
1457	838.5316	0.0001
1458	838.9777	0.0001
1459	839.4237	91.21684
1460	839.8695	98.55017
1461	840.3152	47.8835
1462	840.7607	0.0001
1463	841.206	0.0001
1464	841.6512	181.5502
1465	842.0963	193.2168
1466	842.5411	297.8835
1467	842.9859	16.55017
1468	843.4305	47.55017
1469	843.8749	0.0001
1470	844.3192	0.0001
1471	844.7632	0.0001
1472	845.2072	0.0001
1473	845.6511	0.0001
1474	846.0947	0.0001
1475	846.5382	0.0001
1476	846.9816	0.0001
1477	847.4247	0.0001
1478	847.8678	0.0001
1479	848.3107	0.0001
1480	848.7534	0.0001
1481	849.196	0.0001
1482	849.6384	0.0001
1483	850.0807	0.0001
1484	850.5228	0.0001
1485	850.9647	115.8835
1486	851.4066	83.88351
1487	851.8482	36.8835
1488	852.2897	0.0001
1489	852.7311	0.0001
1490	853.1722	65.21684
1491	853.6133	0.0001
1492	854.0541	0.0001
1493	854.4949	0.0001
1494	854.9355	0.0001
1495	855.3759	0.0001
1496	855.8162	0.0001
1497	856.2563	0.0001
1498	856.6962	0.0001
1499	857.136	0.0001
1500	857.5757	162.2168
1501	858.0152	108.8835
1502	858.4545	143.8835
1503	858.8937	0.0001
1504	859.3328	0.0001
1505	859.7716	0.0001
1506	860.2103	0.0001
1507	860.6489	21.8835
1508	861.0873	58.55017
1509	861.5256	0.0001
1510	861.9637	0.0001
1511	862.4017	0.0001
1512	862.8395	0.0001
1513	863.2771	0.0001
1514	863.7146	0.0001
1515	864.1519	0.0001
1516	864.5891	0.0001
1517	865.0261	0.0001
1518	865.463	32.21684
1519	865.8997	0.0001
1520	866.3363	0.0001
1521	866.7727	0.0001
1522	867.209	0.0001
1523	867.6451	0.0001
1524	868.081	0.0001
1525	868.5168	0.0001
1526	868.9525	0.0001
1527	869.3879	0.0001
1528	869.8232	0.0001
1529	870.2584	0.0001
1530	870.6935	0.0001
1531	871.1284	0.0001
1532	871.563	0.0001
1533	871.9976	0.0001
1534	872.432	0.0001
1535	872.8663	0.0001
1536	873.3004	44.8835
1537	873.7343	86.21684
1538	874.1681	66.21684
1539	874.6017	0.0001
1540	875.0352	0.0001
1541	875.4685	0.0001
1542	875.9017	0.0001
1543	876.3347	0.0001
1544	876.7676	0.0001
1545	877.2003	0.0001
1546	877.6328	0.0001
1547	878.0652	0.0001
1548	878.4974	114.5502
1549	878.9296	23.21684
1550	879.3615	82.21684
1551	879.7933	0.0001
1552	880.2249	166.5502
1553	880.6564	110.5502
1554	881.0877	42.8835
1555	881.5189	0.0001
1556	881.9498	0.0001
1557	882.3807	0.0001
1558	882.8114	0.0001
1559	883.2419	0.0001
1560	883.6723	227.2168
1561	884.1025	248.8835
1562	884.5327	239.2168
1563	884.9626	0.0001
1564	885.3923	41.8835
1565	885.822	60.55017
1566	886.2514	0.0001
1567	886.6807	0.0001
1568	887.1099	0.0001
1569	887.5389	0.0001
1570	887.9677	0.0001
1571	888.3964	0.0001
1572	888.825	0.0001
1573	889.2533	88.21684
1574	889.6815	87.21684
1575	890.1096	57.8835
1576	890.5375	0.0001
1577	890.9653	0.0001
1578	891.3929	0.0001
1579	891.8204	4.883504
1580	892.2477	0.0001
1581	892.6748	0.0001
1582	893.1018	190.8835
1583	893.5286	230.8835
1584	893.9553	284.2168
1585	894.3818	0.0001
1586	894.8082	0.0001
1587	895.2344	0.0001
1588	895.6605	0.0001
1589	896.0864	0.0001
1590	896.5121	0.0001
1591	896.9377	0.0001
1592	897.3632	395.8835
1593	897.7885	843.5501
1594	898.2136	787.5501
1595	898.6385	382.2168
1596	899.0634	0.0001
1597	899.488	0.0001
1598	899.9125	0.0001
1599	900.3369	0.0001
1600	900.7611	0.0001
1601	901.1852	0.0001
1602	901.6091	0.0001
1603	902.0328	0.0001
1604	902.4564	0.0001
1605	902.8798	0.0001
1606	903.303	0.0001
1607	903.7262	0.0001
1608	904.1492	0.0001
1609	904.572	0.0001
1610	904.9946	0.0001
1611	905.4171	0.0001
1612	905.8395	0.0001
1613	906.2617	0.0001
1614	906.6837	0.0001
1615	907.1056	0.0001
1616	907.5273	0.0001
1617	907.9489	0.0001
1618	908.3703	0.0001
1619	908.7915	0.0001
1620	909.2126	0.0001
1621	909.6336	0.0001
1622	910.0544	0.0001
1623	910.475	0.0001
1624	910.8955	0.0001
1625	911.3159	0.0001
1626	911.736	0.0001
1627	912.1561	0.0001
1628	912.5759	0.0001
1629	912.9956	74.55017
1630	913.4152	21.8835
1631	913.8346	15.21684
1632	914.2538	0.0001
1633	914.6729	0.0001
1634	915.0919	0.0001
1635	915.5106	0.0001
1636	915.9293	0.0001
1637	916.3477	0.0001
1638	916.7661	0.0001
1639	917.1842	0.0001
1640	917.6022	0.0001
1641	918.0201	0.0001
1642	918.4377	0.0001
1643	918.8553	0.0001
1644	919.2727	0.0001
1645	919.6899	0.0001
1646	920.107	0.0001
1647	920.5239	9.883504
1648	920.9407	0.0001
1649	921.3573	47.21684
1650	921.7737	0.0001
1651	922.19	0.0001
1652	922.6062	0.0001
1653	923.0222	0.0001
1654	923.438	0.0001
1655	923.8537	0.0001
1656	924.2692	0.0001
1657	924.6846	0.0001
1658	925.0998	0.0001
1659	925.5148	73.21684
1660	925.9297	78.88351
1661	926.3445	73.21684
1662	926.7591	0.0001
1663	927.1735	0.0001
1664	927.5878	0.0001
1665	928.002	0.0001
1666	928.4159	0.0001
1667	928.8297	0.0001
1668	929.2434	107.2168
1669	929.6569	108.5502
1670	930.0703	444.5502
1671	930.4835	268.5502
1672	930.8965	264.5502
1673	931.3094	0.0001
1674	931.7221	0.0001
1675	932.1347	0.0001
1676	932.5471	0.0001
1677	932.9594	0.0001
1678	933.3715	0.0001
1679	933.7834	0.0001
1680	934.1953	0.0001
1681	934.6069	0.0001
1682	935.0184	0.0001
1683	935.4297	6.216837
1684	935.8409	0.0001
1685	936.2519	0.0001
1686	936.6628	0.0001
1687	937.0735	0.0001
1688	937.484	0.0001
1689	937.8944	0.0001
1690	938.3047	0.0001
1691	938.7148	0.0001
1692	939.1247	0.0001
1693	939.5345	240.5502
1694	939.9441	361.2168
1695	940.3536	319.8835
1696	940.7629	12.21684
1697	941.1721	0.0001
1698	941.5811	44.21684
1699	941.9899	0.0001
1700	942.3986	0.0001
1701	942.8071	0.0001
1702	943.2155	70.55017
1703	943.6237	92.55017
1704	944.0318	41.21684
1705	944.4397	0.0001
1706	944.8475	0.0001
1707	945.2551	0.0001
1708	945.6625	0.0001
1709	946.0698	0.0001
1710	946.4769	0.0001
1711	946.8839	0.0001
1712	947.2908	0.0001
1713	947.6974	0.0001
1714	948.1039	0.0001
1715	948.5103	0.0001
1716	948.9165	47.55017
1717	949.3226	86.88351
1718	949.7285	0.0001
1719	950.1342	0.0001
1720	950.5397	0.0001
1721	950.9452	0.0001
1722	951.3505	10.8835
1723	951.7556	30.8835
1724	952.1605	48.8835
1725	952.5653	0.0001
1726	952.97	0.0001
1727	953.3745	0.0001
1728	953.7788	0.0001
1729	954.183	0.0001
1730	954.587	0.0001
1731	954.9909	0.0001
1732	955.3946	0.0001
1733	955.7982	0.0001
1734	956.2015	0.0001
1735	956.6048	0.0001
1736	957.0079	0.0001
1737	957.4108	0.0001
1738	957.8136	80.55017
1739	958.2162	0.0001
1740	958.6187	0.0001
1741	959.0211	0.0001
1742	959.4232	0.0001
1743	959.8252	131.8835
1744	960.2271	222.5502
1745	960.6287	207.2168
1746	961.0303	0.0001
1747	961.4316	0.0001
1748	961.8329	0.0001
1749	962.2339	0.0001
1750	962.6348	0.0001
1751	963.0356	0.0001
1752	963.4362	0.0001
1753	963.8367	0.0001
1754	964.2369	0.0001
1755	964.6371	0.0001
1756	965.037	0.0001
1757	965.4369	98.55017
1758	965.8365	114.5502
1759	966.236	41.21684
1760	966.6354	0.0001
1761	967.0346	0.0001
1762	967.4337	0.0001
1763	967.8325	0.0001
1764	968.2313	0.0001
1765	968.6298	0.0001
1766	969.0283	0.0001
1767	969.4265	0.0001
1768	969.8246	0.0001
1769	970.2226	0.0001
1770	970.6204	0.0001
1771	971.018	0.0001
1772	971.4155	0.0001
1773	971.8128	75.88351
1774	972.21	0.0001
1775	972.607	0.0001
1776	973.0039	0.0001
1777	973.4006	0.0001
1778	973.7971	0.0001
1779	974.1935	458.5502
1780	974.5898	559.2169
1781	974.9858	446.8835
1782	975.3818	28.21684
1783	975.7775	0.0001
1784	976.1732	0.0001
1785	976.5686	0.0001
1786	976.9639	71.55017
1787	977.3591	18.55017
1788	977.754	36.8835
1789	978.1489	0.0001
1790	978.5436	13.8835
1791	978.938	34.55017
1792	979.3325	87.88351
1793	979.7266	52.8835
1794	980.1207	117.8835
1795	980.5146	11.21684
1796	980.9083	24.21684
1797	981.3019	0.0001
1798	981.6954	0.0001
1799	982.0886	0.0001
1800	982.4818	4.550171
1801	982.8747	0.0001
1802	983.2675	0.0001
1803	983.6602	0.0001
1804	984.0527	0.0001
1805	984.445	0.0001
1806	984.8372	0.0001
1807	985.2292	0.0001
1808	985.621	0.0001
1809	986.0128	0.0001
1810	986.4044	7.216837
1811	986.7957	0.0001
1812	987.187	0.0001
1813	987.5781	0.0001
1814	987.969	8.550171
1815	988.3597	97.21684
1816	988.7504	120.2168
1817	989.1409	2.216838
1818	989.5311	0.0001
1819	989.9213	0.0001
1820	990.3113	0.0001
1821	990.7011	0.0001
1822	991.0908	0.0001
1823	991.4803	0.0001
1824	991.8697	0.0001
1825	992.2589	0.0001
1826	992.648	127.8835
1827	993.0369	155.5502
1828	993.4257	134.8835
1829	993.8142	0.0001
1830	994.2026	52.55017
1831	994.5909	99.88351
1832	994.9791	218.5502
1833	995.367	0.0001
1834	995.7548	0.0001
1835	996.1425	0.0001
1836	996.53	0.0001
1837	996.9173	0.0001
1838	997.3045	0.0001
1839	997.6915	0.0001
1840	998.0784	0.0001
1841	998.4651	0.0001
1842	998.8516	75.21684
1843	999.238	105.8835
1844	999.6243	72.88351
1845	1000.01	54.55017
1846	1000.396	98.55017
1847	1000.782	42.55017
1848	1001.168	0.0001
1849	1001.553	295.2168
1850	1001.938	353.2168
1851	1002.324	376.5502
1852	1002.709	0.0001
1853	1003.093	0.0001
1854	1003.478	0.0001
1855	1003.863	0.0001
1856	1004.247	0.0001
1857	1004.631	0.0001
1858	1005.015	0.0001
1859	1005.399	0.0001
1860	1005.783	0.0001
1861	1006.167	0.0001
1862	1006.55	0.0001
1863	1006.933	0.0001
1864	1007.316	0.0001
1865	1007.699	0.8835042
1866	1008.082	0.0001
1867	1008.465	0.0001
1868	1008.847	0.0001
1869	1009.23	0.0001
1870	1009.612	0.0001
1871	1009.994	0.0001
1872	1010.376	0.0001
1873	1010.757	0.0001
1874	1011.139	0.0001
1875	1011.52	0.0001
1876	1011.901	0.0001
1877	1012.283	0.0001
1878	1012.664	0.0001
1879	1013.044	0.0001
1880	1013.425	0.0001
1881	1013.805	0.0001
1882	1014.186	0.0001
1883	1014.566	0.0001
1884	1014.946	0.0001
1885	1015.326	0.0001
1886	1015.705	0.0001
1887	1016.085	0.0001
1888	1016.464	73.55017
1889	1016.843	46.55017
1890	1017.222	0.0001
1891	1017.601	0.0001
1892	1017.98	0.0001
1893	1018.359	0.0001
1894	1018.737	0.0001
1895	1019.115	0.0001
1896	1019.493	0.0001
1897	1019.871	0.0001
1898	1020.249	0.0001
1899	1020.627	0.0001
1900	1021.004	0.0001
1901	1021.382	0.0001
1902	1021.759	24.8835
1903	1022.136	0.0001
1904	1022.513	0.0001
1905	1022.889	0.0001
1906	1023.266	0.0001
1907	1023.642	0.0001
1908	1024.018	0.0001
1909	1024.395	0.0001
1910	1024.77	0.0001
1911	1025.146	0.0001
1912	1025.522	0.0001
1913	1025.897	0.0001
1914	1026.272	0.0001
1915	1026.648	0.0001
1916	1027.023	0.0001
1917	1027.397	0.0001
1918	1027.772	12.55017
1919	1028.146	0.0001
1920	1028.521	0.0001
1921	1028.895	0.0001
1922	1029.269	0.0001
1923	1029.643	0.0001
1924	1030.017	0.0001
1925	1030.39	0.0001
1926	1030.764	0.0001
1927	1031.137	0.0001
1928	1031.51	0.0001
1929	1031.883	0.0001
1930	1032.256	363.2168
1931	1032.628	606.8835
1932	1033.001	486.5502
1933	1033.373	161.5502
1934	1033.745	0.0001
1935	1034.117	0.0001
1936	1034.489	0.0001
1937	1034.861	0.0001
1938	1035.232	0.0001
1939	1035.604	0.0001
1940	1035.975	0.0001
1941	1036.346	13.8835
1942	1036.717	0.0001
1943	1037.088	235.8835
1944	1037.458	252.2168
1945	1037.828	234.8835
1946	1038.199	0.0001
1947	1038.569	0.0001
1948	1038.939	0.0001
1949	1039.309	0.0001
1950	1039.678	0.0001
1951	1040.048	0.0001
1952	1040.417	0.0001
1953	1040.786	0.0001
1954	1041.155	0.0001
1955	1041.524	0.0001
1956	1041.893	0.0001
1957	1042.261	0.0001
1958	1042.63	0.0001
1959	1042.998	0.0001
1960	1043.366	0.0001
1961	1043.734	1.216838
1962	1044.102	0.0001
1963	1044.469	0.0001
1964	1044.837	0.0001
1965	1045.204	0.0001
1966	1045.571	0.0001
1967	1045.938	0.0001
1968	1046.305	0.0001
1969	1046.672	0.0001
1970	1047.038	0.0001
1971	1047.404	0.0001
1972	1047.771	0.0001
1973	1048.136	0.0001
1974	1048.502	51.8835
1975	1048.868	52.55017
1976	1049.234	47.8835
1977	1049.599	0.0001
1978	1049.964	0.0001
1979	1050.329	0.0001
1980	1050.694	4.550171
1981	1051.059	128.5502
1982	1051.424	219.5502
1983	1051.788	0.0001
1984	1052.152	0.0001
1985	1052.516	0.0001
1986	1052.88	35.8835
1987	1053.244	56.8835
1988	1053.608	94.88351
1989	1053.971	87.88351
1990	1054.335	73.55017
1991	1054.698	200.2168
1992	1055.061	32.8835
1993	1055.424	0.0001
1994	1055.787	0.0001
1995	1056.149	19.8835
1996	1056.512	163.8835
1997	1056.874	0.0001
1998	1057.236	0.0001
1999	1057.598	0.0001
2000	1057.96	0.0001
2001	1058.321	0.0001
2002	1058.683	0.0001
2003	1059.044	0.0001
2004	1059.405	0.0001
2005	1059.766	32.55017
2006	1060.127	1.550171
2007	1060.488	0.0001
2008	1060.848	0.0001
2009	1061.209	0.0001
2010	1061.569	0.0001
2011	1061.929	48.21684
2012	1062.289	51.21684
2013	1062.648	0.0001
2014	1063.008	54.55017
2015	1063.367	471.8835
2016	1063.727	583.8835
2017	1064.086	436.5502
2018	1064.445	72.55017
2019	1064.804	0.0001
2020	1065.162	0.0001
2021	1065.521	258.8835
2022	1065.879	333.5502
2023	1066.237	334.2168
2024	1066.595	0.0001
2025	1066.953	0.0001
2026	1067.311	0.0001
2027	1067.668	0.0001
2028	1068.026	0.0001
2029	1068.383	0.0001
2030	1068.74	0.0001
2031	1069.097	0.0001
2032	1069.453	0.0001
2033	1069.81	0.0001
2034	1070.166	59.21684
2035	1070.523	0.0001
2036	1070.879	0.0001
2037	1071.235	0.0001
2038	1071.591	0.0001
2039	1071.946	0.0001
2040	1072.302	49.55017
2041	1072.657	67.55017
2042	1073.012	0.0001
2043	1073.367	0.0001
2044	1073.722	0.0001
2045	1074.077	0.0001
2046	1074.431	0.0001
2047	1074.786	0.0001
