0	28.36968	352.775
1	29.03326	178.0333
2	29.69669	0.0001
3	30.35998	0.0001
4	31.02312	0.0001
5	31.68612	0.0001
6	32.34897	0.0001
7	33.01168	0.0001
8	33.67424	0.0001
9	34.33666	0.0001
10	34.99894	0.0001
11	35.66106	0.0001
12	36.32305	0.0001
13	36.98489	0.0001
14	37.64658	0.0001
15	38.30814	1025.883
16	38.96954	1161.883
17	39.6308	1182.55
18	40.29192	0.0001
19	40.95289	0.0001
20	41.61372	0.0001
21	42.2744	0.0001
22	42.93494	0.0001
23	43.59533	40.21659
24	44.25558	0.0001
25	44.91568	781.5499
26	45.57564	780.2165
27	46.23545	788.2165
28	46.89512	0.0001
29	47.55465	0.0001
30	48.21402	0.0001
31	48.87326	96.88326
32	49.53235	0.0001
33	50.1913	53.21659
34	50.85009	0.0001
35	51.50875	0.0001
36	52.16726	0.0001
37	52.82563	0.0001
38	53.48384	0.0001
39	54.14192	45.21659
40	54.79985	0.0001
41	55.45764	0.0001
42	56.11528	0.0001
43	56.77278	0.0001
44	57.43013	0.0001
45	58.08733	0.0001
46	58.7444	156.8833
47	59.40131	187.2166
48	60.05809	597.5499
49	60.71471	282.5499
50	61.3712	288.2166
51	62.02753	0.0001
52	62.68372	0.0001
53	63.33977	0.0001
54	63.99567	17.88326
55	64.65143	90.21659
56	65.30704	50.54993
57	65.96251	205.8833
58	66.61784	215.5499
59	67.27301	181.8833
60	67.92805	0.0001
61	68.58293	0.0001
62	69.23768	83.88326
63	69.89227	143.5499
64	70.54672	0.0001
65	71.20103	0.0001
66	71.85519	0.0001
67	72.50922	35.21659
68	73.16309	2.88326
69	73.81681	0.0001
70	74.4704	0.0001
71	75.12383	0.0001
72	75.77712	0.0001
73	76.43027	0.0001
74	77.08327	0.0001
75	77.73613	22.88326
76	78.38884	0.0001
77	79.04141	17.88326
78	79.69383	38.54993
79	80.34611	72.88326
80	80.99824	34.21659
81	81.65022	68.54993
82	82.30207	159.8833
83	82.95377	268.5499
84	83.60532	191.5499
85	84.25672	96.88326
86	84.90798	0.0001
87	85.5591	0.0001
88	86.21007	0.0001
89	86.86089	35.88326
90	87.51157	79.54993
91	88.16211	16.21659
92	88.8125	0.0001
93	89.46274	0.0001
94	90.11284	0.0001
95	90.76279	0.0001
96	91.41261	85.88326
97	92.06227	49.88326
98	92.71178	30.54993
99	93.36116	0.0001
100	94.01038	0.0001
101	94.65947	0.0001
102	95.30841	0.0001
103	95.9572	0.0001
104	96.60584	0.0001
105	97.25435	0.0001
106	97.9027	0.0001
107	98.55092	0.0001
108	99.19898	0.0001
109	99.8469	0.0001
110	100.4947	0.0001
111	101.1423	549.8832
112	101.7898	623.2166
113	102.4371	617.8832
114	103.0843	106.2166
115	103.7314	64.88326
116	104.3783	65.88326
117	105.025	0.0001
118	105.6716	0.0001
119	106.3181	0.0001
120	106.9644	0.0001
121	107.6106	0.0001
122	108.2566	0.0001
123	108.9025	0.0001
124	109.5483	0.0001
125	110.1939	11.21659
126	110.8393	264.2166
127	111.4846	111.8833
128	112.1298	414.5499
129	112.7748	170.8833
130	113.4197	431.8833
131	114.0644	156.2166
132	114.709	123.5499
133	115.3534	0.0001
134	115.9977	0.0001
135	116.6418	16.54993
136	117.2858	0.0001
137	117.9297	0.0001
138	118.5734	0.0001
139	119.2169	0.0001
140	119.8603	0.0001
141	120.5036	0.0001
142	121.1467	0.0001
143	121.7897	0.0001
144	122.4325	0.0001
145	123.0752	0.0001
146	123.7178	0.0001
147	124.3602	0.0001
148	125.0024	0.0001
149	125.6445	0.0001
150	126.2865	0.0001
151	126.9283	0.0001
152	127.5699	0.0001
153	128.2115	0.0001
154	128.8528	0.0001
155	129.4941	0.0001
156	130.1351	66.54993
157	130.7761	139.8833
158	131.4169	490.8833
159	132.0575	402.5499
160	132.698	319.5499
161	133.3384	0.0001
162	133.9786	0.0001
163	134.6187	0.0001
164	135.2586	0.0001
165	135.8984	0.0001
166	136.538	0.0001
167	137.1775	0.0001
168	137.8168	55.88326
169	138.456	17.21659
170	139.095	0.0001
171	139.7339	0.0001
172	140.3727	0.0001
173	141.0113	63.21659
174	141.6498	10.54993
175	142.2881	0.0001
176	142.9263	2.216594
177	143.5643	78.54993
178	144.2022	95.88326
179	144.8399	110.2166
180	145.4775	89.21659
181	146.1149	50.88326
182	146.7522	0.0001
183	147.3894	0.0001
184	148.0264	0.0001
185	148.6632	0.0001
186	149.3	0.0001
187	149.9365	0.0001
188	150.5729	0.0001
189	151.2092	0.0001
190	151.8454	0.0001
191	152.4813	39.54993
192	153.1172	171.8833
193	153.7529	67.54993
194	154.3884	117.5499
195	155.0238	26.54993
196	155.6591	0.0001
197	156.2942	0.0001
198	156.9291	0.0001
199	157.564	39.21659
200	158.1986	45.21659
201	158.8332	0.0001
202	159.4675	0.0001
203	160.1018	0.0001
204	160.7359	0.0001
205	161.3698	44.54993
206	162.0036	0.0001
207	162.6373	35.21659
208	163.2708	0.0001
209	163.9041	77.21659
210	164.5373	7.549927
211	165.1704	0.0001
212	165.8033	0.0001
213	166.4361	0.0001
214	167.0687	0.0001
215	167.7012	0.0001
216	168.3335	0.0001
217	168.9657	12.21659
218	169.5978	0.0001
219	170.2297	0.0001
220	170.8614	0.0001
221	171.493	0.0001
222	172.1245	0.0001
223	172.7558	0.0001
224	173.387	63.54993
225	174.018	81.88326
226	174.6489	0.0001
227	175.2796	0.0001
228	175.9102	0.0001
229	176.5406	0.0001
230	177.1709	15.21659
231	177.8011	0.0001
232	178.4311	0.0001
233	179.0609	0.0001
234	179.6906	31.21659
235	180.3202	63.88326
236	180.9496	57.54993
237	181.5789	0.0001
238	182.208	0.0001
239	182.837	0.0001
240	183.4658	0.0001
241	184.0945	0.0001
242	184.723	0.0001
243	185.3514	0.0001
244	185.9797	0.0001
245	186.6078	0.0001
246	187.2357	0.0001
247	187.8635	0.0001
248	188.4912	0.0001
249	189.1187	0.0001
250	189.7461	0.0001
251	190.3733	0.0001
252	191.0004	0.0001
253	191.6273	0.0001
254	192.2541	8.216594
255	192.8808	18.88326
256	193.5072	66.54993
257	194.1336	0.0001
258	194.7598	0.0001
259	195.3858	78.88326
260	196.0117	62.88326
261	196.6375	113.8833
262	197.2631	257.8833
263	197.8886	233.8833
264	198.5139	274.5499
265	199.1391	0.0001
266	199.7641	0.0001
267	200.389	402.5499
268	201.0137	424.5499
269	201.6383	395.2166
270	202.2628	0.0001
271	202.8871	0.0001
272	203.5112	0.0001
273	204.1352	0.0001
274	204.7591	0.0001
275	205.3828	0.0001
276	206.0064	33.21659
277	206.6298	0.0001
278	207.2531	0.0001
279	207.8762	0.0001
280	208.4992	9.88326
281	209.122	53.21659
282	209.7447	0.0001
283	210.3672	0.0001
284	210.9896	0.0001
285	211.6119	19.54993
286	212.234	0.0001
287	212.8559	0.0001
288	213.4778	0.0001
289	214.0994	0.0001
290	214.7209	0.0001
291	215.3423	0.0001
292	215.9635	0.0001
293	216.5846	0.0001
294	217.2055	183.8833
295	217.8263	218.5499
296	218.447	374.5499
297	219.0675	75.88326
298	219.6878	199.2166
299	220.308	144.5499
300	220.9281	360.2166
301	221.548	235.5499
302	222.1677	115.2166
303	222.7873	0.0001
304	223.4068	0.0001
305	224.0261	0.0001
306	224.6453	0.0001
307	225.2643	0.0001
308	225.8832	0.0001
309	226.5019	34.88326
310	227.1205	99.21659
311	227.739	110.5499
312	228.3573	82.54993
313	228.9754	23.21659
314	229.5934	0.0001
315	230.2112	0.0001
316	230.8289	0.0001
317	231.4465	0.0001
318	232.0639	0.0001
319	232.6812	0.0001
320	233.2983	0.0001
321	233.9153	8.549927
322	234.5321	35.88326
323	235.1488	248.5499
324	235.7653	185.8833
325	236.3817	107.8833
326	236.998	0.0001
327	237.6141	0.0001
328	238.23	0.0001
329	238.8458	44.54993
330	239.4615	19.21659
331	240.077	38.88326
332	240.6923	0.0001
333	241.3075	0.0001
334	241.9226	0.0001
335	242.5375	0.0001
336	243.1523	0.0001
337	243.7669	0.0001
338	244.3814	0.0001
339	244.9957	0.0001
340	245.6099	0.0001
341	246.224	0.0001
342	246.8379	0.0001
343	247.4516	0.0001
344	248.0652	0.0001
345	248.6786	0.0001
346	249.292	0.0001
347	249.9051	0.0001
348	250.5181	0.0001
349	251.131	0.0001
350	251.7437	0.0001
351	252.3563	0.0001
352	252.9687	0.0001
353	253.581	0.0001
354	254.1931	0.0001
355	254.8051	0.0001
356	255.4169	0.0001
357	256.0286	0.0001
358	256.6402	113.8833
359	257.2516	138.8833
360	257.8628	286.5499
361	258.4739	28.88326
362	259.0849	4.88326
363	259.6957	370.2166
364	260.3063	394.5499
365	260.9169	386.8833
366	261.5272	0.0001
367	262.1375	0.0001
368	262.7475	0.0001
369	263.3575	0.0001
370	263.9672	0.0001
371	264.5769	41.21659
372	265.1864	13.21659
373	265.7957	0.5499268
374	266.4049	7.549927
375	267.0139	0.0001
376	267.6228	0.0001
377	268.2316	185.2166
378	268.8402	509.5499
379	269.4486	508.8833
380	270.0569	276.2166
381	270.6651	47.54993
382	271.2731	83.88326
383	271.881	0.0001
384	272.4887	0.0001
385	273.0963	0.0001
386	273.7037	0.0001
387	274.311	12.88326
388	274.9182	35.54993
389	275.5251	118.2166
390	276.132	13.54993
391	276.7387	2.549927
392	277.3452	0.0001
393	277.9516	0.0001
394	278.5579	0.0001
395	279.164	0.0001
396	279.7699	32.54993
397	280.3757	90.54993
398	280.9814	109.2166
399	281.5869	0.0001
400	282.1923	18.21659
401	282.7975	0.0001
402	283.4026	0.0001
403	284.0075	0.0001
404	284.6123	0.0001
405	285.2169	0.0001
406	285.8214	149.5499
407	286.4258	519.8832
408	287.0299	970.8833
409	287.634	741.8833
410	288.2379	481.5499
411	288.8416	34.54993
412	289.4452	0.0001
413	290.0487	0.0001
414	290.652	0.0001
415	291.2552	0.0001
416	291.8582	0.0001
417	292.461	0.0001
418	293.0638	0.0001
419	293.6663	0.0001
420	294.2687	160.8833
421	294.871	195.2166
422	295.4731	179.2166
423	296.0751	51.88326
424	296.677	5.549927
425	297.2787	33.88326
426	297.8802	0.0001
427	298.4816	39.21659
428	299.0828	174.5499
429	299.6839	108.5499
430	300.2849	14.54993
431	300.8857	0.0001
432	301.4864	0.0001
433	302.0869	0.0001
434	302.6872	0.0001
435	303.2874	0.0001
436	303.8875	2.549927
437	304.4874	4.216593
438	305.0872	0.0001
439	305.6868	178.8833
440	306.2863	615.8832
441	306.8856	670.5499
442	307.4848	477.8833
443	308.0838	16.54993
444	308.6827	0.0001
445	309.2815	0.0001
446	309.8801	0.0001
447	310.4785	0.0001
448	311.0768	0.0001
449	311.675	0.0001
450	312.2729	0.0001
451	312.8708	0.0001
452	313.4685	0.0001
453	314.0661	0.0001
454	314.6635	0.0001
455	315.2608	0.0001
456	315.8579	446.8833
457	316.4549	527.8832
458	317.0517	603.8832
459	317.6483	0.8832601
460	318.2449	0.0001
461	318.8412	0.0001
462	319.4375	0.0001
463	320.0336	0.0001
464	320.6295	0.0001
465	321.2253	0.0001
466	321.821	0.0001
467	322.4164	0.0001
468	323.0118	0.0001
469	323.607	0.0001
470	324.2021	0.0001
471	324.797	0.0001
472	325.3917	0.0001
473	325.9863	0.0001
474	326.5808	0.0001
475	327.1751	93.88326
476	327.7693	91.88326
477	328.3633	0.0001
478	328.9572	0.0001
479	329.5509	0.0001
480	330.1444	24.88326
481	330.7379	0.0001
482	331.3312	257.2166
483	331.9243	282.5499
484	332.5173	585.5499
485	333.1101	332.2166
486	333.7028	329.5499
487	334.2953	25.88326
488	334.8878	49.88326
489	335.48	0.0001
490	336.0721	0.0001
491	336.664	0.0001
492	337.2559	0.0001
493	337.8475	0.0001
494	338.439	0.0001
495	339.0304	23.21659
496	339.6216	106.2166
497	340.2126	106.5499
498	340.8036	10.21659
499	341.3943	0.0001
500	341.985	0.0001
501	342.5754	0.0001
502	343.1658	0.0001
503	343.756	30.88326
504	344.346	114.2166
505	344.9359	159.5499
506	345.5256	48.88326
507	346.1152	12.54993
508	346.7046	11.21659
509	347.2939	0.0001
510	347.8831	0.0001
511	348.472	0.0001
512	349.0609	0.0001
513	349.6496	0.0001
514	350.2381	0.0001
515	350.8265	0.0001
516	351.4148	0.0001
517	352.0029	0.0001
518	352.5909	0.0001
519	353.1787	0.0001
520	353.7664	0.0001
521	354.3539	0.0001
522	354.9412	0.0001
523	355.5284	0.0001
524	356.1155	43.21659
525	356.7025	15.21659
526	357.2892	0.0001
527	357.8759	0.0001
528	358.4623	81.54993
529	359.0487	57.54993
530	359.6349	25.54993
531	360.2209	0.0001
532	360.8068	0.0001
533	361.3925	0.0001
534	361.9781	0.0001
535	362.5636	0.0001
536	363.1489	0.0001
537	363.734	0.0001
538	364.319	0.0001
539	364.9039	0.0001
540	365.4886	0.0001
541	366.0731	0.0001
542	366.6575	0.0001
543	367.2418	0.0001
544	367.8259	0.0001
545	368.4099	0.0001
546	368.9937	0.0001
547	369.5774	0.0001
548	370.1609	0.0001
549	370.7443	32.88326
550	371.3275	70.21659
551	371.9106	86.88326
552	372.4935	129.8833
553	373.0763	80.88326
554	373.6589	13.54993
555	374.2414	0.0001
556	374.8237	0.0001
557	375.4059	10.88326
558	375.9879	63.21659
559	376.5698	0.0001
560	377.1516	53.21659
561	377.7332	127.8833
562	378.3146	103.8833
563	378.8959	116.5499
564	379.4771	0.0001
565	380.0581	0.0001
566	380.6389	0.0001
567	381.2196	0.0001
568	381.8002	0.0001
569	382.3806	0.0001
570	382.9608	71.88326
571	383.541	12.88326
572	384.1209	148.5499
573	384.7007	78.21659
574	385.2804	78.88326
575	385.8599	6.549927
576	386.4393	16.21659
577	387.0185	0.0001
578	387.5976	0.0001
579	388.1765	0.0001
580	388.7553	0.0001
581	389.3339	0.0001
582	389.9124	0.0001
583	390.4908	0.0001
584	391.0689	219.5499
585	391.647	200.5499
586	392.2249	191.5499
587	392.8026	0.0001
588	393.3802	0.0001
589	393.9576	0.0001
590	394.5349	0.0001
591	395.1121	47.21659
592	395.6891	75.21659
593	396.2659	184.5499
594	396.8426	36.21659
595	397.4192	84.21659
596	397.9956	0.0001
597	398.5718	232.2166
598	399.1479	183.8833
599	399.7239	178.5499
600	400.2997	0.0001
601	400.8754	0.0001
602	401.4509	0.0001
603	402.0262	0.0001
604	402.6015	120.2166
605	403.1765	146.2166
606	403.7515	163.5499
607	404.3262	0.0001
608	404.9008	0.0001
609	405.4753	0.0001
610	406.0497	0.0001
611	406.6238	0.0001
612	407.1979	0.0001
613	407.7718	0.0001
614	408.3455	0.0001
615	408.9191	0.0001
616	409.4925	0.0001
617	410.0658	0.0001
618	410.6389	212.5499
619	411.2119	278.8833
620	411.7848	353.8833
621	412.3575	55.54993
622	412.93	8.549927
623	413.5024	0.0001
624	414.0746	0.0001
625	414.6467	0.0001
626	415.2187	0.0001
627	415.7905	0.0001
628	416.3621	0.0001
629	416.9336	0.0001
630	417.505	28.88326
631	418.0762	0.0001
632	418.6472	0.0001
633	419.2182	0.0001
634	419.7889	0.0001
635	420.3595	0.0001
636	420.93	0.0001
637	421.5003	0.0001
638	422.0705	50.88326
639	422.6405	0.0001
640	423.2104	0.0001
641	423.7801	0.0001
642	424.3497	0.0001
643	424.9191	0.0001
644	425.4884	0.0001
645	426.0575	0.0001
646	426.6265	0.0001
647	427.1953	0.0001
648	427.764	0.0001
649	428.3325	0.0001
650	428.9009	0.0001
651	429.4691	0.0001
652	430.0372	0.0001
653	430.6051	0.0001
654	431.1729	51.88326
655	431.7406	34.54993
656	432.308	38.88326
657	432.8754	418.8833
658	433.4426	467.2166
659	434.0096	745.8833
660	434.5765	416.5499
661	435.1432	456.5499
662	435.7099	148.2166
663	436.2763	2.88326
664	436.8426	0.0001
665	437.4088	0.0001
666	437.9748	21.21659
667	438.5406	47.21659
668	439.1063	0.0001
669	439.6719	0.0001
670	440.2373	57.88326
671	440.8025	44.54993
672	441.3676	101.8833
673	441.9326	33.54993
674	442.4974	0.0001
675	443.0621	0.0001
676	443.6266	0.0001
677	444.1909	0.0001
678	444.7552	49.88326
679	445.3192	102.2166
680	445.8831	0.0001
681	446.4469	0.0001
682	447.0105	0.0001
683	447.574	0.0001
684	448.1373	0.0001
685	448.7005	0.0001
686	449.2635	0.0001
687	449.8264	0.0001
688	450.3891	0.0001
689	450.9517	0.0001
690	451.5141	0.0001
691	452.0764	0.0001
692	452.6385	0.0001
693	453.2005	6.88326
694	453.7623	75.21659
695	454.324	90.88326
696	454.8855	69.21659
697	455.4469	22.54993
698	456.0081	29.54993
699	456.5692	88.21659
700	457.1302	34.88326
701	457.691	25.21659
702	458.2516	0.0001
703	458.8121	0.0001
704	459.3724	0.0001
705	459.9326	0.0001
706	460.4927	0.0001
707	461.0526	0.0001
708	461.6123	0.0001
709	462.1719	0.0001
710	462.7314	0.0001
711	463.2906	0.0001
712	463.8498	230.5499
713	464.4088	288.2166
714	464.9676	202.5499
715	465.5263	0.0001
716	466.0849	0.0001
717	466.6433	207.5499
718	467.2015	332.2166
719	467.7596	250.8833
720	468.3176	0.0001
721	468.8754	0.0001
722	469.433	0.0001
723	469.9906	208.2166
724	470.5479	318.8833
725	471.1051	314.2166
726	471.6622	0.0001
727	472.2191	0.0001
728	472.7758	0.0001
729	473.3325	33.54993
730	473.8889	141.2166
731	474.4453	40.21659
732	475.0014	0.0001
733	475.5574	0.0001
734	476.1133	0.0001
735	476.669	0.0001
736	477.2246	0.0001
737	477.78	0.0001
738	478.3353	0.0001
739	478.8904	0.0001
740	479.4453	0.0001
741	480.0002	0.0001
742	480.5548	0.0001
743	481.1093	0.0001
744	481.6637	0.0001
745	482.218	0.0001
746	482.772	2.88326
747	483.3259	28.54993
748	483.8797	0.0001
749	484.4333	0.0001
750	484.9868	0.0001
751	485.5401	0.0001
752	486.0933	249.8833
753	486.6463	269.5499
754	487.1992	320.2166
755	487.752	0.0001
756	488.3045	0.0001
757	488.857	0.0001
758	489.4092	0.0001
759	489.9614	64.21659
760	490.5134	0.0001
761	491.0652	0.0001
762	491.6169	0.0001
763	492.1684	0.0001
764	492.7198	0.0001
765	493.271	0.0001
766	493.8221	0.0001
767	494.373	351.5499
768	494.9238	410.2166
769	495.4745	466.2166
770	496.0249	92.88326
771	496.5753	97.54993
772	497.1255	3.216594
773	497.6755	0.0001
774	498.2254	0.0001
775	498.7751	0.0001
776	499.3247	0.0001
777	499.8742	0.0001
778	500.4235	13.88326
779	500.9726	0.0001
780	501.5216	42.21659
781	502.0704	0.0001
782	502.6191	85.21659
783	503.1677	29.21659
784	503.7161	50.21659
785	504.2643	0.0001
786	504.8124	12.54993
787	505.3604	18.54993
788	505.9081	57.21659
789	506.4558	75.54993
790	507.0033	162.2166
791	507.5506	216.2166
792	508.0978	255.2166
793	508.6449	173.8833
794	509.1917	107.2166
795	509.7385	26.54993
796	510.2851	53.88326
797	510.8315	96.54993
798	511.3778	95.21659
799	511.924	45.21659
800	512.47	19.88326
801	513.0159	259.2166
802	513.5615	279.2166
803	514.1071	272.5499
804	514.6525	80.54993
805	515.1978	116.5499
806	515.7429	141.8833
807	516.2878	211.2166
808	516.8326	262.5499
809	517.3773	288.2166
810	517.9218	270.8833
811	518.4661	303.5499
812	519.0103	297.2166
813	519.5543	289.8833
814	520.0983	226.5499
815	520.642	295.8833
816	521.1856	339.2166
817	521.7291	390.2166
818	522.2723	394.8833
819	522.8155	426.8833
820	523.3585	465.8833
821	523.9014	519.2166
822	524.4441	538.2166
823	524.9866	602.2166
824	525.5291	647.2166
825	526.0713	799.8833
826	526.6134	882.2166
827	527.1553	891.8833
828	527.6971	829.2166
829	528.2388	782.55
830	528.7803	908.8833
831	529.3217	958.2166
832	529.8629	1054.217
833	530.4039	1018.217
834	530.9448	1062.55
835	531.4856	1221.55
836	532.0262	1328.883
837	532.5667	1472.883
838	533.1069	1641.55
839	533.6471	1799.55
840	534.1871	1791.55
841	534.727	1646.883
842	535.2667	1729.883
843	535.8062	1855.883
844	536.3456	1972.216
845	536.8849	1907.883
846	537.424	1951.883
847	537.963	2078.217
848	538.5018	2321.217
849	539.0404	2464.217
850	539.5789	2558.883
851	540.1172	2672.55
852	540.6555	2755.55
853	541.1935	2851.55
854	541.7314	2904.217
855	542.2692	3018.883
856	542.8068	3133.217
857	543.3442	3237.217
858	543.8815	3357.217
859	544.4187	3452.55
860	544.9557	3527.55
861	545.4926	3730.883
862	546.0293	3920.883
863	546.5659	4015.55
864	547.1022	3989.55
865	547.6385	3988.55
866	548.1746	4096.55
867	548.7106	4208.216
868	549.2463	4276.883
869	549.782	4460.216
870	550.3175	4539.55
871	550.8528	4601.55
872	551.3881	4582.216
873	551.9232	4707.55
874	552.458	4780.55
875	552.9928	4824.216
876	553.5274	4807.55
877	554.0618	4922.55
878	554.5961	4931.883
879	555.1303	4920.55
880	555.6643	4839.883
881	556.1981	4804.55
882	556.7319	4858.883
883	557.2654	4833.55
884	557.7988	4738.883
885	558.332	5262.883
886	558.8652	5278.216
887	559.3981	5285.55
888	559.9309	4676.883
889	560.4636	4581.55
890	560.996	4599.216
891	561.5284	4526.55
892	562.0606	4492.55
893	562.5927	4321.883
894	563.1246	4212.216
895	563.6563	4125.55
896	564.1879	4109.216
897	564.7194	4118.55
898	565.2507	4041.217
899	565.7818	3990.55
900	566.3128	3930.883
901	566.8436	3896.217
902	567.3743	4068.217
903	567.9049	4004.883
904	568.4353	3977.883
905	568.9655	3631.55
906	569.4956	3517.217
907	570.0256	3517.55
908	570.5554	3543.55
909	571.085	3467.883
910	571.6145	3347.883
911	572.1439	3280.55
912	572.673	3243.217
913	573.2021	3103.883
914	573.731	3103.883
915	574.2597	3150.883
916	574.7883	3095.55
917	575.3167	3019.55
918	575.845	2897.883
919	576.3732	2887.217
920	576.9011	2906.55
921	577.429	2861.55
922	577.9567	2970.55
923	578.4842	2864.217
924	579.0116	2828.883
925	579.5388	2694.217
926	580.0659	2695.883
927	580.5928	2734.55
928	581.1196	2667.883
929	581.6463	2685.55
930	582.1727	2685.55
931	582.6991	2810.55
932	583.2253	2898.883
933	583.7513	2964.55
934	584.2772	3019.883
935	584.8029	3001.883
936	585.3285	2893.883
937	585.8539	2845.883
938	586.3792	2795.217
939	586.9044	2907.883
940	587.4293	3182.55
941	587.9542	3175.883
942	588.4788	3080.55
943	589.0034	2781.217
944	589.5277	2791.883
945	590.0519	2806.55
946	590.576	2773.883
947	591.1	2815.217
948	591.6237	2889.883
949	592.1473	2908.217
950	592.6708	2843.883
951	593.1942	2765.217
952	593.7173	2766.883
953	594.2404	2809.55
954	594.7632	2925.55
955	595.2859	3013.217
956	595.8085	3031.217
957	596.3309	2940.217
958	596.8531	2916.55
959	597.3753	2886.883
960	597.8973	2899.55
961	598.4191	2831.217
962	598.9407	2847.217
963	599.4622	2844.217
964	599.9836	2976.55
965	600.5048	2983.883
966	601.0259	2923.217
967	601.5468	2793.217
968	602.0676	2908.217
969	602.5881	3036.883
970	603.1086	3152.55
971	603.6289	2999.217
972	604.149	3121.217
973	604.6691	2983.217
974	605.1889	2971.217
975	605.7086	3128.883
976	606.2282	3112.217
977	606.7476	3023.217
978	607.2668	2610.55
979	607.7859	2522.217
980	608.3049	2557.55
981	608.8237	2569.883
982	609.3423	2667.217
983	609.8608	2592.55
984	610.3792	2514.55
985	610.8974	2409.883
986	611.4154	2387.217
987	611.9333	2329.883
988	612.451	2378.217
989	612.9686	2330.883
990	613.4861	2309.55
991	614.0034	2233.55
992	614.5205	2208.217
993	615.0375	2234.883
994	615.5543	2465.883
995	616.071	2474.883
996	616.5876	2556.217
997	617.1039	2152.217
998	617.6202	2090.217
999	618.1363	1916.883
1000	618.6522	2020.216
1001	619.168	2007.883
1002	619.6836	1913.216
1003	620.1991	1786.55
1004	620.7144	1732.55
1005	621.2296	1710.55
1006	621.7446	1679.217
1007	622.2595	1617.217
1008	622.7742	1619.55
1009	623.2888	1644.883
1010	623.8032	1659.217
1011	624.3175	1989.55
1012	624.8316	1958.216
1013	625.3456	2246.55
1014	625.8594	1976.55
1015	626.373	1967.55
1016	626.8865	1702.217
1017	627.3999	1598.883
1018	627.9131	1578.217
1019	628.4262	1626.55
1020	628.9391	1674.217
1021	629.4519	1702.883
1022	629.9645	1651.55
1023	630.4769	1575.55
1024	630.9893	1539.55
1025	631.5014	1446.55
1026	632.0134	1433.55
1027	632.5253	1496.883
1028	633.037	1488.217
1029	633.5485	1573.55
1030	634.0599	1481.217
1031	634.5712	1409.55
1032	635.0823	1360.55
1033	635.5932	1335.883
1034	636.104	1357.883
1035	636.6146	1245.55
1036	637.1251	1180.883
1037	637.6355	1228.55
1038	638.1457	1272.217
1039	638.6557	1278.55
1040	639.1656	1174.55
1041	639.6754	1247.883
1042	640.1849	1314.883
1043	640.6943	1356.883
1044	641.2036	1253.883
1045	641.7128	1151.217
1046	642.2217	1091.883
1047	642.7306	1015.217
1048	643.2393	1037.883
1049	643.7477	1572.55
1050	644.2562	1584.216
1051	644.7643	1544.216
1052	645.2725	1265.55
1053	645.7803	1245.883
1054	646.2881	1273.55
1055	646.7958	969.55
1056	647.3032	1006.883
1057	647.8105	958.55
1058	648.3177	1023.217
1059	648.8247	928.8833
1060	649.3315	934.8833
1061	649.8383	890.8833
1062	650.3448	957.2166
1063	650.8513	937.8833
1064	651.3575	905.8833
1065	651.8636	901.2166
1066	652.3696	913.2166
1067	652.8754	958.2166
1068	653.381	957.8833
1069	653.8865	995.8833
1070	654.3918	977.8833
1071	654.897	969.2166
1072	655.4021	847.55
1073	655.907	770.55
1074	656.4117	1113.55
1075	656.9163	1132.217
1076	657.4208	1212.217
1077	657.925	809.2166
1078	658.4292	833.8833
1079	658.9332	769.55
1080	659.437	705.8833
1081	659.9407	633.5499
1082	660.4442	655.2166
1083	660.9476	688.55
1084	661.4508	683.2166
1085	661.9539	679.8832
1086	662.4568	743.8833
1087	662.9596	753.2166
1088	663.4622	708.2166
1089	663.9647	600.2166
1090	664.467	635.5499
1091	664.9692	646.2166
1092	665.4712	715.55
1093	665.9731	675.8832
1094	666.4748	763.2166
1095	666.9763	787.2166
1096	667.4777	799.55
1097	667.979	655.2166
1098	668.4801	575.2166
1099	668.9811	478.8833
1100	669.4819	525.2166
1101	669.9825	506.5499
1102	670.483	524.8832
1103	670.9833	495.8833
1104	671.4836	461.2166
1105	671.9836	541.2166
1106	672.4835	715.8833
1107	672.9832	777.8833
1108	673.4828	686.8833
1109	673.9822	497.8833
1110	674.4816	434.5499
1111	674.9807	505.5499
1112	675.4797	545.2166
1113	675.9785	576.5499
1114	676.4772	565.5499
1115	676.9757	559.2166
1116	677.4741	567.2166
1117	677.9723	542.2166
1118	678.4704	451.2166
1119	678.9683	391.2166
1120	679.4661	335.5499
1121	679.9637	429.8833
1122	680.4611	542.2166
1123	680.9584	579.5499
1124	681.4556	517.5499
1125	681.9526	430.8833
1126	682.4495	358.8833
1127	682.9462	337.2166
1128	683.4427	312.2166
1129	683.9391	338.2166
1130	684.4354	340.5499
1131	684.9315	400.2166
1132	685.4274	389.2166
1133	685.9232	314.2166
1134	686.4189	563.8832
1135	686.9144	622.5499
1136	687.4097	627.2166
1137	687.9049	452.5499
1138	688.4	412.5499
1139	688.8948	491.8833
1140	689.3896	322.8833
1141	689.8842	381.5499
1142	690.3786	418.8833
1143	690.8729	403.8833
1144	691.367	344.8833
1145	691.861	318.8833
1146	692.3548	418.5499
1147	692.8484	446.8833
1148	693.342	407.8833
1149	693.8353	284.5499
1150	694.3286	274.8833
1151	694.8216	232.5499
1152	695.3145	264.2166
1153	695.8073	297.8833
1154	696.2999	354.8833
1155	696.7924	420.8833
1156	697.2847	334.5499
1157	697.7768	254.8833
1158	698.2688	179.5499
1159	698.7606	217.2166
1160	699.2523	241.8833
1161	699.7439	251.8833
1162	700.2353	239.2166
1163	700.7265	210.5499
1164	701.2176	277.8833
1165	701.7085	242.5499
1166	702.1993	256.2166
1167	702.6899	213.8833
1168	703.1804	190.2166
1169	703.6707	276.2166
1170	704.1609	196.2166
1171	704.6509	302.8833
1172	705.1408	196.2166
1173	705.6305	222.2166
1174	706.1201	138.2166
1175	706.6095	204.2166
1176	707.0988	217.5499
1177	707.5879	154.8833
1178	708.0768	212.2166
1179	708.5656	674.5499
1180	709.0543	708.8833
1181	709.5428	601.5499
1182	710.0311	227.5499
1183	710.5193	189.8833
1184	711.0074	180.8833
1185	711.4953	40.21659
1186	711.983	159.8833
1187	712.4706	171.2166
1188	712.9581	232.2166
1189	713.4453	178.8833
1190	713.9324	103.5499
1191	714.4194	93.54993
1192	714.9063	295.8833
1193	715.3929	710.55
1194	715.8795	733.55
1195	716.3658	520.5499
1196	716.8521	130.8833
1197	717.3381	411.8833
1198	717.824	482.5499
1199	718.3098	513.5499
1200	718.7954	208.5499
1201	719.2809	87.54993
1202	719.7662	36.88326
1203	720.2513	0.0001
1204	720.7363	82.54993
1205	721.2212	124.5499
1206	721.7059	99.21659
1207	722.1904	0.0001
1208	722.6748	0.0001
1209	723.1591	91.54993
1210	723.6431	238.5499
1211	724.1271	295.2166
1212	724.6108	164.8833
1213	725.0945	129.8833
1214	725.5779	105.5499
1215	726.0613	184.8833
1216	726.5444	161.8833
1217	727.0275	119.2166
1218	727.5103	61.21659
1219	727.993	0.0001
1220	728.4756	77.21659
1221	728.958	115.8833
1222	729.4403	192.8833
1223	729.9224	148.8833
1224	730.4044	146.2166
1225	730.8862	86.21659
1226	731.3678	24.21659
1227	731.8493	0.0001
1228	732.3306	56.54993
1229	732.8118	49.21659
1230	733.2928	33.54993
1231	733.7737	19.21659
1232	734.2545	117.8833
1233	734.7351	108.2166
1234	735.2155	144.2166
1235	735.6958	75.21659
1236	736.1759	136.5499
1237	736.6559	43.21659
1238	737.1357	67.88326
1239	737.6154	0.5499268
1240	738.0949	99.21659
1241	738.5742	5.216593
1242	739.0535	63.88326
1243	739.5325	0.0001
1244	740.0114	0.0001
1245	740.4902	0.0001
1246	740.9688	0.0001
1247	741.4472	12.88326
1248	741.9255	109.2166
1249	742.4036	117.5499
1250	742.8817	120.5499
1251	743.3595	0.0001
1252	743.8372	0.0001
1253	744.3147	0.0001
1254	744.7921	128.8833
1255	745.2693	132.8833
1256	745.7464	172.2166
1257	746.2233	25.21659
1258	746.7001	94.54993
1259	747.1767	384.5499
1260	747.6531	397.2166
1261	748.1295	389.8833
1262	748.6056	26.88326
1263	749.0816	38.21659
1264	749.5575	13.21659
1265	750.0332	3.88326
1266	750.5087	0.0001
1267	750.9841	0.0001
1268	751.4594	36.21659
1269	751.9344	80.21659
1270	752.4094	13.21659
1271	752.8842	0.0001
1272	753.3588	0.0001
1273	753.8333	0.0001
1274	754.3076	0.0001
1275	754.7818	0.0001
1276	755.2558	73.54993
1277	755.7297	300.2166
1278	756.2034	524.8832
1279	756.6769	501.8833
1280	757.1503	238.2166
1281	757.6236	5.549927
1282	758.0967	0.0001
1283	758.5696	0.0001
1284	759.0425	0.0001
1285	759.5151	0.0001
1286	759.9876	347.8833
1287	760.46	416.2166
1288	760.9321	446.8833
1289	761.4042	26.88326
1290	761.876	0.0001
1291	762.3478	0.0001
1292	762.8193	0.0001
1293	763.2908	31.88326
1294	763.762	0.0001
1295	764.2332	0.0001
1296	764.7042	2.549927
1297	765.1749	6.549927
1298	765.6456	1.216593
1299	766.1161	0.0001
1300	766.5865	0.0001
1301	767.0566	0.0001
1302	767.5267	0.0001
1303	767.9966	57.88326
1304	768.4664	48.54993
1305	768.9359	50.21659
1306	769.4054	0.0001
1307	769.8746	0.0001
1308	770.3438	0.0001
1309	770.8127	0.0001
1310	771.2816	0.0001
1311	771.7502	0.0001
1312	772.2188	129.2166
1313	772.6871	47.54993
1314	773.1553	187.5499
1315	773.6234	140.2166
1316	774.0913	164.5499
1317	774.5591	67.54993
1318	775.0267	0.0001
1319	775.4941	0.0001
1320	775.9614	0.0001
1321	776.4286	0.0001
1322	776.8956	0.0001
1323	777.3624	0.0001
1324	777.829	0.0001
1325	778.2956	0.0001
1326	778.762	0.0001
1327	779.2282	0.0001
1328	779.6943	0.0001
1329	780.1602	0.0001
1330	780.626	82.88326
1331	781.0916	75.21659
1332	781.557	36.21659
1333	782.0223	887.8832
1334	782.4875	881.2165
1335	782.9525	961.5498
1336	783.4173	51.88326
1337	783.882	0.0001
1338	784.3466	0.0001
1339	784.8109	0.0001
1340	785.2751	0.0001
1341	785.7393	0.0001
1342	786.2032	0.0001
1343	786.6669	0.0001
1344	787.1306	0.0001
1345	787.5941	0.0001
1346	788.0574	0.0001
1347	788.5205	0.0001
1348	788.9835	169.2166
1349	789.4464	205.5499
1350	789.9091	301.2166
1351	790.3716	42.88326
1352	790.834	39.88326
1353	791.2963	0.0001
1354	791.7584	0.0001
1355	792.2203	0.0001
1356	792.6821	0.0001
1357	793.1437	60.54993
1358	793.6052	39.88326
1359	794.0665	429.2166
1360	794.5276	397.8833
1361	794.9887	376.5499
1362	795.4495	0.0001
1363	795.9103	0.0001
1364	796.3708	0.0001
1365	796.8312	0.0001
1366	797.2914	0.0001
1367	797.7515	0.0001
1368	798.2115	0.0001
1369	798.6713	0.0001
1370	799.1309	0.0001
1371	799.5904	0.0001
1372	800.0497	0.0001
1373	800.5089	0.0001
1374	800.968	0.0001
1375	801.4268	0.0001
1376	801.8855	30.21659
1377	802.3441	0.0001
1378	802.8025	0.0001
1379	803.2607	0.0001
1380	803.7189	0.0001
1381	804.1768	0.0001
1382	804.6346	0.0001
1383	805.0922	0.0001
1384	805.5497	0.0001
1385	806.0071	0.0001
1386	806.4642	0.0001
1387	806.9213	0.0001
1388	807.3782	0.0001
1389	807.8349	0.0001
1390	808.2914	0.0001
1391	808.7479	0.0001
1392	809.2041	0.0001
1393	809.6602	0.0001
1394	810.1161	0.0001
1395	810.572	0.0001
1396	811.0276	0.0001
1397	811.4831	33.88326
1398	811.9385	6.88326
1399	812.3937	0.0001
1400	812.8487	0.0001
1401	813.3036	0.0001
1402	813.7583	28.21659
1403	814.2128	0.0001
1404	814.6673	0.0001
1405	815.1215	0.0001
1406	815.5757	0.0001
1407	816.0296	0.0001
1408	816.4834	3.88326
1409	816.9371	0.0001
1410	817.3906	0.0001
1411	817.8439	77.54993
1412	818.2971	109.5499
1413	818.7501	40.88326
1414	819.203	63.88326
1415	819.6558	37.54993
1416	820.1083	18.88326
1417	820.5607	0.0001
1418	821.013	0.0001
1419	821.4651	0.0001
1420	821.9171	0.0001
1421	822.3689	0.0001
1422	822.8206	108.5499
1423	823.2721	201.5499
1424	823.7234	162.8833
1425	824.1746	55.21659
1426	824.6257	26.88326
1427	825.0765	102.5499
1428	825.5273	31.88326
1429	825.9778	0.0001
1430	826.4283	0.0001
1431	826.8785	0.0001
1432	827.3287	0.0001
1433	827.7786	0.0001
1434	828.2285	0.0001
1435	828.6781	0.0001
1436	829.1276	0.0001
1437	829.577	0.0001
1438	830.0261	0.0001
1439	830.4752	0.0001
1440	830.9241	0.0001
1441	831.3728	88.88326
1442	831.8214	293.2166
1443	832.2698	285.2166
1444	832.7181	201.5499
1445	833.1662	26.54993
1446	833.6141	35.88326
1447	834.062	0.0001
1448	834.5096	0.0001
1449	834.9572	0.0001
1450	835.4045	160.8833
1451	835.8517	279.5499
1452	836.2987	348.5499
1453	836.7456	75.21659
1454	837.1923	0.0001
1455	837.6389	0.0001
1456	838.0853	0.0001
1457	838.5316	0.0001
1458	838.9777	0.0001
1459	839.4237	128.5499
1460	839.8695	135.8833
1461	840.3152	84.88326
1462	840.7607	0.0001
1463	841.206	25.88326
1464	841.6512	211.2166
1465	842.0963	199.8833
1466	842.5411	280.5499
1467	842.9859	54.54993
1468	843.4305	36.88326
1469	843.8749	0.0001
1470	844.3192	0.0001
1471	844.7632	0.0001
1472	845.2072	0.0001
1473	845.6511	0.0001
1474	846.0947	0.0001
1475	846.5382	0.0001
1476	846.9816	0.0001
1477	847.4247	0.0001
1478	847.8678	0.0001
1479	848.3107	0.0001
1480	848.7534	0.0001
1481	849.196	0.0001
1482	849.6384	0.0001
1483	850.0807	0.0001
1484	850.5228	0.0001
1485	850.9647	139.2166
1486	851.4066	65.88326
1487	851.8482	12.88326
1488	852.2897	0.0001
1489	852.7311	0.0001
1490	853.1722	0.0001
1491	853.6133	0.0001
1492	854.0541	0.0001
1493	854.4949	0.0001
1494	854.9355	0.0001
1495	855.3759	0.0001
1496	855.8162	0.0001
1497	856.2563	0.0001
1498	856.6962	74.54993
1499	857.136	0.0001
1500	857.5757	123.2166
1501	858.0152	51.54993
1502	858.4545	102.8833
1503	858.8937	0.0001
1504	859.3328	0.0001
1505	859.7716	0.0001
1506	860.2103	0.0001
1507	860.6489	38.54993
1508	861.0873	93.21659
1509	861.5256	0.0001
1510	861.9637	0.0001
1511	862.4017	0.0001
1512	862.8395	0.0001
1513	863.2771	0.0001
1514	863.7146	0.0001
1515	864.1519	0.0001
1516	864.5891	9.216594
1517	865.0261	0.0001
1518	865.463	50.88326
1519	865.8997	0.0001
1520	866.3363	0.0001
1521	866.7727	0.0001
1522	867.209	0.0001
1523	867.6451	0.0001
1524	868.081	0.0001
1525	868.5168	0.0001
1526	868.9525	0.0001
1527	869.3879	0.0001
1528	869.8232	0.0001
1529	870.2584	0.0001
1530	870.6935	0.0001
1531	871.1284	0.0001
1532	871.563	0.0001
1533	871.9976	0.0001
1534	872.432	26.54993
1535	872.8663	0.0001
1536	873.3004	81.88326
1537	873.7343	112.5499
1538	874.1681	80.54993
1539	874.6017	0.0001
1540	875.0352	0.0001
1541	875.4685	0.0001
1542	875.9017	0.0001
1543	876.3347	0.0001
1544	876.7676	0.0001
1545	877.2003	0.0001
1546	877.6328	0.0001
1547	878.0652	0.0001
1548	878.4974	85.54993
1549	878.9296	39.21659
1550	879.3615	80.88326
1551	879.7933	60.21659
1552	880.2249	212.2166
1553	880.6564	180.5499
1554	881.0877	23.88326
1555	881.5189	0.0001
1556	881.9498	0.0001
1557	882.3807	0.0001
1558	882.8114	0.0001
1559	883.2419	0.0001
1560	883.6723	268.8833
1561	884.1025	249.8833
1562	884.5327	222.8833
1563	884.9626	0.0001
1564	885.3923	34.21659
1565	885.822	80.21659
1566	886.2514	3.88326
1567	886.6807	0.0001
1568	887.1099	0.0001
1569	887.5389	0.0001
1570	887.9677	0.0001
1571	888.3964	0.0001
1572	888.825	0.0001
1573	889.2533	122.2166
1574	889.6815	101.5499
1575	890.1096	89.21659
1576	890.5375	0.0001
1577	890.9653	0.0001
1578	891.3929	0.0001
1579	891.8204	4.88326
1580	892.2477	0.0001
1581	892.6748	0.0001
1582	893.1018	180.5499
1583	893.5286	249.8833
1584	893.9553	300.5499
1585	894.3818	1.88326
1586	894.8082	0.0001
1587	895.2344	0.0001
1588	895.6605	0.0001
1589	896.0864	0.0001
1590	896.5121	0.0001
1591	896.9377	0.0001
1592	897.3632	377.8833
1593	897.7885	805.8833
1594	898.2136	772.55
1595	898.6385	373.8833
1596	899.0634	0.0001
1597	899.488	0.0001
1598	899.9125	0.0001
1599	900.3369	0.0001
1600	900.7611	0.0001
1601	901.1852	0.0001
1602	901.6091	0.0001
1603	902.0328	0.0001
1604	902.4564	0.0001
1605	902.8798	0.0001
1606	903.303	0.0001
1607	903.7262	0.0001
1608	904.1492	0.0001
1609	904.572	0.0001
1610	904.9946	0.0001
1611	905.4171	0.0001
1612	905.8395	0.0001
1613	906.2617	0.0001
1614	906.6837	0.0001
1615	907.1056	3.88326
1616	907.5273	34.88326
1617	907.9489	33.88326
1618	908.3703	0.0001
1619	908.7915	0.0001
1620	909.2126	0.0001
1621	909.6336	0.0001
1622	910.0544	0.0001
1623	910.475	0.0001
1624	910.8955	0.0001
1625	911.3159	0.0001
1626	911.736	0.0001
1627	912.1561	0.0001
1628	912.5759	0.0001
1629	912.9956	144.5499
1630	913.4152	68.54993
1631	913.8346	61.88326
1632	914.2538	0.0001
1633	914.6729	0.0001
1634	915.0919	0.0001
1635	915.5106	0.0001
1636	915.9293	0.0001
1637	916.3477	0.0001
1638	916.7661	0.0001
1639	917.1842	40.88326
1640	917.6022	0.0001
1641	918.0201	0.0001
1642	918.4377	0.0001
1643	918.8553	0.0001
1644	919.2727	0.0001
1645	919.6899	52.21659
1646	920.107	46.88326
1647	920.5239	108.8833
1648	920.9407	74.21659
1649	921.3573	40.54993
1650	921.7737	0.0001
1651	922.19	0.0001
1652	922.6062	0.0001
1653	923.0222	0.0001
1654	923.438	0.0001
1655	923.8537	0.0001
1656	924.2692	0.0001
1657	924.6846	0.0001
1658	925.0998	0.0001
1659	925.5148	121.2166
1660	925.9297	144.8833
1661	926.3445	132.5499
1662	926.7591	0.0001
1663	927.1735	0.0001
1664	927.5878	0.0001
1665	928.002	0.0001
1666	928.4159	0.0001
1667	928.8297	0.0001
1668	929.2434	111.5499
1669	929.6569	101.5499
1670	930.0703	361.2166
1671	930.4835	221.5499
1672	930.8965	225.2166
1673	931.3094	0.0001
1674	931.7221	0.0001
1675	932.1347	0.0001
1676	932.5471	0.0001
1677	932.9594	0.0001
1678	933.3715	0.0001
1679	933.7834	0.0001
1680	934.1953	0.0001
1681	934.6069	0.0001
1682	935.0184	11.54993
1683	935.4297	8.216594
1684	935.8409	0.0001
1685	936.2519	0.0001
1686	936.6628	0.0001
1687	937.0735	0.0001
1688	937.484	0.0001
1689	937.8944	0.0001
1690	938.3047	0.0001
1691	938.7148	0.0001
1692	939.1247	0.0001
1693	939.5345	252.8833
1694	939.9441	400.8833
1695	940.3536	373.8833
1696	940.7629	113.2166
1697	941.1721	31.88326
1698	941.5811	80.21659
1699	941.9899	0.0001
1700	942.3986	0.0001
1701	942.8071	0.0001
1702	943.2155	101.2166
1703	943.6237	116.5499
1704	944.0318	137.2166
1705	944.4397	0.0001
1706	944.8475	0.0001
1707	945.2551	0.0001
1708	945.6625	0.0001
1709	946.0698	0.0001
1710	946.4769	0.0001
1711	946.8839	0.0001
1712	947.2908	0.0001
1713	947.6974	0.0001
1714	948.1039	0.0001
1715	948.5103	0.0001
1716	948.9165	47.88326
1717	949.3226	101.5499
1718	949.7285	22.88326
1719	950.1342	0.0001
1720	950.5397	0.0001
1721	950.9452	0.0001
1722	951.3505	42.54993
1723	951.7556	19.54993
1724	952.1605	48.21659
1725	952.5653	0.0001
1726	952.97	0.0001
1727	953.3745	0.0001
1728	953.7788	0.0001
1729	954.183	0.0001
1730	954.587	0.0001
1731	954.9909	0.0001
1732	955.3946	0.0001
1733	955.7982	26.88326
1734	956.2015	0.0001
1735	956.6048	0.0001
1736	957.0079	0.0001
1737	957.4108	0.0001
1738	957.8136	68.88326
1739	958.2162	0.0001
1740	958.6187	0.0001
1741	959.0211	0.0001
1742	959.4232	0.0001
1743	959.8252	169.5499
1744	960.2271	264.2166
1745	960.6287	228.5499
1746	961.0303	0.0001
1747	961.4316	0.0001
1748	961.8329	0.0001
1749	962.2339	0.0001
1750	962.6348	0.0001
1751	963.0356	0.0001
1752	963.4362	0.0001
1753	963.8367	0.0001
1754	964.2369	0.0001
1755	964.6371	0.0001
1756	965.037	0.0001
1757	965.4369	135.2166
1758	965.8365	115.8833
1759	966.236	0.0001
1760	966.6354	0.0001
1761	967.0346	0.0001
1762	967.4337	0.0001
1763	967.8325	0.0001
1764	968.2313	0.0001
1765	968.6298	0.0001
1766	969.0283	0.0001
1767	969.4265	0.0001
1768	969.8246	0.0001
1769	970.2226	0.0001
1770	970.6204	0.0001
1771	971.018	0.8832601
1772	971.4155	18.88326
1773	971.8128	80.54993
1774	972.21	5.88326
1775	972.607	0.0001
1776	973.0039	0.0001
1777	973.4006	0.0001
1778	973.7971	0.0001
1779	974.1935	488.5499
1780	974.5898	569.5499
1781	974.9858	451.5499
1782	975.3818	58.21659
1783	975.7775	40.88326
1784	976.1732	40.21659
1785	976.5686	0.0001
1786	976.9639	69.54993
1787	977.3591	29.54993
1788	977.754	8.216594
1789	978.1489	0.0001
1790	978.5436	0.0001
1791	978.938	49.88326
1792	979.3325	100.5499
1793	979.7266	81.21659
1794	980.1207	180.5499
1795	980.5146	84.21659
1796	980.9083	78.88326
1797	981.3019	0.0001
1798	981.6954	0.0001
1799	982.0886	0.0001
1800	982.4818	26.54993
1801	982.8747	0.0001
1802	983.2675	0.0001
1803	983.6602	0.0001
1804	984.0527	0.0001
1805	984.445	0.0001
1806	984.8372	0.0001
1807	985.2292	0.0001
1808	985.621	0.0001
1809	986.0128	0.0001
1810	986.4044	34.88326
1811	986.7957	0.0001
1812	987.187	0.0001
1813	987.5781	0.0001
1814	987.969	11.21659
1815	988.3597	55.21659
1816	988.7504	82.88326
1817	989.1409	0.0001
1818	989.5311	0.0001
1819	989.9213	0.0001
1820	990.3113	25.88326
1821	990.7011	12.21659
1822	991.0908	0.0001
1823	991.4803	0.0001
1824	991.8697	0.0001
1825	992.2589	0.0001
1826	992.648	110.5499
1827	993.0369	132.8833
1828	993.4257	141.8833
1829	993.8142	0.0001
1830	994.2026	83.54993
1831	994.5909	99.21659
1832	994.9791	218.5499
1833	995.367	0.0001
1834	995.7548	0.0001
1835	996.1425	0.0001
1836	996.53	0.0001
1837	996.9173	0.0001
1838	997.3045	0.0001
1839	997.6915	0.0001
1840	998.0784	0.0001
1841	998.4651	0.0001
1842	998.8516	60.54993
1843	999.238	98.88326
1844	999.6243	45.21659
1845	1000.01	0.0001
1846	1000.396	12.54993
1847	1000.782	0.0001
1848	1001.168	0.0001
1849	1001.553	316.5499
1850	1001.938	395.2166
1851	1002.324	388.5499
1852	1002.709	0.0001
1853	1003.093	0.0001
1854	1003.478	0.0001
1855	1003.863	0.0001
1856	1004.247	0.0001
1857	1004.631	0.0001
1858	1005.015	0.0001
1859	1005.399	0.0001
1860	1005.783	0.0001
1861	1006.167	0.0001
1862	1006.55	0.0001
1863	1006.933	0.0001
1864	1007.316	0.0001
1865	1007.699	0.0001
1866	1008.082	0.0001
1867	1008.465	0.0001
1868	1008.847	0.0001
1869	1009.23	0.0001
1870	1009.612	0.0001
1871	1009.994	0.0001
1872	1010.376	0.0001
1873	1010.757	0.0001
1874	1011.139	0.0001
1875	1011.52	0.0001
1876	1011.901	0.0001
1877	1012.283	0.0001
1878	1012.664	0.0001
1879	1013.044	0.0001
1880	1013.425	0.0001
1881	1013.805	0.0001
1882	1014.186	0.0001
1883	1014.566	0.0001
1884	1014.946	0.0001
1885	1015.326	0.0001
1886	1015.705	0.0001
1887	1016.085	0.0001
1888	1016.464	0.0001
1889	1016.843	36.21659
1890	1017.222	0.0001
1891	1017.601	0.0001
1892	1017.98	0.0001
1893	1018.359	0.0001
1894	1018.737	0.0001
1895	1019.115	0.0001
1896	1019.493	0.0001
1897	1019.871	0.0001
1898	1020.249	0.0001
1899	1020.627	0.0001
1900	1021.004	0.0001
1901	1021.382	0.0001
1902	1021.759	0.0001
1903	1022.136	0.0001
1904	1022.513	0.0001
1905	1022.889	0.0001
1906	1023.266	0.0001
1907	1023.642	0.0001
1908	1024.018	0.0001
1909	1024.395	0.0001
1910	1024.77	0.0001
1911	1025.146	29.21659
1912	1025.522	35.54993
1913	1025.897	71.54993
1914	1026.272	6.216593
1915	1026.648	0.0001
1916	1027.023	0.0001
1917	1027.397	0.0001
1918	1027.772	21.21659
1919	1028.146	0.0001
1920	1028.521	0.0001
1921	1028.895	0.0001
1922	1029.269	0.0001
1923	1029.643	0.0001
1924	1030.017	0.0001
1925	1030.39	0.0001
1926	1030.764	0.0001
1927	1031.137	0.0001
1928	1031.51	0.0001
1929	1031.883	13.54993
1930	1032.256	379.2166
1931	1032.628	632.5499
1932	1033.001	519.8832
1933	1033.373	239.5499
1934	1033.745	0.0001
1935	1034.117	0.0001
1936	1034.489	0.0001
1937	1034.861	0.0001
1938	1035.232	0.0001
1939	1035.604	0.0001
1940	1035.975	0.0001
1941	1036.346	0.0001
1942	1036.717	0.0001
1943	1037.088	256.2166
1944	1037.458	255.5499
1945	1037.828	254.5499
1946	1038.199	0.0001
1947	1038.569	0.0001
1948	1038.939	0.0001
1949	1039.309	0.0001
1950	1039.678	0.0001
1951	1040.048	0.0001
1952	1040.417	0.0001
1953	1040.786	0.0001
1954	1041.155	0.0001
1955	1041.524	0.0001
1956	1041.893	0.0001
1957	1042.261	0.0001
1958	1042.63	0.0001
1959	1042.998	0.0001
1960	1043.366	0.0001
1961	1043.734	0.0001
1962	1044.102	0.0001
1963	1044.469	0.0001
1964	1044.837	0.0001
1965	1045.204	0.0001
1966	1045.571	0.0001
1967	1045.938	0.0001
1968	1046.305	0.0001
1969	1046.672	0.0001
1970	1047.038	0.0001
1971	1047.404	0.0001
1972	1047.771	0.0001
1973	1048.136	0.0001
1974	1048.502	53.88326
1975	1048.868	79.21659
1976	1049.234	61.88326
1977	1049.599	0.0001
1978	1049.964	0.0001
1979	1050.329	0.0001
1980	1050.694	17.54993
1981	1051.059	145.5499
1982	1051.424	208.5499
1983	1051.788	0.0001
1984	1052.152	0.0001
1985	1052.516	0.0001
1986	1052.88	108.8833
1987	1053.244	141.5499
1988	1053.608	190.2166
1989	1053.971	186.8833
1990	1054.335	206.5499
1991	1054.698	287.2166
1992	1055.061	92.21659
1993	1055.424	26.54993
1994	1055.787	48.54993
1995	1056.149	93.54993
1996	1056.512	204.8833
1997	1056.874	12.88326
1998	1057.236	0.0001
1999	1057.598	0.0001
2000	1057.96	0.0001
2001	1058.321	0.0001
2002	1058.683	0.0001
2003	1059.044	0.0001
2004	1059.405	52.88326
2005	1059.766	64.21659
2006	1060.127	17.88326
2007	1060.488	0.0001
2008	1060.848	0.0001
2009	1061.209	0.0001
2010	1061.569	0.0001
2011	1061.929	54.54993
2012	1062.289	20.88326
2013	1062.648	0.0001
2014	1063.008	0.0001
2015	1063.367	468.5499
2016	1063.727	594.5499
2017	1064.086	471.8833
2018	1064.445	54.21659
2019	1064.804	0.0001
2020	1065.162	0.0001
2021	1065.521	214.5499
2022	1065.879	274.8833
2023	1066.237	308.2166
2024	1066.595	0.0001
2025	1066.953	0.0001
2026	1067.311	0.0001
2027	1067.668	0.0001
2028	1068.026	0.0001
2029	1068.383	0.0001
2030	1068.74	0.0001
2031	1069.097	0.0001
2032	1069.453	0.0001
2033	1069.81	0.0001
2034	1070.166	80.54993
2035	1070.523	0.0001
2036	1070.879	0.0001
2037	1071.235	0.0001
2038	1071.591	0.0001
2039	1071.946	34.54993
2040	1072.302	62.88326
2041	1072.657	97.54993
2042	1073.012	0.0001
2043	1073.367	44.54993
2044	1073.722	0.0001
2045	1074.077	0.0001
2046	1074.431	0.0001
2047	1074.786	0.0001
