0	28.36968	499.2501
1	29.03326	299.3334
2	29.69669	0.0001
3	30.35998	0.0001
4	31.02312	0.0001
5	31.68612	0.0001
6	32.34897	0.0001
7	33.01168	0.0001
8	33.67424	0.0001
9	34.33666	0.0001
10	34.99894	0.0001
11	35.66106	0.0001
12	36.32305	0.0001
13	36.98489	0.0001
14	37.64658	0.0001
15	38.30814	975.8334
16	38.96954	1094.833
17	39.6308	1144.5
18	40.29192	0.0001
19	40.95289	0.0001
20	41.61372	0.0001
21	42.2744	0.0001
22	42.93494	0.0001
23	43.59533	0.0001
24	44.25558	0.0001
25	44.91568	733.5001
26	45.57564	738.8333
27	46.23545	714.5
28	46.89512	0.0001
29	47.55465	0.0001
30	48.21402	0.0001
31	48.87326	69.16679
32	49.53235	0.0001
33	50.1913	0.0001
34	50.85009	0.0001
35	51.50875	0.0001
36	52.16726	0.0001
37	52.82563	0.0001
38	53.48384	0.0001
39	54.14192	50.16679
40	54.79985	20.16679
41	55.45764	12.16679
42	56.11528	0.0001
43	56.77278	0.0001
44	57.43013	0.0001
45	58.08733	0.0001
46	58.7444	135.8335
47	59.40131	159.8335
48	60.05809	525.1668
49	60.71471	220.5001
50	61.3712	266.8335
51	62.02753	0.0001
52	62.68372	0.0001
53	63.33977	0.0001
54	63.99567	3.166789
55	64.65143	127.5001
56	65.30704	128.8335
57	65.96251	295.5001
58	66.61784	246.1668
59	67.27301	216.8335
60	67.92805	0.0001
61	68.58293	0.0001
62	69.23768	55.16679
63	69.89227	111.1668
64	70.54672	0.0001
65	71.20103	0.0001
66	71.85519	0.0001
67	72.50922	0.0001
68	73.16309	0.0001
69	73.81681	0.0001
70	74.4704	0.0001
71	75.12383	0.0001
72	75.77712	0.0001
73	76.43027	0.0001
74	77.08327	0.0001
75	77.73613	0.0001
76	78.38884	0.0001
77	79.04141	0.0001
78	79.69383	14.50012
79	80.34611	6.166789
80	80.99824	0.0001
81	81.65022	16.83346
82	82.30207	66.16679
83	82.95377	184.1668
84	83.60532	142.5001
85	84.25672	93.83346
86	84.90798	0.0001
87	85.5591	0.0001
88	86.21007	0.0001
89	86.86089	0.0001
90	87.51157	45.16679
91	88.16211	16.50012
92	88.8125	0.0001
93	89.46274	0.0001
94	90.11284	0.0001
95	90.76279	0.0001
96	91.41261	51.83345
97	92.06227	44.83345
98	92.71178	36.83345
99	93.36116	0.0001
100	94.01038	0.0001
101	94.65947	0.0001
102	95.30841	0.0001
103	95.9572	0.0001
104	96.60584	0.0001
105	97.25435	0.0001
106	97.9027	0.0001
107	98.55092	0.0001
108	99.19898	0.0001
109	99.8469	0.0001
110	100.4947	0.0001
111	101.1423	490.5001
112	101.7898	590.1668
113	102.4371	627.1668
114	103.0843	125.1668
115	103.7314	46.50012
116	104.3783	57.16679
117	105.025	0.0001
118	105.6716	0.0001
119	106.3181	0.0001
120	106.9644	0.0001
121	107.6106	0.0001
122	108.2566	0.0001
123	108.9025	0.0001
124	109.5483	0.0001
125	110.1939	8.166789
126	110.8393	298.1668
127	111.4846	140.8335
128	112.1298	419.8335
129	112.7748	149.1668
130	113.4197	348.8335
131	114.0644	53.50012
132	114.709	39.83345
133	115.3534	0.0001
134	115.9977	0.0001
135	116.6418	0.0001
136	117.2858	0.0001
137	117.9297	0.0001
138	118.5734	0.0001
139	119.2169	0.0001
140	119.8603	0.0001
141	120.5036	0.0001
142	121.1467	0.0001
143	121.7897	0.0001
144	122.4325	0.0001
145	123.0752	0.0001
146	123.7178	0.0001
147	124.3602	0.0001
148	125.0024	0.0001
149	125.6445	0.0001
150	126.2865	0.0001
151	126.9283	0.0001
152	127.5699	0.0001
153	128.2115	0.0001
154	128.8528	0.0001
155	129.4941	0.0001
156	130.1351	7.500122
157	130.7761	87.50012
158	131.4169	483.1668
159	132.0575	397.5001
160	132.698	330.8335
161	133.3384	0.0001
162	133.9786	0.0001
163	134.6187	0.0001
164	135.2586	0.0001
165	135.8984	0.0001
166	136.538	0.0001
167	137.1775	0.0001
168	137.8168	0.0001
169	138.456	0.0001
170	139.095	0.0001
171	139.7339	0.0001
172	140.3727	0.0001
173	141.0113	63.50012
174	141.6498	0.0001
175	142.2881	0.0001
176	142.9263	0.0001
177	143.5643	63.83345
178	144.2022	98.83346
179	144.8399	74.50012
180	145.4775	67.83346
181	146.1149	21.83346
182	146.7522	0.0001
183	147.3894	0.0001
184	148.0264	0.0001
185	148.6632	0.0001
186	149.3	0.0001
187	149.9365	0.0001
188	150.5729	0.0001
189	151.2092	0.0001
190	151.8454	0.0001
191	152.4813	49.16679
192	153.1172	123.1668
193	153.7529	39.83345
194	154.3884	111.8335
195	155.0238	25.83346
196	155.6591	0.0001
197	156.2942	0.0001
198	156.9291	0.0001
199	157.564	29.16679
200	158.1986	5.166789
201	158.8332	0.0001
202	159.4675	0.0001
203	160.1018	0.0001
204	160.7359	0.0001
205	161.3698	1.166789
206	162.0036	0.0001
207	162.6373	0.0001
208	163.2708	0.0001
209	163.9041	4.833456
210	164.5373	0.0001
211	165.1704	0.0001
212	165.8033	0.0001
213	166.4361	0.0001
214	167.0687	0.0001
215	167.7012	0.0001
216	168.3335	0.0001
217	168.9657	0.0001
218	169.5978	0.0001
219	170.2297	0.0001
220	170.8614	0.0001
221	171.493	0.0001
222	172.1245	0.0001
223	172.7558	0.0001
224	173.387	0.0001
225	174.018	39.16679
226	174.6489	0.0001
227	175.2796	0.0001
228	175.9102	0.0001
229	176.5406	0.0001
230	177.1709	29.83346
231	177.8011	0.0001
232	178.4311	0.0001
233	179.0609	0.0001
234	179.6906	9.166789
235	180.3202	21.83346
236	180.9496	9.166789
237	181.5789	0.0001
238	182.208	0.0001
239	182.837	0.0001
240	183.4658	0.0001
241	184.0945	0.0001
242	184.723	0.0001
243	185.3514	0.0001
244	185.9797	0.0001
245	186.6078	0.0001
246	187.2357	0.0001
247	187.8635	0.0001
248	188.4912	0.0001
249	189.1187	0.0001
250	189.7461	0.0001
251	190.3733	0.0001
252	191.0004	0.0001
253	191.6273	0.0001
254	192.2541	1.833455
255	192.8808	0.0001
256	193.5072	26.16679
257	194.1336	0.0001
258	194.7598	0.0001
259	195.3858	48.50012
260	196.0117	53.50012
261	196.6375	78.16679
262	197.2631	197.5001
263	197.8886	162.1668
264	198.5139	176.8335
265	199.1391	0.0001
266	199.7641	0.0001
267	200.389	419.5001
268	201.0137	455.5001
269	201.6383	445.1668
270	202.2628	0.0001
271	202.8871	0.0001
272	203.5112	0.0001
273	204.1352	0.0001
274	204.7591	0.0001
275	205.3828	0.0001
276	206.0064	53.16679
277	206.6298	0.0001
278	207.2531	0.0001
279	207.8762	0.0001
280	208.4992	0.0001
281	209.122	78.16679
282	209.7447	0.0001
283	210.3672	20.16679
284	210.9896	0.0001
285	211.6119	6.833456
286	212.234	0.0001
287	212.8559	0.0001
288	213.4778	0.0001
289	214.0994	0.0001
290	214.7209	0.0001
291	215.3423	0.0001
292	215.9635	0.0001
293	216.5846	0.0001
294	217.2055	135.8335
295	217.8263	138.5001
296	218.447	326.5001
297	219.0675	94.83346
298	219.6878	236.1668
299	220.308	191.5001
300	220.9281	384.8335
301	221.548	239.5001
302	222.1677	90.16679
303	222.7873	0.0001
304	223.4068	0.0001
305	224.0261	0.0001
306	224.6453	0.0001
307	225.2643	6.500122
308	225.8832	0.0001
309	226.5019	14.83346
310	227.1205	32.83345
311	227.739	54.83345
312	228.3573	17.50012
313	228.9754	0.0001
314	229.5934	0.0001
315	230.2112	0.0001
316	230.8289	0.0001
317	231.4465	0.0001
318	232.0639	0.0001
319	232.6812	0.0001
320	233.2983	0.0001
321	233.9153	0.0001
322	234.5321	19.83346
323	235.1488	237.8335
324	235.7653	162.1668
325	236.3817	62.83345
326	236.998	0.0001
327	237.6141	0.0001
328	238.23	0.0001
329	238.8458	0.0001
330	239.4615	0.0001
331	240.077	0.0001
332	240.6923	0.0001
333	241.3075	0.0001
334	241.9226	0.0001
335	242.5375	0.0001
336	243.1523	0.0001
337	243.7669	0.0001
338	244.3814	0.0001
339	244.9957	0.0001
340	245.6099	0.0001
341	246.224	0.0001
342	246.8379	0.0001
343	247.4516	0.0001
344	248.0652	0.0001
345	248.6786	0.0001
346	249.292	0.0001
347	249.9051	0.0001
348	250.5181	0.0001
349	251.131	0.0001
350	251.7437	0.0001
351	252.3563	0.0001
352	252.9687	0.0001
353	253.581	0.0001
354	254.1931	0.0001
355	254.8051	0.0001
356	255.4169	0.0001
357	256.0286	0.0001
358	256.6402	149.5001
359	257.2516	186.5001
360	257.8628	301.1668
361	258.4739	28.16679
362	259.0849	0.0001
363	259.6957	384.8335
364	260.3063	405.5001
365	260.9169	421.1668
366	261.5272	0.0001
367	262.1375	0.0001
368	262.7475	0.0001
369	263.3575	0.0001
370	263.9672	0.0001
371	264.5769	2.833455
372	265.1864	13.50012
373	265.7957	6.833456
374	266.4049	0.0001
375	267.0139	0.0001
376	267.6228	0.0001
377	268.2316	124.1668
378	268.8402	463.8335
379	269.4486	508.1668
380	270.0569	245.1668
381	270.6651	42.50012
382	271.2731	63.50012
383	271.881	0.0001
384	272.4887	0.0001
385	273.0963	0.0001
386	273.7037	0.0001
387	274.311	22.16679
388	274.9182	48.16679
389	275.5251	93.50012
390	276.132	0.0001
391	276.7387	0.0001
392	277.3452	0.0001
393	277.9516	0.0001
394	278.5579	0.0001
395	279.164	0.0001
396	279.7699	13.16679
397	280.3757	66.16679
398	280.9814	155.8335
399	281.5869	83.83346
400	282.1923	51.83345
401	282.7975	0.0001
402	283.4026	0.0001
403	284.0075	0.0001
404	284.6123	0.0001
405	285.2169	0.0001
406	285.8214	156.1668
407	286.4258	521.5001
408	287.0299	915.5002
409	287.634	674.1668
410	288.2379	466.5001
411	288.8416	46.83345
412	289.4452	0.0001
413	290.0487	0.0001
414	290.652	0.0001
415	291.2552	0.0001
416	291.8582	0.0001
417	292.461	0.0001
418	293.0638	0.0001
419	293.6663	0.0001
420	294.2687	77.50012
421	294.871	106.1668
422	295.4731	90.83346
423	296.0751	0.0001
424	296.677	0.0001
425	297.2787	18.50012
426	297.8802	0.0001
427	298.4816	54.50012
428	299.0828	182.8335
429	299.6839	134.8335
430	300.2849	27.83346
431	300.8857	0.0001
432	301.4864	0.0001
433	302.0869	0.0001
434	302.6872	0.0001
435	303.2874	9.500122
436	303.8875	0.0001
437	304.4874	0.0001
438	305.0872	0.0001
439	305.6868	144.8335
440	306.2863	598.1668
441	306.8856	662.1668
442	307.4848	458.8335
443	308.0838	0.0001
444	308.6827	0.0001
445	309.2815	0.0001
446	309.8801	11.16679
447	310.4785	0.0001
448	311.0768	0.0001
449	311.675	0.0001
450	312.2729	0.0001
451	312.8708	0.0001
452	313.4685	0.0001
453	314.0661	0.0001
454	314.6635	0.0001
455	315.2608	0.0001
456	315.8579	466.8335
457	316.4549	477.5001
458	317.0517	540.1668
459	317.6483	0.0001
460	318.2449	0.0001
461	318.8412	0.0001
462	319.4375	0.0001
463	320.0336	0.0001
464	320.6295	0.0001
465	321.2253	0.0001
466	321.821	0.0001
467	322.4164	0.0001
468	323.0118	0.0001
469	323.607	0.0001
470	324.2021	0.0001
471	324.797	0.0001
472	325.3917	0.0001
473	325.9863	0.0001
474	326.5808	0.0001
475	327.1751	0.0001
476	327.7693	34.50012
477	328.3633	7.833456
478	328.9572	57.50012
479	329.5509	19.50012
480	330.1444	25.50012
481	330.7379	0.0001
482	331.3312	228.5001
483	331.9243	255.1668
484	332.5173	553.5001
485	333.1101	279.1668
486	333.7028	255.1668
487	334.2953	0.0001
488	334.8878	4.166789
489	335.48	0.0001
490	336.0721	0.0001
491	336.664	0.0001
492	337.2559	0.0001
493	337.8475	0.0001
494	338.439	0.0001
495	339.0304	25.83346
496	339.6216	131.1668
497	340.2126	57.83345
498	340.8036	0.0001
499	341.3943	0.0001
500	341.985	0.0001
501	342.5754	0.0001
502	343.1658	0.0001
503	343.756	55.50012
504	344.346	155.1668
505	344.9359	161.8335
506	345.5256	39.16679
507	346.1152	0.0001
508	346.7046	0.0001
509	347.2939	0.0001
510	347.8831	0.0001
511	348.472	0.0001
512	349.0609	0.0001
513	349.6496	0.0001
514	350.2381	0.0001
515	350.8265	0.0001
516	351.4148	0.0001
517	352.0029	0.0001
518	352.5909	0.0001
519	353.1787	0.0001
520	353.7664	0.0001
521	354.3539	0.0001
522	354.9412	0.0001
523	355.5284	0.0001
524	356.1155	0.0001
525	356.7025	0.0001
526	357.2892	0.0001
527	357.8759	0.0001
528	358.4623	41.50012
529	359.0487	0.0001
530	359.6349	0.0001
531	360.2209	0.0001
532	360.8068	0.0001
533	361.3925	0.0001
534	361.9781	0.0001
535	362.5636	0.0001
536	363.1489	0.0001
537	363.734	0.0001
538	364.319	0.0001
539	364.9039	0.0001
540	365.4886	0.0001
541	366.0731	0.0001
542	366.6575	0.0001
543	367.2418	0.0001
544	367.8259	0.0001
545	368.4099	0.0001
546	368.9937	0.0001
547	369.5774	0.0001
548	370.1609	0.0001
549	370.7443	0.0001
550	371.3275	0.0001
551	371.9106	0.0001
552	372.4935	85.83346
553	373.0763	59.16679
554	373.6589	16.50012
555	374.2414	0.0001
556	374.8237	31.16679
557	375.4059	8.500122
558	375.9879	30.83346
559	376.5698	0.0001
560	377.1516	0.0001
561	377.7332	28.16679
562	378.3146	30.83346
563	378.8959	27.50012
564	379.4771	0.0001
565	380.0581	0.0001
566	380.6389	0.0001
567	381.2196	0.0001
568	381.8002	0.5001221
569	382.3806	2.166789
570	382.9608	51.50012
571	383.541	0.0001
572	384.1209	66.50012
573	384.7007	83.50012
574	385.2804	59.83345
575	385.8599	0.0001
576	386.4393	0.0001
577	387.0185	0.0001
578	387.5976	0.0001
579	388.1765	0.0001
580	388.7553	0.0001
581	389.3339	0.0001
582	389.9124	0.0001
583	390.4908	0.0001
584	391.0689	212.8335
585	391.647	177.8335
586	392.2249	217.8335
587	392.8026	0.0001
588	393.3802	0.0001
589	393.9576	0.0001
590	394.5349	0.0001
591	395.1121	0.0001
592	395.6891	19.50012
593	396.2659	179.8335
594	396.8426	0.0001
595	397.4192	41.16679
596	397.9956	0.0001
597	398.5718	200.5001
598	399.1479	123.8335
599	399.7239	121.5001
600	400.2997	0.0001
601	400.8754	0.0001
602	401.4509	0.0001
603	402.0262	0.0001
604	402.6015	85.16679
605	403.1765	118.1668
606	403.7515	139.5001
607	404.3262	0.0001
608	404.9008	0.0001
609	405.4753	0.0001
610	406.0497	0.0001
611	406.6238	0.0001
612	407.1979	0.0001
613	407.7718	0.0001
614	408.3455	0.0001
615	408.9191	0.0001
616	409.4925	0.0001
617	410.0658	0.0001
618	410.6389	132.8335
619	411.2119	249.1668
620	411.7848	316.8335
621	412.3575	44.83345
622	412.93	0.0001
623	413.5024	0.0001
624	414.0746	0.0001
625	414.6467	0.0001
626	415.2187	3.500122
627	415.7905	0.0001
628	416.3621	3.166789
629	416.9336	0.0001
630	417.505	22.16679
631	418.0762	0.0001
632	418.6472	0.0001
633	419.2182	0.0001
634	419.7889	0.0001
635	420.3595	0.0001
636	420.93	0.0001
637	421.5003	0.0001
638	422.0705	0.0001
639	422.6405	0.0001
640	423.2104	0.0001
641	423.7801	0.0001
642	424.3497	0.0001
643	424.9191	0.0001
644	425.4884	0.0001
645	426.0575	0.0001
646	426.6265	0.0001
647	427.1953	0.0001
648	427.764	0.0001
649	428.3325	0.0001
650	428.9009	0.0001
651	429.4691	0.0001
652	430.0372	0.0001
653	430.6051	0.0001
654	431.1729	0.0001
655	431.7406	0.0001
656	432.308	0.0001
657	432.8754	398.1668
658	433.4426	481.8335
659	434.0096	740.1668
660	434.5765	412.8335
661	435.1432	436.8335
662	435.7099	106.1668
663	436.2763	0.0001
664	436.8426	0.0001
665	437.4088	0.0001
666	437.9748	0.0001
667	438.5406	0.0001
668	439.1063	0.0001
669	439.6719	0.0001
670	440.2373	34.83345
671	440.8025	26.83346
672	441.3676	119.8335
673	441.9326	38.50012
674	442.4974	0.0001
675	443.0621	0.0001
676	443.6266	0.0001
677	444.1909	0.0001
678	444.7552	0.0001
679	445.3192	64.50012
680	445.8831	0.0001
681	446.4469	0.0001
682	447.0105	0.0001
683	447.574	0.0001
684	448.1373	0.0001
685	448.7005	0.0001
686	449.2635	0.0001
687	449.8264	0.0001
688	450.3891	0.0001
689	450.9517	0.0001
690	451.5141	0.0001
691	452.0764	0.0001
692	452.6385	0.0001
693	453.2005	0.0001
694	453.7623	5.833456
695	454.324	9.500122
696	454.8855	0.0001
697	455.4469	0.0001
698	456.0081	0.0001
699	456.5692	50.16679
700	457.1302	0.0001
701	457.691	0.0001
702	458.2516	0.0001
703	458.8121	0.0001
704	459.3724	0.0001
705	459.9326	0.0001
706	460.4927	0.0001
707	461.0526	0.0001
708	461.6123	0.0001
709	462.1719	0.0001
710	462.7314	0.0001
711	463.2906	0.0001
712	463.8498	209.5001
713	464.4088	279.5001
714	464.9676	245.5001
715	465.5263	0.0001
716	466.0849	0.0001
717	466.6433	217.8335
718	467.2015	300.8335
719	467.7596	205.8335
720	468.3176	0.0001
721	468.8754	0.0001
722	469.433	0.0001
723	469.9906	197.1668
724	470.5479	319.8335
725	471.1051	337.8335
726	471.6622	0.0001
727	472.2191	0.0001
728	472.7758	0.0001
729	473.3325	0.0001
730	473.8889	104.1668
731	474.4453	15.83346
732	475.0014	0.0001
733	475.5574	0.0001
734	476.1133	0.0001
735	476.669	0.0001
736	477.2246	0.0001
737	477.78	0.0001
738	478.3353	0.0001
739	478.8904	0.0001
740	479.4453	0.0001
741	480.0002	0.0001
742	480.5548	0.0001
743	481.1093	0.0001
744	481.6637	0.0001
745	482.218	0.0001
746	482.772	0.0001
747	483.3259	0.0001
748	483.8797	0.0001
749	484.4333	0.0001
750	484.9868	0.0001
751	485.5401	0.0001
752	486.0933	262.5001
753	486.6463	222.1668
754	487.1992	239.1668
755	487.752	0.0001
756	488.3045	0.0001
757	488.857	0.0001
758	489.4092	31.16679
759	489.9614	83.83346
760	490.5134	0.0001
761	491.0652	0.0001
762	491.6169	0.0001
763	492.1684	0.0001
764	492.7198	0.0001
765	493.271	0.0001
766	493.8221	0.0001
767	494.373	341.5001
768	494.9238	335.8335
769	495.4745	412.5001
770	496.0249	23.16679
771	496.5753	87.83346
772	497.1255	0.8334554
773	497.6755	0.0001
774	498.2254	0.0001
775	498.7751	0.0001
776	499.3247	0.0001
777	499.8742	0.0001
778	500.4235	21.16679
779	500.9726	0.0001
780	501.5216	51.16679
781	502.0704	2.166789
782	502.6191	125.8335
783	503.1677	26.16679
784	503.7161	6.166789
785	504.2643	0.0001
786	504.8124	0.0001
787	505.3604	27.50012
788	505.9081	27.83346
789	506.4558	37.83345
790	507.0033	86.83346
791	507.5506	164.5001
792	508.0978	203.8335
793	508.6449	131.1668
794	509.1917	80.16679
795	509.7385	12.50012
796	510.2851	81.50012
797	510.8315	108.1668
798	511.3778	108.5001
799	511.924	13.16679
800	512.47	0.0001
801	513.0159	201.5001
802	513.5615	239.1668
803	514.1071	234.1668
804	514.6525	45.83345
805	515.1978	107.1668
806	515.7429	146.5001
807	516.2878	215.1668
808	516.8326	228.5001
809	517.3773	242.8335
810	517.9218	223.8335
811	518.4661	254.5001
812	519.0103	255.8335
813	519.5543	242.8335
814	520.0983	184.8335
815	520.642	242.1668
816	521.1856	245.5001
817	521.7291	273.1668
818	522.2723	251.8335
819	522.8155	282.1668
820	523.3585	306.1668
821	523.9014	339.1668
822	524.4441	361.8335
823	524.9866	448.5001
824	525.5291	489.1668
825	526.0713	665.1668
826	526.6134	761.1668
827	527.1553	776.5002
828	527.6971	667.5001
829	528.2388	604.1668
830	528.7803	737.1668
831	529.3217	805.1668
832	529.8629	930.8335
833	530.4039	947.5002
834	530.9448	993.5002
835	531.4856	1104.833
836	532.0262	1166.833
837	532.5667	1247.167
838	533.1069	1357.833
839	533.6471	1504.167
840	534.1871	1571.5
841	534.727	1484.5
842	535.2667	1529.833
843	535.8062	1598.5
844	536.3456	1650.833
845	536.8849	1645.833
846	537.424	1683.5
847	537.963	1895.167
848	538.5018	2033.5
849	539.0404	2185.167
850	539.5789	2226.833
851	540.1172	2324.167
852	540.6555	2377.833
853	541.1935	2434.833
854	541.7314	2528.5
855	542.2692	2621.5
856	542.8068	2741.167
857	543.3442	2788.833
858	543.8815	2917.833
859	544.4187	2935.833
860	544.9557	3008.833
861	545.4926	3200.167
862	546.0293	3436.167
863	546.5659	3555.167
864	547.1022	3588.833
865	547.6385	3571.5
866	548.1746	3664.5
867	548.7106	3666.5
868	549.2463	3714.167
869	549.782	3845.167
870	550.3175	3934.5
871	550.8528	3958.5
872	551.3881	3957.167
873	551.9232	4061.167
874	552.458	4131.833
875	552.9928	4201.833
876	553.5274	4228.167
877	554.0618	4328.167
878	554.5961	4366.167
879	555.1303	4289.167
880	555.6643	4309.167
881	556.1981	4248.5
882	556.7319	4419.5
883	557.2654	4327.833
884	557.7988	4225.167
885	558.332	4724.833
886	558.8652	4760.833
887	559.3981	4763.167
888	559.9309	4095.833
889	560.4636	4023.5
890	560.996	4034.833
891	561.5284	3986.5
892	562.0606	3921.5
893	562.5927	3850.167
894	563.1246	3802.167
895	563.6563	3747.5
896	564.1879	3692.833
897	564.7194	3598.167
898	565.2507	3508.833
899	565.7818	3439.5
900	566.3128	3470.167
901	566.8436	3495.5
902	567.3743	3713.5
903	567.9049	3640.5
904	568.4353	3618.5
905	568.9655	3225.833
906	569.4956	3127.833
907	570.0256	3118.5
908	570.5554	3105.833
909	571.085	2970.167
910	571.6145	2804.833
911	572.1439	2773.5
912	572.673	2810.5
913	573.2021	2718.833
914	573.731	2766.5
915	574.2597	2766.167
916	574.7883	2760.833
917	575.3167	2680.833
918	575.845	2599.5
919	576.3732	2549.167
920	576.9011	2548.167
921	577.429	2519.167
922	577.9567	2617.167
923	578.4842	2523.5
924	579.0116	2474.167
925	579.5388	2330.833
926	580.0659	2322.5
927	580.5928	2350.833
928	581.1196	2391.833
929	581.6463	2404.5
930	582.1727	2408.5
931	582.6991	2484.167
932	583.2253	2604.167
933	583.7513	2669.5
934	584.2772	2695.167
935	584.8029	2703.167
936	585.3285	2596.5
937	585.8539	2503.5
938	586.3792	2424.833
939	586.9044	2494.167
940	587.4293	2786.167
941	587.9542	2776.167
942	588.4788	2729.5
943	589.0034	2362.833
944	589.5277	2384.833
945	590.0519	2368.833
946	590.576	2393.5
947	591.1	2392.5
948	591.6237	2482.167
949	592.1473	2560.167
950	592.6708	2551.833
951	593.1942	2469.167
952	593.7173	2491.5
953	594.2404	2485.167
954	594.7632	2619.5
955	595.2859	2609.167
956	595.8085	2688.167
957	596.3309	2659.5
958	596.8531	2613.5
959	597.3753	2561.167
960	597.8973	2518.5
961	598.4191	2545.833
962	598.9407	2618.167
963	599.4622	2633.5
964	599.9836	2757.833
965	600.5048	2692.5
966	601.0259	2663.167
967	601.5468	2486.833
968	602.0676	2626.833
969	602.5881	2705.833
970	603.1086	2869.5
971	603.6289	2708.5
972	604.149	2810.5
973	604.6691	2689.167
974	605.1889	2728.833
975	605.7086	2898.833
976	606.2282	2834.5
977	606.7476	2675.833
978	607.2668	2305.833
979	607.7859	2326.5
980	608.3049	2337.167
981	608.8237	2346.5
982	609.3423	2331.833
983	609.8608	2328.833
984	610.3792	2289.167
985	610.8974	2216.833
986	611.4154	2157.5
987	611.9333	2056.167
988	612.451	2125.833
989	612.9686	2125.833
990	613.4861	2097.5
991	614.0034	1965.5
992	614.5205	1951.167
993	615.0375	1924.5
994	615.5543	2204.833
995	616.071	2215.167
996	616.5876	2396.833
997	617.1039	2066.5
998	617.6202	1950.833
999	618.1363	1754.833
1000	618.6522	1796.833
1001	619.168	1824.833
1002	619.6836	1721.5
1003	620.1991	1582.833
1004	620.7144	1548.833
1005	621.2296	1542.833
1006	621.7446	1537.167
1007	622.2595	1476.5
1008	622.7742	1464.833
1009	623.2888	1498.5
1010	623.8032	1443.167
1011	624.3175	1830.167
1012	624.8316	1773.167
1013	625.3456	2096.5
1014	625.8594	1752.833
1015	626.373	1742.833
1016	626.8865	1499.833
1017	627.3999	1414.5
1018	627.9131	1342.5
1019	628.4262	1372.833
1020	628.9391	1441.167
1021	629.4519	1527.833
1022	629.9645	1484.5
1023	630.4769	1367.833
1024	630.9893	1352.833
1025	631.5014	1300.167
1026	632.0134	1325.833
1027	632.5253	1370.5
1028	633.037	1281.833
1029	633.5485	1343.5
1030	634.0599	1337.167
1031	634.5712	1370.5
1032	635.0823	1394.167
1033	635.5932	1308.5
1034	636.104	1303.167
1035	636.6146	1144.167
1036	637.1251	1111.833
1037	637.6355	1154.167
1038	638.1457	1221.833
1039	638.6557	1254.167
1040	639.1656	1147.5
1041	639.6754	1209.5
1042	640.1849	1253.5
1043	640.6943	1300.5
1044	641.2036	1183.5
1045	641.7128	1043.5
1046	642.2217	958.1668
1047	642.7306	880.8335
1048	643.2393	940.5002
1049	643.7477	1451.5
1050	644.2562	1441.833
1051	644.7643	1376.5
1052	645.2725	1138.833
1053	645.7803	1166.833
1054	646.2881	1209.5
1055	646.7958	916.8335
1056	647.3032	942.1668
1057	647.8105	920.1668
1058	648.3177	930.1668
1059	648.8247	859.1668
1060	649.3315	840.8335
1061	649.8383	826.8335
1062	650.3448	848.8335
1063	650.8513	794.5002
1064	651.3575	776.1668
1065	651.8636	823.8335
1066	652.3696	849.8335
1067	652.8754	954.5002
1068	653.381	900.5002
1069	653.8865	949.1668
1070	654.3918	915.1668
1071	654.897	941.1668
1072	655.4021	819.8335
1073	655.907	718.5002
1074	656.4117	1047.167
1075	656.9163	1075.833
1076	657.4208	1170.833
1077	657.925	811.8335
1078	658.4292	814.1668
1079	658.9332	715.1668
1080	659.437	643.5001
1081	659.9407	620.1668
1082	660.4442	605.8334
1083	660.9476	613.5001
1084	661.4508	552.8334
1085	661.9539	592.8334
1086	662.4568	643.5001
1087	662.9596	689.5002
1088	663.4622	663.5001
1089	663.9647	579.5001
1090	664.467	580.8334
1091	664.9692	578.8334
1092	665.4712	597.1668
1093	665.9731	543.1668
1094	666.4748	618.1668
1095	666.9763	665.1668
1096	667.4777	702.1668
1097	667.979	595.5001
1098	668.4801	557.5001
1099	668.9811	503.1668
1100	669.4819	520.8334
1101	669.9825	473.5001
1102	670.483	468.5001
1103	670.9833	461.8335
1104	671.4836	418.5001
1105	671.9836	513.5001
1106	672.4835	674.5001
1107	672.9832	773.8335
1108	673.4828	673.8334
1109	673.9822	482.8335
1110	674.4816	395.5001
1111	674.9807	410.8335
1112	675.4797	432.5001
1113	675.9785	460.1668
1114	676.4772	455.1668
1115	676.9757	483.1668
1116	677.4741	467.8335
1117	677.9723	454.1668
1118	678.4704	330.8335
1119	678.9683	285.5001
1120	679.4661	253.1668
1121	679.9637	325.1668
1122	680.4611	447.1668
1123	680.9584	452.5001
1124	681.4556	380.5001
1125	681.9526	249.1668
1126	682.4495	238.5001
1127	682.9462	261.5001
1128	683.4427	324.5001
1129	683.9391	311.5001
1130	684.4354	315.5001
1131	684.9315	308.1668
1132	685.4274	295.5001
1133	685.9232	220.8335
1134	686.4189	510.1668
1135	686.9144	580.1668
1136	687.4097	602.8334
1137	687.9049	391.5001
1138	688.4	364.1668
1139	688.8948	437.5001
1140	689.3896	301.5001
1141	689.8842	340.5001
1142	690.3786	362.8335
1143	690.8729	372.1668
1144	691.367	288.1668
1145	691.861	259.8335
1146	692.3548	302.1668
1147	692.8484	376.8335
1148	693.342	296.1668
1149	693.8353	181.8335
1150	694.3286	150.1668
1151	694.8216	152.1668
1152	695.3145	191.5001
1153	695.8073	250.1668
1154	696.2999	302.1668
1155	696.7924	382.8335
1156	697.2847	240.8335
1157	697.7768	136.1668
1158	698.2688	43.50012
1159	698.7606	140.8335
1160	699.2523	200.8335
1161	699.7439	199.1668
1162	700.2353	186.5001
1163	700.7265	165.1668
1164	701.2176	244.8335
1165	701.7085	167.5001
1166	702.1993	160.8335
1167	702.6899	131.1668
1168	703.1804	123.8335
1169	703.6707	244.8335
1170	704.1609	160.8335
1171	704.6509	276.1668
1172	705.1408	133.5001
1173	705.6305	124.1668
1174	706.1201	9.500122
1175	706.6095	76.83346
1176	707.0988	113.8335
1177	707.5879	124.5001
1178	708.0768	134.5001
1179	708.5656	655.1668
1180	709.0543	668.1668
1181	709.5428	640.5001
1182	710.0311	202.8335
1183	710.5193	194.8335
1184	711.0074	174.8335
1185	711.4953	88.50012
1186	711.983	143.5001
1187	712.4706	126.1668
1188	712.9581	195.5001
1189	713.4453	206.1668
1190	713.9324	172.5001
1191	714.4194	89.83346
1192	714.9063	220.1668
1193	715.3929	592.5001
1194	715.8795	693.8335
1195	716.3658	484.8335
1196	716.8521	143.5001
1197	717.3381	370.1668
1198	717.824	436.8335
1199	718.3098	471.5001
1200	718.7954	164.1668
1201	719.2809	68.16679
1202	719.7662	9.500122
1203	720.2513	0.0001
1204	720.7363	74.16679
1205	721.2212	90.83346
1206	721.7059	65.50012
1207	722.1904	0.0001
1208	722.6748	0.0001
1209	723.1591	99.83346
1210	723.6431	208.5001
1211	724.1271	232.5001
1212	724.6108	117.5001
1213	725.0945	108.1668
1214	725.5779	54.50012
1215	726.0613	112.8335
1216	726.5444	117.5001
1217	727.0275	122.5001
1218	727.5103	47.16679
1219	727.993	0.0001
1220	728.4756	29.16679
1221	728.958	62.50012
1222	729.4403	110.8335
1223	729.9224	78.83346
1224	730.4044	81.83346
1225	730.8862	41.16679
1226	731.3678	13.50012
1227	731.8493	15.83346
1228	732.3306	79.83346
1229	732.8118	76.50012
1230	733.2928	52.83345
1231	733.7737	28.16679
1232	734.2545	113.5001
1233	734.7351	101.5001
1234	735.2155	130.8335
1235	735.6958	56.83345
1236	736.1759	80.16679
1237	736.6559	21.16679
1238	737.1357	29.16679
1239	737.6154	0.0001
1240	738.0949	55.16679
1241	738.5742	0.0001
1242	739.0535	38.16679
1243	739.5325	0.0001
1244	740.0114	0.0001
1245	740.4902	0.0001
1246	740.9688	0.0001
1247	741.4472	0.0001
1248	741.9255	90.16679
1249	742.4036	59.83345
1250	742.8817	61.50012
1251	743.3595	0.0001
1252	743.8372	0.0001
1253	744.3147	0.0001
1254	744.7921	130.8335
1255	745.2693	140.1668
1256	745.7464	168.8335
1257	746.2233	9.500122
1258	746.7001	60.83345
1259	747.1767	356.1668
1260	747.6531	381.1668
1261	748.1295	418.5001
1262	748.6056	58.50012
1263	749.0816	40.50012
1264	749.5575	0.0001
1265	750.0332	0.0001
1266	750.5087	0.0001
1267	750.9841	0.0001
1268	751.4594	25.50012
1269	751.9344	50.83345
1270	752.4094	0.0001
1271	752.8842	0.0001
1272	753.3588	0.0001
1273	753.8333	0.0001
1274	754.3076	0.0001
1275	754.7818	0.0001
1276	755.2558	105.8335
1277	755.7297	284.1668
1278	756.2034	460.8335
1279	756.6769	381.1668
1280	757.1503	217.5001
1281	757.6236	29.16679
1282	758.0967	0.0001
1283	758.5696	0.0001
1284	759.0425	0.0001
1285	759.5151	0.0001
1286	759.9876	291.1668
1287	760.46	330.8335
1288	760.9321	389.5001
1289	761.4042	8.833455
1290	761.876	0.0001
1291	762.3478	0.1667887
1292	762.8193	9.166789
1293	763.2908	39.83345
1294	763.762	0.0001
1295	764.2332	0.0001
1296	764.7042	0.0001
1297	765.1749	0.0001
1298	765.6456	0.0001
1299	766.1161	0.0001
1300	766.5865	0.0001
1301	767.0566	0.0001
1302	767.5267	0.0001
1303	767.9966	54.83345
1304	768.4664	18.83346
1305	768.9359	7.833456
1306	769.4054	0.0001
1307	769.8746	0.0001
1308	770.3438	0.0001
1309	770.8127	0.0001
1310	771.2816	0.0001
1311	771.7502	0.0001
1312	772.2188	139.8335
1313	772.6871	81.83346
1314	773.1553	227.8335
1315	773.6234	145.1668
1316	774.0913	199.8335
1317	774.5591	73.83346
1318	775.0267	0.0001
1319	775.4941	0.0001
1320	775.9614	0.0001
1321	776.4286	0.0001
1322	776.8956	0.0001
1323	777.3624	0.0001
1324	777.829	0.0001
1325	778.2956	0.0001
1326	778.762	0.0001
1327	779.2282	0.0001
1328	779.6943	0.0001
1329	780.1602	0.0001
1330	780.626	87.50012
1331	781.0916	118.1668
1332	781.557	114.1668
1333	782.0223	915.1667
1334	782.4875	847.5
1335	782.9525	923.5
1336	783.4173	57.83345
1337	783.882	0.0001
1338	784.3466	0.0001
1339	784.8109	0.0001
1340	785.2751	0.0001
1341	785.7393	0.0001
1342	786.2032	0.0001
1343	786.6669	0.0001
1344	787.1306	0.0001
1345	787.5941	0.0001
1346	788.0574	0.0001
1347	788.5205	0.0001
1348	788.9835	124.1668
1349	789.4464	148.1668
1350	789.9091	215.5001
1351	790.3716	0.0001
1352	790.834	0.0001
1353	791.2963	0.0001
1354	791.7584	0.0001
1355	792.2203	0.0001
1356	792.6821	0.0001
1357	793.1437	0.0001
1358	793.6052	0.8334554
1359	794.0665	386.8335
1360	794.5276	379.5001
1361	794.9887	312.8335
1362	795.4495	0.0001
1363	795.9103	0.0001
1364	796.3708	0.0001
1365	796.8312	0.0001
1366	797.2914	0.0001
1367	797.7515	0.0001
1368	798.2115	0.0001
1369	798.6713	0.0001
1370	799.1309	0.0001
1371	799.5904	0.0001
1372	800.0497	0.0001
1373	800.5089	0.0001
1374	800.968	0.0001
1375	801.4268	0.0001
1376	801.8855	0.0001
1377	802.3441	0.0001
1378	802.8025	0.0001
1379	803.2607	0.0001
1380	803.7189	0.0001
1381	804.1768	0.0001
1382	804.6346	0.0001
1383	805.0922	0.0001
1384	805.5497	0.0001
1385	806.0071	0.0001
1386	806.4642	0.0001
1387	806.9213	0.0001
1388	807.3782	0.0001
1389	807.8349	0.0001
1390	808.2914	0.0001
1391	808.7479	0.0001
1392	809.2041	0.0001
1393	809.6602	0.0001
1394	810.1161	0.0001
1395	810.572	0.0001
1396	811.0276	0.0001
1397	811.4831	35.16679
1398	811.9385	0.0001
1399	812.3937	0.0001
1400	812.8487	0.0001
1401	813.3036	0.0001
1402	813.7583	27.16679
1403	814.2128	0.0001
1404	814.6673	0.0001
1405	815.1215	0.0001
1406	815.5757	0.0001
1407	816.0296	0.0001
1408	816.4834	0.0001
1409	816.9371	0.0001
1410	817.3906	0.0001
1411	817.8439	69.16679
1412	818.2971	144.5001
1413	818.7501	47.16679
1414	819.203	36.50012
1415	819.6558	0.0001
1416	820.1083	0.0001
1417	820.5607	0.0001
1418	821.013	0.0001
1419	821.4651	0.0001
1420	821.9171	0.0001
1421	822.3689	0.0001
1422	822.8206	63.83345
1423	823.2721	150.8335
1424	823.7234	165.8335
1425	824.1746	82.83346
1426	824.6257	56.16679
1427	825.0765	64.16679
1428	825.5273	0.0001
1429	825.9778	0.0001
1430	826.4283	0.0001
1431	826.8785	0.0001
1432	827.3287	0.0001
1433	827.7786	0.0001
1434	828.2285	0.0001
1435	828.6781	0.0001
1436	829.1276	0.0001
1437	829.577	0.0001
1438	830.0261	0.0001
1439	830.4752	0.0001
1440	830.9241	0.0001
1441	831.3728	75.50012
1442	831.8214	235.5001
1443	832.2698	247.1668
1444	832.7181	105.8335
1445	833.1662	0.0001
1446	833.6141	0.0001
1447	834.062	0.0001
1448	834.5096	0.0001
1449	834.9572	0.0001
1450	835.4045	93.50012
1451	835.8517	210.8335
1452	836.2987	268.1668
1453	836.7456	13.50012
1454	837.1923	0.0001
1455	837.6389	0.0001
1456	838.0853	0.0001
1457	838.5316	0.0001
1458	838.9777	30.50012
1459	839.4237	140.1668
1460	839.8695	135.8335
1461	840.3152	88.83346
1462	840.7607	0.0001
1463	841.206	0.0001
1464	841.6512	192.1668
1465	842.0963	208.1668
1466	842.5411	360.1668
1467	842.9859	94.50012
1468	843.4305	104.5001
1469	843.8749	0.0001
1470	844.3192	0.0001
1471	844.7632	0.0001
1472	845.2072	0.0001
1473	845.6511	0.0001
1474	846.0947	0.0001
1475	846.5382	0.0001
1476	846.9816	0.0001
1477	847.4247	0.0001
1478	847.8678	0.0001
1479	848.3107	0.0001
1480	848.7534	0.0001
1481	849.196	0.0001
1482	849.6384	0.0001
1483	850.0807	0.0001
1484	850.5228	0.0001
1485	850.9647	34.16679
1486	851.4066	0.1667887
1487	851.8482	17.50012
1488	852.2897	0.0001
1489	852.7311	0.0001
1490	853.1722	0.0001
1491	853.6133	0.0001
1492	854.0541	0.0001
1493	854.4949	0.0001
1494	854.9355	0.0001
1495	855.3759	0.0001
1496	855.8162	0.0001
1497	856.2563	0.0001
1498	856.6962	36.83345
1499	857.136	0.0001
1500	857.5757	94.50012
1501	858.0152	32.50012
1502	858.4545	61.50012
1503	858.8937	0.0001
1504	859.3328	0.0001
1505	859.7716	0.0001
1506	860.2103	0.0001
1507	860.6489	34.16679
1508	861.0873	92.16679
1509	861.5256	0.0001
1510	861.9637	0.0001
1511	862.4017	0.0001
1512	862.8395	0.0001
1513	863.2771	0.0001
1514	863.7146	0.0001
1515	864.1519	0.0001
1516	864.5891	0.0001
1517	865.0261	0.0001
1518	865.463	41.83345
1519	865.8997	0.0001
1520	866.3363	0.0001
1521	866.7727	0.0001
1522	867.209	0.0001
1523	867.6451	0.0001
1524	868.081	0.0001
1525	868.5168	0.0001
1526	868.9525	0.0001
1527	869.3879	0.0001
1528	869.8232	0.0001
1529	870.2584	0.0001
1530	870.6935	0.0001
1531	871.1284	0.0001
1532	871.563	22.50012
1533	871.9976	0.0001
1534	872.432	16.16679
1535	872.8663	0.0001
1536	873.3004	35.83345
1537	873.7343	72.16679
1538	874.1681	69.16679
1539	874.6017	0.0001
1540	875.0352	0.0001
1541	875.4685	0.0001
1542	875.9017	0.0001
1543	876.3347	0.0001
1544	876.7676	0.0001
1545	877.2003	0.0001
1546	877.6328	0.0001
1547	878.0652	0.0001
1548	878.4974	77.16679
1549	878.9296	24.50012
1550	879.3615	46.50012
1551	879.7933	0.0001
1552	880.2249	162.1668
1553	880.6564	118.1668
1554	881.0877	20.83346
1555	881.5189	0.0001
1556	881.9498	0.0001
1557	882.3807	0.0001
1558	882.8114	0.0001
1559	883.2419	0.0001
1560	883.6723	169.8335
1561	884.1025	170.5001
1562	884.5327	195.5001
1563	884.9626	0.0001
1564	885.3923	47.83345
1565	885.822	66.83346
1566	886.2514	0.0001
1567	886.6807	0.0001
1568	887.1099	0.0001
1569	887.5389	0.0001
1570	887.9677	0.0001
1571	888.3964	0.0001
1572	888.825	0.0001
1573	889.2533	77.16679
1574	889.6815	101.1668
1575	890.1096	56.50012
1576	890.5375	0.0001
1577	890.9653	0.0001
1578	891.3929	0.0001
1579	891.8204	1.500122
1580	892.2477	0.0001
1581	892.6748	0.0001
1582	893.1018	136.1668
1583	893.5286	185.5001
1584	893.9553	240.5001
1585	894.3818	0.0001
1586	894.8082	0.0001
1587	895.2344	0.0001
1588	895.6605	0.0001
1589	896.0864	0.0001
1590	896.5121	0.0001
1591	896.9377	0.0001
1592	897.3632	387.1668
1593	897.7885	832.8335
1594	898.2136	768.1668
1595	898.6385	360.8335
1596	899.0634	0.0001
1597	899.488	0.0001
1598	899.9125	0.0001
1599	900.3369	0.0001
1600	900.7611	0.0001
1601	901.1852	0.0001
1602	901.6091	0.0001
1603	902.0328	0.0001
1604	902.4564	0.0001
1605	902.8798	0.0001
1606	903.303	0.0001
1607	903.7262	0.0001
1608	904.1492	0.0001
1609	904.572	0.0001
1610	904.9946	0.0001
1611	905.4171	0.0001
1612	905.8395	0.0001
1613	906.2617	0.0001
1614	906.6837	0.0001
1615	907.1056	0.0001
1616	907.5273	0.0001
1617	907.9489	0.0001
1618	908.3703	0.0001
1619	908.7915	0.0001
1620	909.2126	0.0001
1621	909.6336	0.0001
1622	910.0544	0.0001
1623	910.475	0.0001
1624	910.8955	0.0001
1625	911.3159	0.0001
1626	911.736	0.0001
1627	912.1561	0.0001
1628	912.5759	0.0001
1629	912.9956	165.1668
1630	913.4152	81.83346
1631	913.8346	56.50012
1632	914.2538	0.0001
1633	914.6729	0.0001
1634	915.0919	0.0001
1635	915.5106	0.0001
1636	915.9293	0.0001
1637	916.3477	0.0001
1638	916.7661	0.0001
1639	917.1842	0.0001
1640	917.6022	0.0001
1641	918.0201	0.0001
1642	918.4377	0.0001
1643	918.8553	0.0001
1644	919.2727	0.0001
1645	919.6899	0.0001
1646	920.107	0.0001
1647	920.5239	63.50012
1648	920.9407	52.83345
1649	921.3573	36.83345
1650	921.7737	0.0001
1651	922.19	0.0001
1652	922.6062	0.0001
1653	923.0222	0.0001
1654	923.438	0.0001
1655	923.8537	0.0001
1656	924.2692	0.0001
1657	924.6846	0.0001
1658	925.0998	0.0001
1659	925.5148	93.16679
1660	925.9297	81.83346
1661	926.3445	94.16679
1662	926.7591	0.0001
1663	927.1735	0.0001
1664	927.5878	0.0001
1665	928.002	0.0001
1666	928.4159	0.0001
1667	928.8297	0.0001
1668	929.2434	87.50012
1669	929.6569	122.1668
1670	930.0703	435.8335
1671	930.4835	263.8335
1672	930.8965	226.8335
1673	931.3094	0.0001
1674	931.7221	0.0001
1675	932.1347	0.0001
1676	932.5471	0.0001
1677	932.9594	0.0001
1678	933.3715	0.0001
1679	933.7834	0.0001
1680	934.1953	0.0001
1681	934.6069	0.0001
1682	935.0184	0.0001
1683	935.4297	0.0001
1684	935.8409	0.0001
1685	936.2519	0.0001
1686	936.6628	0.0001
1687	937.0735	0.0001
1688	937.484	0.0001
1689	937.8944	0.0001
1690	938.3047	0.0001
1691	938.7148	0.0001
1692	939.1247	0.0001
1693	939.5345	254.1668
1694	939.9441	398.1668
1695	940.3536	380.8335
1696	940.7629	85.50012
1697	941.1721	39.50012
1698	941.5811	94.16679
1699	941.9899	12.83346
1700	942.3986	0.0001
1701	942.8071	0.0001
1702	943.2155	57.50012
1703	943.6237	84.16679
1704	944.0318	100.8335
1705	944.4397	0.0001
1706	944.8475	0.0001
1707	945.2551	0.0001
1708	945.6625	0.0001
1709	946.0698	0.0001
1710	946.4769	0.0001
1711	946.8839	0.0001
1712	947.2908	0.0001
1713	947.6974	0.0001
1714	948.1039	0.0001
1715	948.5103	1.833455
1716	948.9165	48.16679
1717	949.3226	84.83346
1718	949.7285	0.0001
1719	950.1342	0.0001
1720	950.5397	0.0001
1721	950.9452	0.0001
1722	951.3505	0.0001
1723	951.7556	0.0001
1724	952.1605	4.500122
1725	952.5653	0.0001
1726	952.97	0.0001
1727	953.3745	0.0001
1728	953.7788	0.0001
1729	954.183	0.0001
1730	954.587	0.0001
1731	954.9909	0.0001
1732	955.3946	0.0001
1733	955.7982	0.0001
1734	956.2015	0.0001
1735	956.6048	0.0001
1736	957.0079	0.0001
1737	957.4108	0.0001
1738	957.8136	53.50012
1739	958.2162	0.0001
1740	958.6187	0.0001
1741	959.0211	0.0001
1742	959.4232	0.0001
1743	959.8252	159.1668
1744	960.2271	301.1668
1745	960.6287	264.1668
1746	961.0303	17.83346
1747	961.4316	0.0001
1748	961.8329	0.0001
1749	962.2339	0.0001
1750	962.6348	0.0001
1751	963.0356	0.0001
1752	963.4362	0.0001
1753	963.8367	0.0001
1754	964.2369	0.0001
1755	964.6371	0.0001
1756	965.037	0.0001
1757	965.4369	92.83346
1758	965.8365	109.1668
1759	966.236	0.0001
1760	966.6354	0.0001
1761	967.0346	0.0001
1762	967.4337	0.0001
1763	967.8325	0.0001
1764	968.2313	0.0001
1765	968.6298	0.0001
1766	969.0283	0.0001
1767	969.4265	10.50012
1768	969.8246	0.0001
1769	970.2226	0.0001
1770	970.6204	0.0001
1771	971.018	0.0001
1772	971.4155	0.0001
1773	971.8128	59.50012
1774	972.21	0.0001
1775	972.607	0.0001
1776	973.0039	0.0001
1777	973.4006	0.0001
1778	973.7971	0.0001
1779	974.1935	474.8335
1780	974.5898	533.8334
1781	974.9858	421.5001
1782	975.3818	35.16679
1783	975.7775	29.50012
1784	976.1732	36.16679
1785	976.5686	0.0001
1786	976.9639	65.16679
1787	977.3591	0.0001
1788	977.754	0.0001
1789	978.1489	0.0001
1790	978.5436	0.0001
1791	978.938	14.50012
1792	979.3325	87.83346
1793	979.7266	95.16679
1794	980.1207	212.8335
1795	980.5146	73.83346
1796	980.9083	26.50012
1797	981.3019	0.0001
1798	981.6954	0.0001
1799	982.0886	9.833455
1800	982.4818	24.83346
1801	982.8747	0.0001
1802	983.2675	0.0001
1803	983.6602	0.0001
1804	984.0527	0.0001
1805	984.445	0.0001
1806	984.8372	0.0001
1807	985.2292	0.0001
1808	985.621	0.0001
1809	986.0128	0.0001
1810	986.4044	0.0001
1811	986.7957	0.0001
1812	987.187	0.0001
1813	987.5781	0.0001
1814	987.969	0.0001
1815	988.3597	19.83346
1816	988.7504	71.83346
1817	989.1409	0.0001
1818	989.5311	0.0001
1819	989.9213	0.0001
1820	990.3113	6.166789
1821	990.7011	0.0001
1822	991.0908	0.0001
1823	991.4803	0.0001
1824	991.8697	0.0001
1825	992.2589	0.0001
1826	992.648	103.8335
1827	993.0369	149.1668
1828	993.4257	116.1668
1829	993.8142	0.0001
1830	994.2026	53.83345
1831	994.5909	86.16679
1832	994.9791	204.5001
1833	995.367	0.0001
1834	995.7548	0.0001
1835	996.1425	0.0001
1836	996.53	0.0001
1837	996.9173	0.0001
1838	997.3045	0.0001
1839	997.6915	0.0001
1840	998.0784	0.0001
1841	998.4651	0.0001
1842	998.8516	80.83346
1843	999.238	117.8335
1844	999.6243	70.83346
1845	1000.01	59.16679
1846	1000.396	91.16679
1847	1000.782	0.0001
1848	1001.168	0.0001
1849	1001.553	252.1668
1850	1001.938	321.5001
1851	1002.324	336.1668
1852	1002.709	0.0001
1853	1003.093	0.0001
1854	1003.478	0.0001
1855	1003.863	0.0001
1856	1004.247	0.0001
1857	1004.631	0.0001
1858	1005.015	0.0001
1859	1005.399	0.0001
1860	1005.783	0.0001
1861	1006.167	0.0001
1862	1006.55	0.0001
1863	1006.933	0.0001
1864	1007.316	0.0001
1865	1007.699	19.50012
1866	1008.082	0.0001
1867	1008.465	0.0001
1868	1008.847	0.0001
1869	1009.23	0.0001
1870	1009.612	0.0001
1871	1009.994	0.0001
1872	1010.376	0.0001
1873	1010.757	0.0001
1874	1011.139	0.0001
1875	1011.52	0.0001
1876	1011.901	0.0001
1877	1012.283	0.0001
1878	1012.664	0.0001
1879	1013.044	0.0001
1880	1013.425	0.0001
1881	1013.805	0.0001
1882	1014.186	0.0001
1883	1014.566	0.0001
1884	1014.946	0.0001
1885	1015.326	0.0001
1886	1015.705	0.0001
1887	1016.085	0.0001
1888	1016.464	0.0001
1889	1016.843	29.83346
1890	1017.222	0.0001
1891	1017.601	0.0001
1892	1017.98	0.0001
1893	1018.359	0.0001
1894	1018.737	0.0001
1895	1019.115	0.0001
1896	1019.493	0.0001
1897	1019.871	0.0001
1898	1020.249	0.0001
1899	1020.627	0.0001
1900	1021.004	0.0001
1901	1021.382	0.0001
1902	1021.759	0.0001
1903	1022.136	0.0001
1904	1022.513	0.0001
1905	1022.889	0.0001
1906	1023.266	0.0001
1907	1023.642	0.0001
1908	1024.018	0.0001
1909	1024.395	0.0001
1910	1024.77	8.500122
1911	1025.146	1.833455
1912	1025.522	0.0001
1913	1025.897	0.0001
1914	1026.272	0.0001
1915	1026.648	0.0001
1916	1027.023	0.0001
1917	1027.397	0.0001
1918	1027.772	27.83346
1919	1028.146	0.0001
1920	1028.521	0.0001
1921	1028.895	0.0001
1922	1029.269	0.0001
1923	1029.643	0.0001
1924	1030.017	0.0001
1925	1030.39	0.0001
1926	1030.764	0.0001
1927	1031.137	0.0001
1928	1031.51	0.0001
1929	1031.883	12.83346
1930	1032.256	354.8335
1931	1032.628	576.1668
1932	1033.001	438.5001
1933	1033.373	118.5001
1934	1033.745	0.0001
1935	1034.117	0.0001
1936	1034.489	0.0001
1937	1034.861	0.0001
1938	1035.232	0.0001
1939	1035.604	0.0001
1940	1035.975	0.0001
1941	1036.346	2.833455
1942	1036.717	0.0001
1943	1037.088	235.8335
1944	1037.458	229.8335
1945	1037.828	205.1668
1946	1038.199	0.0001
1947	1038.569	0.0001
1948	1038.939	0.0001
1949	1039.309	0.0001
1950	1039.678	0.0001
1951	1040.048	0.0001
1952	1040.417	0.0001
1953	1040.786	0.0001
1954	1041.155	0.0001
1955	1041.524	0.0001
1956	1041.893	0.0001
1957	1042.261	0.0001
1958	1042.63	0.0001
1959	1042.998	0.0001
1960	1043.366	0.0001
1961	1043.734	0.0001
1962	1044.102	0.0001
1963	1044.469	0.0001
1964	1044.837	0.0001
1965	1045.204	0.0001
1966	1045.571	0.0001
1967	1045.938	0.0001
1968	1046.305	0.0001
1969	1046.672	0.0001
1970	1047.038	0.0001
1971	1047.404	0.0001
1972	1047.771	0.0001
1973	1048.136	0.0001
1974	1048.502	16.50012
1975	1048.868	0.0001
1976	1049.234	13.83346
1977	1049.599	0.0001
1978	1049.964	0.0001
1979	1050.329	0.0001
1980	1050.694	0.5001221
1981	1051.059	83.16679
1982	1051.424	147.1668
1983	1051.788	0.0001
1984	1052.152	0.0001
1985	1052.516	0.0001
1986	1052.88	0.0001
1987	1053.244	26.83346
1988	1053.608	41.50012
1989	1053.971	66.83346
1990	1054.335	74.83346
1991	1054.698	237.5001
1992	1055.061	57.50012
1993	1055.424	0.0001
1994	1055.787	0.0001
1995	1056.149	0.0001
1996	1056.512	146.8335
1997	1056.874	0.0001
1998	1057.236	0.0001
1999	1057.598	0.0001
2000	1057.96	0.0001
2001	1058.321	0.0001
2002	1058.683	0.0001
2003	1059.044	0.0001
2004	1059.405	25.83346
2005	1059.766	40.50012
2006	1060.127	29.50012
2007	1060.488	0.0001
2008	1060.848	0.0001
2009	1061.209	0.0001
2010	1061.569	0.0001
2011	1061.929	30.83346
2012	1062.289	30.83346
2013	1062.648	0.0001
2014	1063.008	0.0001
2015	1063.367	470.8335
2016	1063.727	574.8334
2017	1064.086	456.5001
2018	1064.445	47.50012
2019	1064.804	0.0001
2020	1065.162	0.0001
2021	1065.521	267.5001
2022	1065.879	348.8335
2023	1066.237	338.8335
2024	1066.595	0.0001
2025	1066.953	0.0001
2026	1067.311	0.0001
2027	1067.668	0.0001
2028	1068.026	0.0001
2029	1068.383	0.0001
2030	1068.74	0.0001
2031	1069.097	0.0001
2032	1069.453	0.0001
2033	1069.81	0.0001
2034	1070.166	12.16679
2035	1070.523	0.0001
2036	1070.879	0.0001
2037	1071.235	0.0001
2038	1071.591	0.0001
2039	1071.946	44.16679
2040	1072.302	81.83346
2041	1072.657	99.50012
2042	1073.012	22.83346
2043	1073.367	44.83345
2044	1073.722	0.0001
2045	1074.077	0.0001
2046	1074.431	0.0001
2047	1074.786	0.0001
