0	28.36968	444.95
1	29.03326	230.5999
2	29.69669	0.0001
3	30.35998	0.0001
4	31.02312	0.0001
5	31.68612	0.0001
6	32.34897	0.0001
7	33.01168	0.0001
8	33.67424	0.0001
9	34.33666	0.0001
10	34.99894	0.0001
11	35.66106	0.0001
12	36.32305	0.0001
13	36.98489	0.0001
14	37.64658	0.0001
15	38.30814	998.8999
16	38.96954	1165.567
17	39.6308	1198.233
18	40.29192	0.0001
19	40.95289	0.0001
20	41.61372	0.0001
21	42.2744	0.0001
22	42.93494	0.0001
23	43.59533	0.0001
24	44.25558	0.0001
25	44.91568	721.5666
26	45.57564	697.2332
27	46.23545	701.2332
28	46.89512	0.0001
29	47.55465	0.0001
30	48.21402	0.0001
31	48.87326	87.23324
32	49.53235	0.0001
33	50.1913	15.23324
34	50.85009	0.0001
35	51.50875	0.0001
36	52.16726	0.0001
37	52.82563	0.0001
38	53.48384	0.0001
39	54.14192	10.23324
40	54.79985	0.0001
41	55.45764	0.0001
42	56.11528	0.0001
43	56.77278	0.0001
44	57.43013	0.0001
45	58.08733	0.0001
46	58.7444	132.2332
47	59.40131	183.8999
48	60.05809	528.2332
49	60.71471	187.2332
50	61.3712	172.8999
51	62.02753	0.0001
52	62.68372	0.0001
53	63.33977	0.0001
54	63.99567	0.0001
55	64.65143	26.8999
56	65.30704	13.56657
57	65.96251	186.5666
58	66.61784	225.2332
59	67.27301	195.2332
60	67.92805	0.0001
61	68.58293	20.56657
62	69.23768	132.2332
63	69.89227	161.2332
64	70.54672	0.0001
65	71.20103	0.0001
66	71.85519	0.0001
67	72.50922	11.8999
68	73.16309	0.0001
69	73.81681	0.0001
70	74.4704	0.0001
71	75.12383	0.0001
72	75.77712	0.0001
73	76.43027	0.0001
74	77.08327	0.0001
75	77.73613	0.0001
76	78.38884	0.0001
77	79.04141	0.0001
78	79.69383	0.0001
79	80.34611	0.0001
80	80.99824	0.0001
81	81.65022	0.0001
82	82.30207	72.56657
83	82.95377	177.2332
84	83.60532	104.8999
85	84.25672	19.23324
86	84.90798	0.0001
87	85.5591	0.0001
88	86.21007	0.0001
89	86.86089	0.0001
90	87.51157	34.8999
91	88.16211	17.56657
92	88.8125	0.0001
93	89.46274	0.0001
94	90.11284	0.0001
95	90.76279	0.0001
96	91.41261	22.8999
97	92.06227	7.899902
98	92.71178	0.0001
99	93.36116	0.0001
100	94.01038	0.0001
101	94.65947	0.0001
102	95.30841	0.0001
103	95.9572	0.0001
104	96.60584	0.0001
105	97.25435	0.0001
106	97.9027	0.0001
107	98.55092	0.0001
108	99.19898	0.0001
109	99.8469	0.0001
110	100.4947	0.0001
111	101.1423	531.5666
112	101.7898	591.8999
113	102.4371	589.2332
114	103.0843	62.23323
115	103.7314	33.8999
116	104.3783	73.8999
117	105.025	0.0001
118	105.6716	0.0001
119	106.3181	0.0001
120	106.9644	0.0001
121	107.6106	0.0001
122	108.2566	0.0001
123	108.9025	0.0001
124	109.5483	0.0001
125	110.1939	0.0001
126	110.8393	187.8999
127	111.4846	41.23323
128	112.1298	353.2332
129	112.7748	145.2332
130	113.4197	431.8999
131	114.0644	167.8999
132	114.709	151.8999
133	115.3534	0.0001
134	115.9977	0.0001
135	116.6418	0.0001
136	117.2858	0.0001
137	117.9297	0.0001
138	118.5734	0.0001
139	119.2169	0.0001
140	119.8603	0.0001
141	120.5036	0.0001
142	121.1467	0.0001
143	121.7897	0.0001
144	122.4325	0.0001
145	123.0752	0.0001
146	123.7178	0.0001
147	124.3602	0.0001
148	125.0024	0.0001
149	125.6445	0.0001
150	126.2865	0.0001
151	126.9283	0.0001
152	127.5699	0.0001
153	128.2115	0.0001
154	128.8528	0.0001
155	129.4941	0.0001
156	130.1351	80.23324
157	130.7761	88.56657
158	131.4169	422.8999
159	132.0575	313.5666
160	132.698	240.8999
161	133.3384	0.0001
162	133.9786	0.0001
163	134.6187	0.0001
164	135.2586	0.0001
165	135.8984	0.0001
166	136.538	0.0001
167	137.1775	0.0001
168	137.8168	0.0001
169	138.456	0.0001
170	139.095	0.0001
171	139.7339	0.0001
172	140.3727	0.0001
173	141.0113	40.23323
174	141.6498	0.0001
175	142.2881	0.0001
176	142.9263	4.899902
177	143.5643	61.56657
178	144.2022	70.8999
179	144.8399	62.56657
180	145.4775	40.56657
181	146.1149	0.0001
182	146.7522	0.0001
183	147.3894	0.0001
184	148.0264	0.0001
185	148.6632	0.0001
186	149.3	0.0001
187	149.9365	0.0001
188	150.5729	0.0001
189	151.2092	0.0001
190	151.8454	0.0001
191	152.4813	61.56657
192	153.1172	151.5666
193	153.7529	79.56657
194	154.3884	125.5666
195	155.0238	34.8999
196	155.6591	0.8999023
197	156.2942	0.0001
198	156.9291	0.0001
199	157.564	67.8999
200	158.1986	96.8999
201	158.8332	0.0001
202	159.4675	0.0001
203	160.1018	0.0001
204	160.7359	0.0001
205	161.3698	12.8999
206	162.0036	0.0001
207	162.6373	2.566569
208	163.2708	0.0001
209	163.9041	13.8999
210	164.5373	0.0001
211	165.1704	0.0001
212	165.8033	0.0001
213	166.4361	0.0001
214	167.0687	0.0001
215	167.7012	0.0001
216	168.3335	0.0001
217	168.9657	0.0001
218	169.5978	0.0001
219	170.2297	0.0001
220	170.8614	0.0001
221	171.493	0.0001
222	172.1245	0.0001
223	172.7558	0.0001
224	173.387	0.0001
225	174.018	2.899902
226	174.6489	0.0001
227	175.2796	0.0001
228	175.9102	0.0001
229	176.5406	0.0001
230	177.1709	16.23324
231	177.8011	0.0001
232	178.4311	0.0001
233	179.0609	0.0001
234	179.6906	0.0001
235	180.3202	3.566569
236	180.9496	0.0001
237	181.5789	0.0001
238	182.208	0.0001
239	182.837	0.0001
240	183.4658	0.0001
241	184.0945	0.0001
242	184.723	0.0001
243	185.3514	0.0001
244	185.9797	0.0001
245	186.6078	0.0001
246	187.2357	0.0001
247	187.8635	0.0001
248	188.4912	0.0001
249	189.1187	0.0001
250	189.7461	0.0001
251	190.3733	0.0001
252	191.0004	0.0001
253	191.6273	0.0001
254	192.2541	0.0001
255	192.8808	0.0001
256	193.5072	0.0001
257	194.1336	0.0001
258	194.7598	0.0001
259	195.3858	51.23323
260	196.0117	69.23324
261	196.6375	145.8999
262	197.2631	254.2332
263	197.8886	212.2332
264	198.5139	244.8999
265	199.1391	0.0001
266	199.7641	0.0001
267	200.389	425.2332
268	201.0137	423.5666
269	201.6383	383.5666
270	202.2628	0.0001
271	202.8871	0.0001
272	203.5112	0.0001
273	204.1352	0.0001
274	204.7591	0.0001
275	205.3828	0.0001
276	206.0064	21.56657
277	206.6298	0.0001
278	207.2531	0.0001
279	207.8762	0.0001
280	208.4992	1.899902
281	209.122	48.8999
282	209.7447	0.0001
283	210.3672	18.8999
284	210.9896	0.0001
285	211.6119	8.899902
286	212.234	0.0001
287	212.8559	0.0001
288	213.4778	0.0001
289	214.0994	0.0001
290	214.7209	0.0001
291	215.3423	0.0001
292	215.9635	0.0001
293	216.5846	0.0001
294	217.2055	140.8999
295	217.8263	172.2332
296	218.447	392.5666
297	219.0675	104.5666
298	219.6878	218.8999
299	220.308	122.5666
300	220.9281	381.5666
301	221.548	244.2332
302	222.1677	121.5666
303	222.7873	0.0001
304	223.4068	0.0001
305	224.0261	0.0001
306	224.6453	0.0001
307	225.2643	0.0001
308	225.8832	34.56657
309	226.5019	20.8999
310	227.1205	59.8999
311	227.739	62.23323
312	228.3573	60.8999
313	228.9754	28.8999
314	229.5934	0.0001
315	230.2112	0.0001
316	230.8289	0.0001
317	231.4465	0.0001
318	232.0639	0.0001
319	232.6812	0.0001
320	233.2983	0.0001
321	233.9153	0.0001
322	234.5321	0.0001
323	235.1488	205.2332
324	235.7653	172.8999
325	236.3817	78.23324
326	236.998	0.0001
327	237.6141	0.0001
328	238.23	0.0001
329	238.8458	15.23324
330	239.4615	0.0001
331	240.077	0.0001
332	240.6923	0.0001
333	241.3075	0.0001
334	241.9226	0.0001
335	242.5375	0.0001
336	243.1523	0.0001
337	243.7669	0.0001
338	244.3814	0.0001
339	244.9957	0.0001
340	245.6099	0.0001
341	246.224	0.0001
342	246.8379	0.0001
343	247.4516	0.0001
344	248.0652	0.0001
345	248.6786	0.0001
346	249.292	0.0001
347	249.9051	0.0001
348	250.5181	0.0001
349	251.131	0.0001
350	251.7437	0.0001
351	252.3563	0.0001
352	252.9687	0.0001
353	253.581	0.0001
354	254.1931	0.0001
355	254.8051	0.0001
356	255.4169	0.0001
357	256.0286	0.0001
358	256.6402	151.2332
359	257.2516	165.8999
360	257.8628	286.8999
361	258.4739	22.8999
362	259.0849	16.23324
363	259.6957	385.5666
364	260.3063	420.2332
365	260.9169	422.8999
366	261.5272	0.0001
367	262.1375	0.0001
368	262.7475	0.0001
369	263.3575	0.0001
370	263.9672	0.0001
371	264.5769	23.56657
372	265.1864	12.8999
373	265.7957	19.56657
374	266.4049	0.0001
375	267.0139	0.0001
376	267.6228	0.0001
377	268.2316	205.2332
378	268.8402	475.5666
379	269.4486	475.5666
380	270.0569	212.8999
381	270.6651	0.0001
382	271.2731	3.566569
383	271.881	0.0001
384	272.4887	0.0001
385	273.0963	0.0001
386	273.7037	0.0001
387	274.311	0.0001
388	274.9182	28.8999
389	275.5251	104.8999
390	276.132	0.0001
391	276.7387	0.0001
392	277.3452	0.0001
393	277.9516	0.0001
394	278.5579	0.0001
395	279.164	0.0001
396	279.7699	16.56657
397	280.3757	54.23323
398	280.9814	83.23324
399	281.5869	0.0001
400	282.1923	0.0001
401	282.7975	0.0001
402	283.4026	0.0001
403	284.0075	0.0001
404	284.6123	0.0001
405	285.2169	0.0001
406	285.8214	145.5666
407	286.4258	524.5666
408	287.0299	953.2332
409	287.634	745.2332
410	288.2379	508.5666
411	288.8416	30.23324
412	289.4452	0.0001
413	290.0487	0.0001
414	290.652	0.0001
415	291.2552	0.0001
416	291.8582	0.0001
417	292.461	0.0001
418	293.0638	0.0001
419	293.6663	0.0001
420	294.2687	70.56657
421	294.871	150.5666
422	295.4731	171.2332
423	296.0751	25.8999
424	296.677	0.0001
425	297.2787	22.8999
426	297.8802	0.0001
427	298.4816	1.566569
428	299.0828	145.8999
429	299.6839	124.2332
430	300.2849	0.0001
431	300.8857	0.0001
432	301.4864	0.0001
433	302.0869	0.0001
434	302.6872	0.0001
435	303.2874	0.0001
436	303.8875	0.0001
437	304.4874	0.0001
438	305.0872	0.0001
439	305.6868	132.5666
440	306.2863	604.2332
441	306.8856	665.8999
442	307.4848	446.2332
443	308.0838	16.56657
444	308.6827	0.0001
445	309.2815	0.0001
446	309.8801	0.0001
447	310.4785	0.0001
448	311.0768	0.0001
449	311.675	0.0001
450	312.2729	0.0001
451	312.8708	0.0001
452	313.4685	0.0001
453	314.0661	0.0001
454	314.6635	0.0001
455	315.2608	0.0001
456	315.8579	432.8999
457	316.4549	474.2332
458	317.0517	560.5666
459	317.6483	0.0001
460	318.2449	0.0001
461	318.8412	0.0001
462	319.4375	0.0001
463	320.0336	0.0001
464	320.6295	0.0001
465	321.2253	0.0001
466	321.821	0.0001
467	322.4164	0.0001
468	323.0118	0.0001
469	323.607	0.0001
470	324.2021	0.0001
471	324.797	0.0001
472	325.3917	0.0001
473	325.9863	0.0001
474	326.5808	0.0001
475	327.1751	16.56657
476	327.7693	4.233236
477	328.3633	0.0001
478	328.9572	0.0001
479	329.5509	0.0001
480	330.1444	0.0001
481	330.7379	0.0001
482	331.3312	164.5666
483	331.9243	196.5666
484	332.5173	500.8999
485	333.1101	271.5666
486	333.7028	284.8999
487	334.2953	0.0001
488	334.8878	0.0001
489	335.48	0.0001
490	336.0721	0.0001
491	336.664	0.0001
492	337.2559	0.0001
493	337.8475	0.0001
494	338.439	0.0001
495	339.0304	0.0001
496	339.6216	67.56657
497	340.2126	74.56657
498	340.8036	13.56657
499	341.3943	0.0001
500	341.985	6.899902
501	342.5754	0.0001
502	343.1658	0.0001
503	343.756	0.0001
504	344.346	76.56657
505	344.9359	69.56657
506	345.5256	0.0001
507	346.1152	0.0001
508	346.7046	0.0001
509	347.2939	0.0001
510	347.8831	0.0001
511	348.472	0.0001
512	349.0609	0.0001
513	349.6496	0.0001
514	350.2381	0.0001
515	350.8265	0.0001
516	351.4148	0.0001
517	352.0029	0.0001
518	352.5909	0.0001
519	353.1787	0.0001
520	353.7664	0.0001
521	354.3539	0.0001
522	354.9412	0.0001
523	355.5284	0.0001
524	356.1155	0.0001
525	356.7025	0.0001
526	357.2892	0.0001
527	357.8759	0.0001
528	358.4623	40.23323
529	359.0487	0.0001
530	359.6349	7.899902
531	360.2209	0.0001
532	360.8068	0.0001
533	361.3925	0.0001
534	361.9781	0.0001
535	362.5636	0.0001
536	363.1489	0.0001
537	363.734	0.0001
538	364.319	0.0001
539	364.9039	0.0001
540	365.4886	0.0001
541	366.0731	0.0001
542	366.6575	0.0001
543	367.2418	0.0001
544	367.8259	0.0001
545	368.4099	0.0001
546	368.9937	0.0001
547	369.5774	0.0001
548	370.1609	0.0001
549	370.7443	0.0001
550	371.3275	24.23324
551	371.9106	18.8999
552	372.4935	51.8999
553	373.0763	24.23324
554	373.6589	0.0001
555	374.2414	0.0001
556	374.8237	0.0001
557	375.4059	0.0001
558	375.9879	0.0001
559	376.5698	0.0001
560	377.1516	0.0001
561	377.7332	38.8999
562	378.3146	0.0001
563	378.8959	0.0001
564	379.4771	0.0001
565	380.0581	0.0001
566	380.6389	0.0001
567	381.2196	0.0001
568	381.8002	0.0001
569	382.3806	0.0001
570	382.9608	87.56657
571	383.541	0.0001
572	384.1209	67.23324
573	384.7007	29.8999
574	385.2804	46.23323
575	385.8599	0.0001
576	386.4393	0.0001
577	387.0185	0.0001
578	387.5976	0.0001
579	388.1765	0.0001
580	388.7553	0.0001
581	389.3339	0.0001
582	389.9124	0.0001
583	390.4908	0.0001
584	391.0689	231.2332
585	391.647	212.8999
586	392.2249	199.5666
587	392.8026	0.0001
588	393.3802	0.0001
589	393.9576	0.0001
590	394.5349	0.0001
591	395.1121	0.0001
592	395.6891	25.56657
593	396.2659	170.5666
594	396.8426	0.0001
595	397.4192	0.0001
596	397.9956	0.0001
597	398.5718	212.8999
598	399.1479	202.2332
599	399.7239	170.5666
600	400.2997	0.0001
601	400.8754	0.0001
602	401.4509	0.0001
603	402.0262	0.0001
604	402.6015	105.8999
605	403.1765	124.8999
606	403.7515	164.2332
607	404.3262	0.0001
608	404.9008	33.8999
609	405.4753	0.0001
610	406.0497	0.0001
611	406.6238	0.0001
612	407.1979	0.0001
613	407.7718	0.0001
614	408.3455	0.0001
615	408.9191	0.0001
616	409.4925	0.0001
617	410.0658	0.0001
618	410.6389	149.5666
619	411.2119	228.2332
620	411.7848	309.5666
621	412.3575	41.56657
622	412.93	0.0001
623	413.5024	0.0001
624	414.0746	0.0001
625	414.6467	0.0001
626	415.2187	0.0001
627	415.7905	0.0001
628	416.3621	0.0001
629	416.9336	0.0001
630	417.505	39.56657
631	418.0762	0.0001
632	418.6472	0.0001
633	419.2182	0.0001
634	419.7889	0.0001
635	420.3595	0.0001
636	420.93	0.0001
637	421.5003	0.0001
638	422.0705	12.8999
639	422.6405	0.0001
640	423.2104	0.0001
641	423.7801	0.0001
642	424.3497	0.0001
643	424.9191	0.0001
644	425.4884	0.0001
645	426.0575	0.0001
646	426.6265	0.0001
647	427.1953	0.0001
648	427.764	0.0001
649	428.3325	0.0001
650	428.9009	0.0001
651	429.4691	0.0001
652	430.0372	0.0001
653	430.6051	0.0001
654	431.1729	0.0001
655	431.7406	13.8999
656	432.308	50.23323
657	432.8754	430.8999
658	433.4426	462.8999
659	434.0096	758.2332
660	434.5765	404.2332
661	435.1432	469.5666
662	435.7099	67.56657
663	436.2763	0.0001
664	436.8426	0.0001
665	437.4088	0.0001
666	437.9748	7.899902
667	438.5406	7.899902
668	439.1063	0.0001
669	439.6719	0.0001
670	440.2373	81.8999
671	440.8025	68.8999
672	441.3676	144.2332
673	441.9326	57.56657
674	442.4974	7.233236
675	443.0621	0.0001
676	443.6266	0.0001
677	444.1909	0.0001
678	444.7552	32.23323
679	445.3192	79.8999
680	445.8831	0.0001
681	446.4469	0.0001
682	447.0105	0.0001
683	447.574	0.0001
684	448.1373	0.0001
685	448.7005	0.0001
686	449.2635	0.0001
687	449.8264	0.0001
688	450.3891	0.0001
689	450.9517	0.0001
690	451.5141	0.0001
691	452.0764	0.0001
692	452.6385	0.0001
693	453.2005	0.0001
694	453.7623	18.56657
695	454.324	24.8999
696	454.8855	0.0001
697	455.4469	20.56657
698	456.0081	39.23323
699	456.5692	88.8999
700	457.1302	0.0001
701	457.691	0.0001
702	458.2516	0.0001
703	458.8121	0.0001
704	459.3724	0.0001
705	459.9326	0.0001
706	460.4927	0.0001
707	461.0526	0.0001
708	461.6123	0.0001
709	462.1719	0.0001
710	462.7314	0.0001
711	463.2906	0.0001
712	463.8498	271.5666
713	464.4088	340.5666
714	464.9676	243.8999
715	465.5263	0.0001
716	466.0849	0.0001
717	466.6433	149.5666
718	467.2015	241.2332
719	467.7596	169.5666
720	468.3176	0.0001
721	468.8754	0.0001
722	469.433	0.0001
723	469.9906	201.2332
724	470.5479	283.2332
725	471.1051	260.8999
726	471.6622	0.0001
727	472.2191	0.0001
728	472.7758	0.0001
729	473.3325	0.0001
730	473.8889	81.23324
731	474.4453	0.0001
732	475.0014	0.0001
733	475.5574	0.0001
734	476.1133	0.0001
735	476.669	0.0001
736	477.2246	0.0001
737	477.78	0.0001
738	478.3353	0.0001
739	478.8904	0.0001
740	479.4453	0.0001
741	480.0002	0.0001
742	480.5548	0.0001
743	481.1093	0.0001
744	481.6637	0.0001
745	482.218	0.0001
746	482.772	0.0001
747	483.3259	0.0001
748	483.8797	0.0001
749	484.4333	0.0001
750	484.9868	0.0001
751	485.5401	0.0001
752	486.0933	223.2332
753	486.6463	206.5666
754	487.1992	290.2332
755	487.752	0.0001
756	488.3045	0.0001
757	488.857	0.0001
758	489.4092	0.0001
759	489.9614	26.56657
760	490.5134	0.0001
761	491.0652	0.0001
762	491.6169	0.0001
763	492.1684	0.0001
764	492.7198	0.0001
765	493.271	0.0001
766	493.8221	0.0001
767	494.373	397.2332
768	494.9238	370.8999
769	495.4745	407.8999
770	496.0249	4.899902
771	496.5753	33.56657
772	497.1255	0.0001
773	497.6755	0.0001
774	498.2254	0.0001
775	498.7751	0.0001
776	499.3247	0.0001
777	499.8742	0.0001
778	500.4235	0.0001
779	500.9726	0.0001
780	501.5216	67.23324
781	502.0704	4.233236
782	502.6191	135.5666
783	503.1677	55.8999
784	503.7161	0.0001
785	504.2643	0.0001
786	504.8124	0.0001
787	505.3604	0.0001
788	505.9081	11.56657
789	506.4558	28.23324
790	507.0033	77.23324
791	507.5506	155.5666
792	508.0978	205.8999
793	508.6449	165.8999
794	509.1917	121.8999
795	509.7385	45.23323
796	510.2851	81.8999
797	510.8315	97.56657
798	511.3778	74.8999
799	511.924	0.0001
800	512.47	0.0001
801	513.0159	220.8999
802	513.5615	246.5666
803	514.1071	268.2332
804	514.6525	31.23324
805	515.1978	56.8999
806	515.7429	66.8999
807	516.2878	114.2332
808	516.8326	144.2332
809	517.3773	144.2332
810	517.9218	125.2332
811	518.4661	171.8999
812	519.0103	203.8999
813	519.5543	164.2332
814	520.0983	90.56657
815	520.642	123.8999
816	521.1856	167.2332
817	521.7291	187.5666
818	522.2723	145.2332
819	522.8155	188.5666
820	523.3585	223.2332
821	523.9014	290.2332
822	524.4441	307.5666
823	524.9866	349.8999
824	525.5291	397.8999
825	526.0713	541.8999
826	526.6134	631.8999
827	527.1553	604.8999
828	527.6971	504.8999
829	528.2388	438.5666
830	528.7803	602.2332
831	529.3217	672.2332
832	529.8629	803.5666
833	530.4039	763.8999
834	530.9448	793.5666
835	531.4856	901.2332
836	532.0262	976.2332
837	532.5667	1071.233
838	533.1069	1142.233
839	533.6471	1260.567
840	534.1871	1265.9
841	534.727	1156.567
842	535.2667	1283.233
843	535.8062	1364.233
844	536.3456	1500.567
845	536.8849	1393.567
846	537.424	1454.9
847	537.963	1535.567
848	538.5018	1670.233
849	539.0404	1736.9
850	539.5789	1807.9
851	540.1172	1875.9
852	540.6555	1943.567
853	541.1935	2052.567
854	541.7314	2144.567
855	542.2692	2215.9
856	542.8068	2224.233
857	543.3442	2281.567
858	543.8815	2408.233
859	544.4187	2406.9
860	544.9557	2432.233
861	545.4926	2586.567
862	546.0293	2826.233
863	546.5659	2922.233
864	547.1022	2899.9
865	547.6385	2894.233
866	548.1746	2915.233
867	548.7106	2951.233
868	549.2463	3016.9
869	549.782	3221.233
870	550.3175	3295.566
871	550.8528	3327.566
872	551.3881	3292.9
873	551.9232	3431.9
874	552.458	3443.9
875	552.9928	3503.566
876	553.5274	3484.9
877	554.0618	3571.233
878	554.5961	3606.9
879	555.1303	3556.233
880	555.6643	3560.233
881	556.1981	3477.566
882	556.7319	3517.566
883	557.2654	3382.233
884	557.7988	3340.233
885	558.332	3961.566
886	558.8652	4090.233
887	559.3981	4080.233
888	559.9309	3389.566
889	560.4636	3320.233
890	560.996	3352.566
891	561.5284	3352.233
892	562.0606	3335.233
893	562.5927	3193.9
894	563.1246	3114.233
895	563.6563	3074.9
896	564.1879	3110.566
897	564.7194	3044.566
898	565.2507	2962.9
899	565.7818	2879.233
900	566.3128	2949.233
901	566.8436	2874.566
902	567.3743	3096.9
903	567.9049	3030.233
904	568.4353	3023.233
905	568.9655	2710.567
906	569.4956	2606.567
907	570.0256	2705.567
908	570.5554	2682.567
909	571.085	2563.9
910	571.6145	2382.233
911	572.1439	2303.9
912	572.673	2277.233
913	573.2021	2185.567
914	573.731	2262.567
915	574.2597	2349.233
916	574.7883	2323.567
917	575.3167	2246.233
918	575.845	2176.9
919	576.3732	2119.567
920	576.9011	2059.9
921	577.429	1999.9
922	577.9567	2112.9
923	578.4842	2091.567
924	579.0116	2072.9
925	579.5388	1948.233
926	580.0659	1928.9
927	580.5928	1982.233
928	581.1196	2019.567
929	581.6463	2064.9
930	582.1727	2022.233
931	582.6991	2058.9
932	583.2253	2140.9
933	583.7513	2200.233
934	584.2772	2268.233
935	584.8029	2260.567
936	585.3285	2222.233
937	585.8539	2172.567
938	586.3792	2102.567
939	586.9044	2101.233
940	587.4293	2372.567
941	587.9542	2319.233
942	588.4788	2311.567
943	589.0034	1962.9
944	589.5277	2071.567
945	590.0519	2063.233
946	590.576	2061.233
947	591.1	2051.567
948	591.6237	2101.233
949	592.1473	2153.233
950	592.6708	2115.233
951	593.1942	2048.233
952	593.7173	2083.9
953	594.2404	2052.567
954	594.7632	2174.9
955	595.2859	2218.9
956	595.8085	2294.9
957	596.3309	2250.233
958	596.8531	2166.567
959	597.3753	2140.567
960	597.8973	2128.233
961	598.4191	2168.233
962	598.9407	2171.567
963	599.4622	2177.9
964	599.9836	2284.233
965	600.5048	2244.9
966	601.0259	2203.9
967	601.5468	2065.567
968	602.0676	2229.9
969	602.5881	2306.233
970	603.1086	2426.567
971	603.6289	2333.567
972	604.149	2452.567
973	604.6691	2296.233
974	605.1889	2258.9
975	605.7086	2460.567
976	606.2282	2480.9
977	606.7476	2432.9
978	607.2668	2080.567
979	607.7859	1989.9
980	608.3049	1980.567
981	608.8237	1931.567
982	609.3423	2027.567
983	609.8608	1985.567
984	610.3792	1936.233
985	610.8974	1872.233
986	611.4154	1851.567
987	611.9333	1807.9
988	612.451	1844.9
989	612.9686	1795.9
990	613.4861	1761.567
991	614.0034	1681.9
992	614.5205	1731.9
993	615.0375	1771.9
994	615.5543	2074.9
995	616.071	2022.233
996	616.5876	2130.233
997	617.1039	1763.567
998	617.6202	1676.567
999	618.1363	1499.9
1000	618.6522	1521.233
1001	619.168	1560.567
1002	619.6836	1477.9
1003	620.1991	1352.233
1004	620.7144	1346.233
1005	621.2296	1330.233
1006	621.7446	1322.233
1007	622.2595	1212.9
1008	622.7742	1197.567
1009	623.2888	1253.233
1010	623.8032	1267.9
1011	624.3175	1638.567
1012	624.8316	1553.567
1013	625.3456	1836.9
1014	625.8594	1540.9
1015	626.373	1560.9
1016	626.8865	1320.233
1017	627.3999	1205.9
1018	627.9131	1130.233
1019	628.4262	1147.233
1020	628.9391	1182.9
1021	629.4519	1295.9
1022	629.9645	1252.233
1023	630.4769	1188.233
1024	630.9893	1114.233
1025	631.5014	1060.233
1026	632.0134	1123.567
1027	632.5253	1196.9
1028	633.037	1174.9
1029	633.5485	1230.9
1030	634.0599	1177.233
1031	634.5712	1124.9
1032	635.0823	1096.233
1033	635.5932	1091.567
1034	636.104	1147.9
1035	636.6146	1014.567
1036	637.1251	922.5666
1037	637.6355	971.5666
1038	638.1457	1043.567
1039	638.6557	1083.9
1040	639.1656	962.5666
1041	639.6754	1040.9
1042	640.1849	1078.567
1043	640.6943	1072.233
1044	641.2036	890.8999
1045	641.7128	742.5666
1046	642.2217	703.2332
1047	642.7306	640.8999
1048	643.2393	688.8999
1049	643.7477	1257.567
1050	644.2562	1320.233
1051	644.7643	1253.567
1052	645.2725	970.8999
1053	645.7803	940.2332
1054	646.2881	1026.9
1055	646.7958	714.8999
1056	647.3032	772.2332
1057	647.8105	735.8999
1058	648.3177	809.5666
1059	648.8247	728.8999
1060	649.3315	720.2332
1061	649.8383	690.5666
1062	650.3448	704.5666
1063	650.8513	693.2332
1064	651.3575	687.2332
1065	651.8636	717.8999
1066	652.3696	697.8999
1067	652.8754	759.8999
1068	653.381	771.8999
1069	653.8865	890.5666
1070	654.3918	799.8999
1071	654.897	742.5666
1072	655.4021	568.2332
1073	655.907	554.2332
1074	656.4117	897.2332
1075	656.9163	939.8999
1076	657.4208	1006.567
1077	657.925	658.8999
1078	658.4292	653.8999
1079	658.9332	528.5666
1080	659.437	457.2332
1081	659.9407	404.8999
1082	660.4442	463.5666
1083	660.9476	493.5666
1084	661.4508	507.8999
1085	661.9539	534.5666
1086	662.4568	585.8999
1087	662.9596	582.5666
1088	663.4622	537.5666
1089	663.9647	449.2332
1090	664.467	481.8999
1091	664.9692	457.8999
1092	665.4712	476.8999
1093	665.9731	417.8999
1094	666.4748	537.8999
1095	666.9763	621.5666
1096	667.4777	629.8999
1097	667.979	488.2332
1098	668.4801	432.5666
1099	668.9811	392.2332
1100	669.4819	380.8999
1101	669.9825	369.8999
1102	670.483	395.8999
1103	670.9833	475.5666
1104	671.4836	386.5666
1105	671.9836	413.8999
1106	672.4835	513.8999
1107	672.9832	608.5666
1108	673.4828	523.8999
1109	673.9822	344.2332
1110	674.4816	242.5666
1111	674.9807	287.8999
1112	675.4797	307.8999
1113	675.9785	354.8999
1114	676.4772	372.8999
1115	676.9757	423.5666
1116	677.4741	434.2332
1117	677.9723	404.5666
1118	678.4704	286.5666
1119	678.9683	219.8999
1120	679.4661	151.5666
1121	679.9637	232.8999
1122	680.4611	343.5666
1123	680.9584	407.5666
1124	681.4556	328.2332
1125	681.9526	254.2332
1126	682.4495	214.2332
1127	682.9462	215.5666
1128	683.4427	242.2332
1129	683.9391	211.5666
1130	684.4354	208.2332
1131	684.9315	206.5666
1132	685.4274	217.5666
1133	685.9232	158.8999
1134	686.4189	483.5666
1135	686.9144	543.5666
1136	687.4097	522.5666
1137	687.9049	287.2332
1138	688.4	262.5666
1139	688.8948	381.8999
1140	689.3896	267.5666
1141	689.8842	286.5666
1142	690.3786	307.5666
1143	690.8729	267.8999
1144	691.367	220.2332
1145	691.861	206.5666
1146	692.3548	229.8999
1147	692.8484	321.2332
1148	693.342	246.5666
1149	693.8353	188.5666
1150	694.3286	120.8999
1151	694.8216	115.8999
1152	695.3145	154.8999
1153	695.8073	210.8999
1154	696.2999	242.8999
1155	696.7924	291.8999
1156	697.2847	189.2332
1157	697.7768	135.8999
1158	698.2688	68.23324
1159	698.7606	137.2332
1160	699.2523	160.8999
1161	699.7439	147.5666
1162	700.2353	111.5666
1163	700.7265	75.8999
1164	701.2176	147.8999
1165	701.7085	92.23324
1166	702.1993	121.5666
1167	702.6899	98.56657
1168	703.1804	81.56657
1169	703.6707	187.8999
1170	704.1609	119.5666
1171	704.6509	271.2332
1172	705.1408	131.2332
1173	705.6305	109.2332
1174	706.1201	0.0001
1175	706.6095	55.56657
1176	707.0988	104.2332
1177	707.5879	119.5666
1178	708.0768	136.8999
1179	708.5656	634.8999
1180	709.0543	652.5666
1181	709.5428	586.8999
1182	710.0311	152.8999
1183	710.5193	118.8999
1184	711.0074	119.5666
1185	711.4953	0.0001
1186	711.983	70.23324
1187	712.4706	52.23323
1188	712.9581	152.8999
1189	713.4453	155.5666
1190	713.9324	127.5666
1191	714.4194	116.5666
1192	714.9063	277.8999
1193	715.3929	668.2332
1194	715.8795	660.2332
1195	716.3658	464.2332
1196	716.8521	59.56657
1197	717.3381	328.5666
1198	717.824	377.8999
1199	718.3098	411.8999
1200	718.7954	81.8999
1201	719.2809	0.0001
1202	719.7662	0.0001
1203	720.2513	0.0001
1204	720.7363	44.23323
1205	721.2212	65.23324
1206	721.7059	27.8999
1207	722.1904	0.0001
1208	722.6748	0.0001
1209	723.1591	16.23324
1210	723.6431	166.5666
1211	724.1271	219.8999
1212	724.6108	147.5666
1213	725.0945	109.2332
1214	725.5779	45.23323
1215	726.0613	108.8999
1216	726.5444	60.8999
1217	727.0275	51.56657
1218	727.5103	0.0001
1219	727.993	0.0001
1220	728.4756	0.0001
1221	728.958	36.23323
1222	729.4403	92.23324
1223	729.9224	91.56657
1224	730.4044	74.56657
1225	730.8862	23.8999
1226	731.3678	0.0001
1227	731.8493	4.233236
1228	732.3306	21.56657
1229	732.8118	8.566569
1230	733.2928	39.56657
1231	733.7737	20.23324
1232	734.2545	106.2332
1233	734.7351	32.23323
1234	735.2155	103.2332
1235	735.6958	53.8999
1236	736.1759	80.56657
1237	736.6559	0.0001
1238	737.1357	0.0001
1239	737.6154	0.0001
1240	738.0949	19.56657
1241	738.5742	0.0001
1242	739.0535	18.23324
1243	739.5325	0.0001
1244	740.0114	0.0001
1245	740.4902	0.0001
1246	740.9688	0.0001
1247	741.4472	20.56657
1248	741.9255	135.5666
1249	742.4036	144.8999
1250	742.8817	75.56657
1251	743.3595	0.0001
1252	743.8372	0.0001
1253	744.3147	0.0001
1254	744.7921	117.2332
1255	745.2693	139.5666
1256	745.7464	145.2332
1257	746.2233	0.0001
1258	746.7001	0.0001
1259	747.1767	318.8999
1260	747.6531	363.8999
1261	748.1295	386.5666
1262	748.6056	0.0001
1263	749.0816	0.0001
1264	749.5575	0.0001
1265	750.0332	0.0001
1266	750.5087	0.0001
1267	750.9841	0.0001
1268	751.4594	0.0001
1269	751.9344	0.0001
1270	752.4094	0.0001
1271	752.8842	0.0001
1272	753.3588	0.0001
1273	753.8333	0.0001
1274	754.3076	0.0001
1275	754.7818	0.0001
1276	755.2558	109.5666
1277	755.7297	300.2332
1278	756.2034	435.5666
1279	756.6769	329.5666
1280	757.1503	144.8999
1281	757.6236	15.56657
1282	758.0967	0.0001
1283	758.5696	0.0001
1284	759.0425	0.0001
1285	759.5151	0.0001
1286	759.9876	290.5666
1287	760.46	311.8999
1288	760.9321	311.8999
1289	761.4042	0.0001
1290	761.876	0.0001
1291	762.3478	0.0001
1292	762.8193	9.233235
1293	763.2908	21.56657
1294	763.762	0.0001
1295	764.2332	0.0001
1296	764.7042	0.0001
1297	765.1749	0.0001
1298	765.6456	0.0001
1299	766.1161	0.0001
1300	766.5865	0.0001
1301	767.0566	0.0001
1302	767.5267	0.0001
1303	767.9966	66.8999
1304	768.4664	65.23324
1305	768.9359	33.23323
1306	769.4054	0.0001
1307	769.8746	0.0001
1308	770.3438	0.0001
1309	770.8127	0.0001
1310	771.2816	0.0001
1311	771.7502	0.0001
1312	772.2188	116.8999
1313	772.6871	59.56657
1314	773.1553	187.2332
1315	773.6234	142.2332
1316	774.0913	167.2332
1317	774.5591	40.8999
1318	775.0267	0.0001
1319	775.4941	0.0001
1320	775.9614	0.0001
1321	776.4286	0.0001
1322	776.8956	0.0001
1323	777.3624	0.0001
1324	777.829	0.0001
1325	778.2956	0.0001
1326	778.762	0.0001
1327	779.2282	0.0001
1328	779.6943	0.0001
1329	780.1602	0.0001
1330	780.626	14.23324
1331	781.0916	20.8999
1332	781.557	0.0001
1333	782.0223	819.8999
1334	782.4875	813.8999
1335	782.9525	891.8999
1336	783.4173	9.233235
1337	783.882	0.0001
1338	784.3466	0.0001
1339	784.8109	0.0001
1340	785.2751	0.0001
1341	785.7393	0.0001
1342	786.2032	0.0001
1343	786.6669	0.0001
1344	787.1306	0.0001
1345	787.5941	0.0001
1346	788.0574	0.0001
1347	788.5205	0.0001
1348	788.9835	69.23324
1349	789.4464	118.2332
1350	789.9091	238.8999
1351	790.3716	0.0001
1352	790.834	19.56657
1353	791.2963	0.0001
1354	791.7584	0.0001
1355	792.2203	0.0001
1356	792.6821	0.0001
1357	793.1437	0.0001
1358	793.6052	0.0001
1359	794.0665	398.5666
1360	794.5276	379.5666
1361	794.9887	325.2332
1362	795.4495	0.0001
1363	795.9103	0.0001
1364	796.3708	0.0001
1365	796.8312	0.0001
1366	797.2914	0.0001
1367	797.7515	0.0001
1368	798.2115	0.0001
1369	798.6713	0.0001
1370	799.1309	0.0001
1371	799.5904	0.0001
1372	800.0497	0.0001
1373	800.5089	0.0001
1374	800.968	0.0001
1375	801.4268	0.0001
1376	801.8855	0.0001
1377	802.3441	0.0001
1378	802.8025	0.0001
1379	803.2607	0.0001
1380	803.7189	0.0001
1381	804.1768	0.0001
1382	804.6346	0.0001
1383	805.0922	0.0001
1384	805.5497	0.0001
1385	806.0071	0.0001
1386	806.4642	0.0001
1387	806.9213	0.0001
1388	807.3782	0.0001
1389	807.8349	0.0001
1390	808.2914	0.0001
1391	808.7479	0.0001
1392	809.2041	0.0001
1393	809.6602	0.0001
1394	810.1161	0.0001
1395	810.572	0.0001
1396	811.0276	22.23324
1397	811.4831	87.23324
1398	811.9385	15.56657
1399	812.3937	0.0001
1400	812.8487	0.0001
1401	813.3036	0.0001
1402	813.7583	0.0001
1403	814.2128	0.0001
1404	814.6673	0.0001
1405	815.1215	0.0001
1406	815.5757	0.0001
1407	816.0296	0.0001
1408	816.4834	0.0001
1409	816.9371	0.0001
1410	817.3906	0.0001
1411	817.8439	35.56657
1412	818.2971	101.5666
1413	818.7501	44.8999
1414	819.203	91.8999
1415	819.6558	11.56657
1416	820.1083	0.0001
1417	820.5607	0.0001
1418	821.013	0.0001
1419	821.4651	0.0001
1420	821.9171	0.0001
1421	822.3689	0.0001
1422	822.8206	12.8999
1423	823.2721	136.2332
1424	823.7234	184.2332
1425	824.1746	86.23324
1426	824.6257	28.23324
1427	825.0765	50.8999
1428	825.5273	4.899902
1429	825.9778	0.0001
1430	826.4283	0.0001
1431	826.8785	0.0001
1432	827.3287	0.0001
1433	827.7786	0.0001
1434	828.2285	0.0001
1435	828.6781	0.0001
1436	829.1276	0.0001
1437	829.577	0.0001
1438	830.0261	0.0001
1439	830.4752	0.0001
1440	830.9241	0.0001
1441	831.3728	72.8999
1442	831.8214	284.8999
1443	832.2698	246.8999
1444	832.7181	163.2332
1445	833.1662	7.233236
1446	833.6141	17.23324
1447	834.062	0.0001
1448	834.5096	0.0001
1449	834.9572	0.0001
1450	835.4045	136.8999
1451	835.8517	270.2332
1452	836.2987	324.2332
1453	836.7456	66.8999
1454	837.1923	0.0001
1455	837.6389	0.0001
1456	838.0853	0.0001
1457	838.5316	0.0001
1458	838.9777	0.0001
1459	839.4237	99.8999
1460	839.8695	119.2332
1461	840.3152	67.56657
1462	840.7607	0.0001
1463	841.206	0.0001
1464	841.6512	146.5666
1465	842.0963	111.5666
1466	842.5411	241.2332
1467	842.9859	14.56657
1468	843.4305	64.56657
1469	843.8749	0.0001
1470	844.3192	0.0001
1471	844.7632	0.0001
1472	845.2072	0.0001
1473	845.6511	0.0001
1474	846.0947	0.0001
1475	846.5382	0.0001
1476	846.9816	0.0001
1477	847.4247	0.0001
1478	847.8678	0.0001
1479	848.3107	0.0001
1480	848.7534	0.0001
1481	849.196	0.0001
1482	849.6384	0.0001
1483	850.0807	0.0001
1484	850.5228	0.0001
1485	850.9647	52.56657
1486	851.4066	11.56657
1487	851.8482	2.233236
1488	852.2897	0.0001
1489	852.7311	0.0001
1490	853.1722	14.8999
1491	853.6133	0.0001
1492	854.0541	0.0001
1493	854.4949	0.0001
1494	854.9355	0.0001
1495	855.3759	0.0001
1496	855.8162	0.0001
1497	856.2563	0.0001
1498	856.6962	26.56657
1499	857.136	0.0001
1500	857.5757	133.2332
1501	858.0152	45.23323
1502	858.4545	128.2332
1503	858.8937	0.0001
1504	859.3328	0.0001
1505	859.7716	0.0001
1506	860.2103	0.0001
1507	860.6489	4.233236
1508	861.0873	28.23324
1509	861.5256	0.0001
1510	861.9637	0.0001
1511	862.4017	0.0001
1512	862.8395	0.0001
1513	863.2771	0.0001
1514	863.7146	0.0001
1515	864.1519	0.0001
1516	864.5891	0.0001
1517	865.0261	0.0001
1518	865.463	55.23323
1519	865.8997	0.0001
1520	866.3363	0.0001
1521	866.7727	0.0001
1522	867.209	0.0001
1523	867.6451	0.0001
1524	868.081	0.0001
1525	868.5168	0.0001
1526	868.9525	0.0001
1527	869.3879	0.0001
1528	869.8232	0.0001
1529	870.2584	0.0001
1530	870.6935	0.0001
1531	871.1284	0.0001
1532	871.563	0.566569
1533	871.9976	0.0001
1534	872.432	46.23323
1535	872.8663	0.0001
1536	873.3004	39.23323
1537	873.7343	44.8999
1538	874.1681	0.0001
1539	874.6017	0.0001
1540	875.0352	0.0001
1541	875.4685	0.0001
1542	875.9017	0.0001
1543	876.3347	0.0001
1544	876.7676	0.0001
1545	877.2003	0.0001
1546	877.6328	0.0001
1547	878.0652	0.0001
1548	878.4974	66.23324
1549	878.9296	0.0001
1550	879.3615	40.56657
1551	879.7933	0.0001
1552	880.2249	130.2332
1553	880.6564	122.8999
1554	881.0877	38.23323
1555	881.5189	0.0001
1556	881.9498	0.0001
1557	882.3807	0.0001
1558	882.8114	0.0001
1559	883.2419	0.0001
1560	883.6723	227.8999
1561	884.1025	218.2332
1562	884.5327	208.5666
1563	884.9626	0.0001
1564	885.3923	14.8999
1565	885.822	32.8999
1566	886.2514	0.0001
1567	886.6807	0.0001
1568	887.1099	0.0001
1569	887.5389	0.0001
1570	887.9677	0.0001
1571	888.3964	0.0001
1572	888.825	0.0001
1573	889.2533	97.56657
1574	889.6815	116.8999
1575	890.1096	74.8999
1576	890.5375	0.0001
1577	890.9653	0.0001
1578	891.3929	0.0001
1579	891.8204	17.23324
1580	892.2477	0.0001
1581	892.6748	0.0001
1582	893.1018	203.8999
1583	893.5286	236.8999
1584	893.9553	246.2332
1585	894.3818	0.0001
1586	894.8082	0.0001
1587	895.2344	0.0001
1588	895.6605	0.0001
1589	896.0864	0.0001
1590	896.5121	0.0001
1591	896.9377	22.23324
1592	897.3632	424.8999
1593	897.7885	822.2332
1594	898.2136	734.8999
1595	898.6385	278.8999
1596	899.0634	0.0001
1597	899.488	0.0001
1598	899.9125	0.0001
1599	900.3369	0.0001
1600	900.7611	0.0001
1601	901.1852	0.0001
1602	901.6091	0.0001
1603	902.0328	0.0001
1604	902.4564	0.0001
1605	902.8798	0.0001
1606	903.303	0.0001
1607	903.7262	0.0001
1608	904.1492	0.0001
1609	904.572	0.0001
1610	904.9946	0.0001
1611	905.4171	0.0001
1612	905.8395	0.0001
1613	906.2617	0.0001
1614	906.6837	0.0001
1615	907.1056	0.0001
1616	907.5273	0.0001
1617	907.9489	0.0001
1618	908.3703	0.0001
1619	908.7915	0.0001
1620	909.2126	0.0001
1621	909.6336	0.0001
1622	910.0544	0.0001
1623	910.475	0.0001
1624	910.8955	0.0001
1625	911.3159	0.0001
1626	911.736	0.0001
1627	912.1561	0.0001
1628	912.5759	0.0001
1629	912.9956	95.23324
1630	913.4152	90.8999
1631	913.8346	54.56657
1632	914.2538	0.0001
1633	914.6729	0.0001
1634	915.0919	0.0001
1635	915.5106	0.0001
1636	915.9293	0.0001
1637	916.3477	0.0001
1638	916.7661	0.0001
1639	917.1842	0.0001
1640	917.6022	0.0001
1641	918.0201	0.0001
1642	918.4377	0.0001
1643	918.8553	0.0001
1644	919.2727	0.0001
1645	919.6899	0.0001
1646	920.107	0.0001
1647	920.5239	46.23323
1648	920.9407	16.8999
1649	921.3573	2.899902
1650	921.7737	0.0001
1651	922.19	0.0001
1652	922.6062	0.0001
1653	923.0222	0.0001
1654	923.438	0.0001
1655	923.8537	0.0001
1656	924.2692	0.0001
1657	924.6846	0.0001
1658	925.0998	0.0001
1659	925.5148	90.8999
1660	925.9297	77.56657
1661	926.3445	93.56657
1662	926.7591	0.0001
1663	927.1735	0.0001
1664	927.5878	0.0001
1665	928.002	0.0001
1666	928.4159	0.0001
1667	928.8297	0.0001
1668	929.2434	58.56657
1669	929.6569	75.23324
1670	930.0703	384.2332
1671	930.4835	241.5666
1672	930.8965	223.5666
1673	931.3094	0.0001
1674	931.7221	0.0001
1675	932.1347	0.0001
1676	932.5471	0.0001
1677	932.9594	0.0001
1678	933.3715	0.0001
1679	933.7834	0.0001
1680	934.1953	0.0001
1681	934.6069	0.0001
1682	935.0184	0.0001
1683	935.4297	1.566569
1684	935.8409	0.0001
1685	936.2519	0.0001
1686	936.6628	0.0001
1687	937.0735	0.0001
1688	937.484	0.0001
1689	937.8944	0.0001
1690	938.3047	0.0001
1691	938.7148	0.0001
1692	939.1247	0.0001
1693	939.5345	280.5666
1694	939.9441	382.2332
1695	940.3536	372.8999
1696	940.7629	79.56657
1697	941.1721	27.56657
1698	941.5811	43.56657
1699	941.9899	0.0001
1700	942.3986	0.0001
1701	942.8071	0.0001
1702	943.2155	56.23323
1703	943.6237	37.56657
1704	944.0318	37.8999
1705	944.4397	0.0001
1706	944.8475	0.0001
1707	945.2551	0.0001
1708	945.6625	0.0001
1709	946.0698	0.0001
1710	946.4769	0.0001
1711	946.8839	0.0001
1712	947.2908	0.0001
1713	947.6974	0.0001
1714	948.1039	0.0001
1715	948.5103	0.0001
1716	948.9165	17.23324
1717	949.3226	85.23324
1718	949.7285	0.0001
1719	950.1342	0.0001
1720	950.5397	0.0001
1721	950.9452	0.0001
1722	951.3505	44.56657
1723	951.7556	77.23324
1724	952.1605	128.5666
1725	952.5653	0.0001
1726	952.97	0.0001
1727	953.3745	0.0001
1728	953.7788	0.0001
1729	954.183	0.0001
1730	954.587	0.0001
1731	954.9909	0.0001
1732	955.3946	0.0001
1733	955.7982	13.23324
1734	956.2015	0.0001
1735	956.6048	0.0001
1736	957.0079	0.0001
1737	957.4108	0.0001
1738	957.8136	72.56657
1739	958.2162	0.0001
1740	958.6187	0.0001
1741	959.0211	0.0001
1742	959.4232	0.0001
1743	959.8252	138.2332
1744	960.2271	243.5666
1745	960.6287	205.5666
1746	961.0303	0.0001
1747	961.4316	0.0001
1748	961.8329	0.0001
1749	962.2339	0.0001
1750	962.6348	0.0001
1751	963.0356	0.0001
1752	963.4362	0.0001
1753	963.8367	0.0001
1754	964.2369	0.0001
1755	964.6371	0.0001
1756	965.037	5.566569
1757	965.4369	138.8999
1758	965.8365	83.8999
1759	966.236	0.0001
1760	966.6354	0.0001
1761	967.0346	0.0001
1762	967.4337	0.0001
1763	967.8325	0.0001
1764	968.2313	0.0001
1765	968.6298	0.0001
1766	969.0283	0.0001
1767	969.4265	0.0001
1768	969.8246	0.0001
1769	970.2226	0.0001
1770	970.6204	0.0001
1771	971.018	0.0001
1772	971.4155	0.0001
1773	971.8128	36.23323
1774	972.21	0.0001
1775	972.607	0.0001
1776	973.0039	0.0001
1777	973.4006	0.0001
1778	973.7971	10.23324
1779	974.1935	484.8999
1780	974.5898	541.8999
1781	974.9858	365.8999
1782	975.3818	16.56657
1783	975.7775	1.899902
1784	976.1732	48.56657
1785	976.5686	0.0001
1786	976.9639	69.8999
1787	977.3591	13.23324
1788	977.754	0.0001
1789	978.1489	0.0001
1790	978.5436	0.0001
1791	978.938	67.56657
1792	979.3325	161.2332
1793	979.7266	109.2332
1794	980.1207	166.2332
1795	980.5146	31.8999
1796	980.9083	31.8999
1797	981.3019	0.0001
1798	981.6954	0.0001
1799	982.0886	0.0001
1800	982.4818	0.0001
1801	982.8747	0.0001
1802	983.2675	0.0001
1803	983.6602	0.0001
1804	984.0527	0.0001
1805	984.445	0.0001
1806	984.8372	0.0001
1807	985.2292	0.0001
1808	985.621	0.0001
1809	986.0128	0.0001
1810	986.4044	0.0001
1811	986.7957	0.0001
1812	987.187	0.0001
1813	987.5781	0.0001
1814	987.969	0.0001
1815	988.3597	0.0001
1816	988.7504	74.8999
1817	989.1409	7.566569
1818	989.5311	0.0001
1819	989.9213	0.0001
1820	990.3113	8.899902
1821	990.7011	0.0001
1822	991.0908	0.0001
1823	991.4803	0.0001
1824	991.8697	0.0001
1825	992.2589	0.0001
1826	992.648	88.8999
1827	993.0369	139.2332
1828	993.4257	125.8999
1829	993.8142	0.0001
1830	994.2026	61.56657
1831	994.5909	50.8999
1832	994.9791	156.5666
1833	995.367	0.0001
1834	995.7548	0.0001
1835	996.1425	0.0001
1836	996.53	0.0001
1837	996.9173	0.0001
1838	997.3045	0.0001
1839	997.6915	0.0001
1840	998.0784	0.0001
1841	998.4651	0.0001
1842	998.8516	67.56657
1843	999.238	70.8999
1844	999.6243	82.23324
1845	1000.01	47.56657
1846	1000.396	101.5666
1847	1000.782	0.0001
1848	1001.168	0.0001
1849	1001.553	289.2332
1850	1001.938	378.8999
1851	1002.324	384.8999
1852	1002.709	0.0001
1853	1003.093	0.0001
1854	1003.478	0.0001
1855	1003.863	0.0001
1856	1004.247	0.0001
1857	1004.631	0.0001
1858	1005.015	0.0001
1859	1005.399	0.0001
1860	1005.783	0.0001
1861	1006.167	0.0001
1862	1006.55	0.0001
1863	1006.933	0.0001
1864	1007.316	0.0001
1865	1007.699	0.0001
1866	1008.082	3.233236
1867	1008.465	0.0001
1868	1008.847	0.0001
1869	1009.23	0.0001
1870	1009.612	0.0001
1871	1009.994	0.0001
1872	1010.376	0.0001
1873	1010.757	0.0001
1874	1011.139	0.0001
1875	1011.52	0.0001
1876	1011.901	0.0001
1877	1012.283	0.0001
1878	1012.664	0.0001
1879	1013.044	0.0001
1880	1013.425	0.0001
1881	1013.805	0.0001
1882	1014.186	0.0001
1883	1014.566	0.0001
1884	1014.946	0.0001
1885	1015.326	0.0001
1886	1015.705	0.0001
1887	1016.085	0.0001
1888	1016.464	0.0001
1889	1016.843	0.0001
1890	1017.222	0.0001
1891	1017.601	0.0001
1892	1017.98	0.0001
1893	1018.359	0.0001
1894	1018.737	0.0001
1895	1019.115	0.0001
1896	1019.493	0.0001
1897	1019.871	0.0001
1898	1020.249	0.0001
1899	1020.627	0.0001
1900	1021.004	0.0001
1901	1021.382	0.0001
1902	1021.759	0.0001
1903	1022.136	0.0001
1904	1022.513	0.0001
1905	1022.889	0.0001
1906	1023.266	0.0001
1907	1023.642	0.0001
1908	1024.018	0.0001
1909	1024.395	0.0001
1910	1024.77	0.0001
1911	1025.146	0.0001
1912	1025.522	0.0001
1913	1025.897	0.0001
1914	1026.272	0.0001
1915	1026.648	0.0001
1916	1027.023	0.0001
1917	1027.397	0.0001
1918	1027.772	64.56657
1919	1028.146	0.0001
1920	1028.521	0.0001
1921	1028.895	0.0001
1922	1029.269	0.0001
1923	1029.643	0.0001
1924	1030.017	0.0001
1925	1030.39	0.0001
1926	1030.764	0.0001
1927	1031.137	0.0001
1928	1031.51	0.0001
1929	1031.883	0.0001
1930	1032.256	343.5666
1931	1032.628	579.8999
1932	1033.001	458.2332
1933	1033.373	165.2332
1934	1033.745	0.0001
1935	1034.117	0.0001
1936	1034.489	0.0001
1937	1034.861	0.0001
1938	1035.232	0.0001
1939	1035.604	0.0001
1940	1035.975	0.0001
1941	1036.346	0.0001
1942	1036.717	0.0001
1943	1037.088	259.8999
1944	1037.458	254.5666
1945	1037.828	212.8999
1946	1038.199	0.0001
1947	1038.569	0.0001
1948	1038.939	0.0001
1949	1039.309	0.0001
1950	1039.678	0.0001
1951	1040.048	0.0001
1952	1040.417	0.0001
1953	1040.786	0.0001
1954	1041.155	0.0001
1955	1041.524	0.0001
1956	1041.893	0.0001
1957	1042.261	0.0001
1958	1042.63	0.0001
1959	1042.998	0.0001
1960	1043.366	0.0001
1961	1043.734	0.0001
1962	1044.102	0.0001
1963	1044.469	0.0001
1964	1044.837	0.0001
1965	1045.204	0.0001
1966	1045.571	0.0001
1967	1045.938	0.0001
1968	1046.305	0.0001
1969	1046.672	0.0001
1970	1047.038	0.0001
1971	1047.404	0.0001
1972	1047.771	0.0001
1973	1048.136	0.0001
1974	1048.502	16.8999
1975	1048.868	66.23324
1976	1049.234	44.56657
1977	1049.599	0.0001
1978	1049.964	0.0001
1979	1050.329	0.0001
1980	1050.694	83.8999
1981	1051.059	163.8999
1982	1051.424	214.5666
1983	1051.788	0.0001
1984	1052.152	0.0001
1985	1052.516	0.0001
1986	1052.88	42.56657
1987	1053.244	67.8999
1988	1053.608	85.8999
1989	1053.971	110.5666
1990	1054.335	113.5666
1991	1054.698	242.8999
1992	1055.061	50.23323
1993	1055.424	0.0001
1994	1055.787	0.0001
1995	1056.149	0.0001
1996	1056.512	105.5666
1997	1056.874	0.0001
1998	1057.236	0.0001
1999	1057.598	0.0001
2000	1057.96	0.0001
2001	1058.321	0.0001
2002	1058.683	0.0001
2003	1059.044	0.0001
2004	1059.405	23.23324
2005	1059.766	28.56657
2006	1060.127	0.0001
2007	1060.488	0.0001
2008	1060.848	0.0001
2009	1061.209	0.0001
2010	1061.569	0.0001
2011	1061.929	71.8999
2012	1062.289	39.23323
2013	1062.648	0.0001
2014	1063.008	14.8999
2015	1063.367	493.5666
2016	1063.727	588.2332
2017	1064.086	545.8999
2018	1064.445	135.2332
2019	1064.804	0.0001
2020	1065.162	0.0001
2021	1065.521	212.8999
2022	1065.879	267.5666
2023	1066.237	298.2332
2024	1066.595	0.0001
2025	1066.953	0.0001
2026	1067.311	0.0001
2027	1067.668	0.0001
2028	1068.026	0.0001
2029	1068.383	0.0001
2030	1068.74	0.0001
2031	1069.097	0.0001
2032	1069.453	0.0001
2033	1069.81	0.0001
2034	1070.166	23.23324
2035	1070.523	0.0001
2036	1070.879	0.0001
2037	1071.235	0.0001
2038	1071.591	0.0001
2039	1071.946	9.899902
2040	1072.302	30.56657
2041	1072.657	66.56657
2042	1073.012	0.0001
2043	1073.367	56.8999
2044	1073.722	0.0001
2045	1074.077	0.0001
2046	1074.431	0.0001
2047	1074.786	0.0001
